0	-5	0.01	0	0	-5	0.01	0	0
1	-5	0.012	-2e-05	0	-5	0.012	-2e-05	0
2	-5	0.015	0	0	-5	0.015	0	0
3	-5	0.02	-2e-05	0	-5	0.02	-2e-05	0
4	-5	0.047	-6e-05	0	-5	0.047	-6e-05	0
5	-4	0.003	0	0	-4	0.003	0	0
6	-4	0.018	-2e-05	0	-4	0.018	-2e-05	0
7	-4	0.035	-4e-05	0	-4	0.035	-4e-05	0
8	-3	-0.008	2e-05	0	-3	-0.008	2e-05	0
9	-3	0.006	0	0	-3	0.006	0	0
10	-3	0.007	0	0	-3	0.007	0	0
11	-3	0.008	0	0	-3	0.008	0	0
12	-3	0.009	0	0	-3	0.009	0	0
13	-3	0.014	-2e-05	0	-3	0.014	-2e-05	0
14	-3	0.015	-2e-05	0	-3	0.015	-2e-05	0
15	-3	0.016	-2e-05	0	-3	0.016	-2e-05	0
16	-3	0.017	-2e-05	0	-3	0.017	-2e-05	0
17	-3	0.018	-2e-05	0	-3	0.018	-2e-05	0
18	-3	0.019	-2e-05	0	-3	0.019	-2e-05	0
19	-3	0.02	-2e-05	0	-3	0.02	-2e-05	0
20	-3	0.021	-2e-05	0	-3	0.021	-2e-05	0
21	-3	0.026	-4e-05	0	-3	0.026	-4e-05	0
22	-3	0.03	-4e-05	0	-3	0.03	-4e-05	0
23	-3	0.033	-4e-05	0	-3	0.033	-4e-05	0
24	-2	-0.005	2e-05	0	-2	-0.005	2e-05	0
25	-2	0.001	0	0	-2	0.001	0	0
26	-2	0.002	0	0	-2	0.002	0	0
27	-2	0.003	0	0	-2	0.003	0	0
28	-2	0.004	0	0	-2	0.004	0	0
29	-2	0.005	0	0	-2	0.005	0	0
30	-2	0.006	0	0	-2	0.006	0	0
31	-2	0.007	0	0	-2	0.007	0	0
32	-2	0.013	-2e-05	0	-2	0.013	-2e-05	0
33	-2	0.014	-2e-05	0	-2	0.014	-2e-05	0
34	-2	0.015	-2e-05	0	-2	0.015	-2e-05	0
35	-2	0.016	-2e-05	0	-2	0.016	-2e-05	0
36	-2	0.017	-2e-05	0	-2	0.017	-2e-05	0
37	-2	0.018	-2e-05	0	-2	0.018	-2e-05	0
38	-2	0.02	-2e-05	0	-2	0.02	-2e-05	0
39	-1	-0.003	0	0	-1	-0.003	0	0
40	-1	-0.002	0	0	-1	-0.002	0	0
41	-1	-0.001	0	0	-1	-0.001	0	0
42	-1	0	0	0	-1	0	0	0
43	-1	0.001	0	0	-1	0.001	0	0
44	-1	0.002	0	0	-1	0.002	0	0
45	-1	0.003	0	0	-1	0.003	0	0
46	-1	0.004	0	0	-1	0.004	0	0
47	-1	0.005	0	0	-1	0.005	0	0
48	-1	0.006	0	0	-1	0.006	0	0
49	-1	0.008	0	0	-1	0.008	0	0
50	-1	0.012	-2e-05	0	-1	0.012	-2e-05	0
51	-1	0.013	-2e-05	0	-1	0.013	-2e-05	0
52	-1	0.014	-2e-05	0	-1	0.014	-2e-05	0
53	-1	0.015	-2e-05	0	-1	0.015	-2e-05	0
54	-1	0.02	-2e-05	0	-1	0.02	-2e-05	0
55	0	-0.012	2e-05	0	0	-0.012	2e-05	0
56	0	-0.011	2e-05	0	0	-0.011	2e-05	0
57	0	-0.004	0	0	0	-0.004	0	0
58	0	-0.003	0	0	0	-0.003	0	0
59	0	-0.002	0	0	0	-0.002	0	0
60	0	-0.001	0	0	0	-0.001	0	0
61	0	0	0	0	0	0	0	0
62	0	0.001	0	0	0	0.001	0	0
63	0	0.002	0	0	0	0.002	0	0
64	0	0.003	0	0	0	0.003	0	0
65	0	0.004	0	0	0	0.004	0	0
66	0	0.005	-2e-05	0	0	0.005	-2e-05	0
67	0	0.009	-2e-05	0	0	0.009	-2e-05	0
68	0	0.011	-2e-05	0	0	0.011	-2e-05	0
69	0	0.012	-2e-05	0	0	0.012	-2e-05	0
70	1	-0.015	2e-05	0	1	-0.015	2e-05	0
71	1	-0.014	2e-05	0	1	-0.014	2e-05	0
72	1	-0.013	2e-05	0	1	-0.013	2e-05	0
73	1	-0.012	2e-05	0	1	-0.012	2e-05	0
74	1	-0.006	0	0	1	-0.006	0	0
75	1	-0.005	0	0	1	-0.005	0	0
76	1	-0.004	0	0	1	-0.004	0	0
77	1	-0.003	0	0	1	-0.003	0	0
78	1	-0.002	0	0	1	-0.002	0	0
79	1	-0.001	0	0	1	-0.001	0	0
80	1	0	0	0	1	0	0	0
81	1	0.001	0	0	1	0.001	0	0
82	1	0.002	0	0	1	0.002	0	0
83	1	0.003	0	0	1	0.003	0	0
84	1	0.007	-2e-05	0	1	0.007	-2e-05	0
85	1	0.016	-2e-05	0	1	0.016	-2e-05	0
86	2	-0.018	2e-05	0	2	-0.018	2e-05	0
87	2	-0.017	2e-05	0	2	-0.017	2e-05	0
88	2	-0.016	2e-05	0	2	-0.016	2e-05	0
89	2	-0.015	2e-05	0	2	-0.015	2e-05	0
90	2	-0.014	2e-05	0	2	-0.014	2e-05	0
91	2	-0.013	2e-05	0	2	-0.013	2e-05	0
92	2	-0.01	2e-05	0	2	-0.01	2e-05	0
93	2	-0.009	0	0	2	-0.009	0	0
94	2	-0.007	0	0	2	-0.007	0	0
95	2	-0.006	0	0	2	-0.006	0	0
96	2	-0.005	0	0	2	-0.005	0	0
97	2	-0.004	0	0	2	-0.004	0	0
98	2	-0.003	0	0	2	-0.003	0	0
99	2	-0.002	0	0	2	-0.002	0	0
100	2	-0.001	0	0	2	-0.001	0	0
101	2	0.006	0	0	2	0.006	0	0
102	3	-0.021	2e-05	0	3	-0.021	2e-05	0
103	3	-0.02	2e-05	0	3	-0.02	2e-05	0
104	3	-0.019	2e-05	0	3	-0.019	2e-05	0
105	3	-0.018	2e-05	0	3	-0.018	2e-05	0
106	3	-0.017	2e-05	0	3	-0.017	2e-05	0
107	3	-0.016	2e-05	0	3	-0.016	2e-05	0
108	3	-0.015	2e-05	0	3	-0.015	2e-05	0
109	3	-0.014	2e-05	0	3	-0.014	2e-05	0
110	3	-0.011	2e-05	0	3	-0.011	2e-05	0
111	3	-0.009	0	0	3	-0.009	0	0
112	3	-0.008	0	0	3	-0.008	0	0
113	3	-0.007	0	0	3	-0.007	0	0
114	3	-0.006	0	0	3	-0.006	0	0
115	3	0.002	0	0	3	0.002	0	0
116	4	-0.034	4e-05	0	4	-0.034	4e-05	0
117	4	-0.028	4e-05	0	4	-0.028	4e-05	0
118	4	-0.026	4e-05	0	4	-0.026	4e-05	0
119	4	-0.023	2e-05	0	4	-0.023	2e-05	0
120	4	-0.022	2e-05	0	4	-0.022	2e-05	0
121	4	-0.021	2e-05	0	4	-0.021	2e-05	0
122	4	-0.02	2e-05	0	4	-0.02	2e-05	0
123	4	-0.019	2e-05	0	4	-0.019	2e-05	0
124	4	-0.018	2e-05	0	4	-0.018	2e-05	0
125	4	-0.017	2e-05	0	4	-0.017	2e-05	0
126	4	-0.016	2e-05	0	4	-0.016	2e-05	0
127	4	0.002	-2e-05	0	4	0.002	-2e-05	0
128	5	-0.034	4e-05	0	5	-0.034	4e-05	0
129	-5	0.009	0	0	-5	0.009	0	0
130	-5	0.01	0	0	-5	0.01	0	0
131	-5	0.017	0	0	-5	0.017	0	0
132	-5	0.029	-4e-05	0	-5	0.029	-4e-05	0
133	-5	0.032	-4e-05	0	-5	0.032	-4e-05	0
134	-4	0.015	-2e-05	0	-4	0.015	-2e-05	0
135	-4	0.016	-2e-05	0	-4	0.016	-2e-05	0
136	-4	0.019	-2e-05	0	-4	0.019	-2e-05	0
137	-4	0.022	-2e-05	0	-4	0.022	-2e-05	0
138	-4	0.023	-2e-05	0	-4	0.023	-2e-05	0
139	-3	-0.007	2e-05	0	-3	-0.007	2e-05	0
140	-3	-0.004	2e-05	0	-3	-0.004	2e-05	0
141	-3	0.006	0	0	-3	0.006	0	0
142	-3	0.007	0	0	-3	0.007	0	0
143	-3	0.008	0	0	-3	0.008	0	0
144	-3	0.009	0	0	-3	0.009	0	0
145	-3	0.014	-2e-05	0	-3	0.014	-2e-05	0
146	-3	0.015	-2e-05	0	-3	0.015	-2e-05	0
147	-3	0.016	-2e-05	0	-3	0.016	-2e-05	0
148	-3	0.017	-2e-05	0	-3	0.017	-2e-05	0
149	-3	0.018	-2e-05	0	-3	0.018	-2e-05	0
150	-3	0.019	-2e-05	0	-3	0.019	-2e-05	0
151	-3	0.02	-2e-05	0	-3	0.02	-2e-05	0
152	-3	0.021	-2e-05	0	-3	0.021	-2e-05	0
153	-3	0.027	-4e-05	0	-3	0.027	-4e-05	0
154	-2	-0.009	2e-05	0	-2	-0.009	2e-05	0
155	-2	-0.006	0	0	-2	-0.006	0	0
156	-2	-0.003	0	0	-2	-0.003	0	0
157	-2	0.001	0	0	-2	0.001	0	0
158	-2	0.002	0	0	-2	0.002	0	0
159	-2	0.003	0	0	-2	0.003	0	0
160	-2	0.004	0	0	-2	0.004	0	0
161	-2	0.005	0	0	-2	0.005	0	0
162	-2	0.006	0	0	-2	0.006	0	0
163	-2	0.007	0	0	-2	0.007	0	0
164	-2	0.013	-2e-05	0	-2	0.013	-2e-05	0
165	-2	0.014	-2e-05	0	-2	0.014	-2e-05	0
166	-2	0.015	-2e-05	0	-2	0.015	-2e-05	0
167	-2	0.016	-2e-05	0	-2	0.016	-2e-05	0
168	-2	0.017	-2e-05	0	-2	0.017	-2e-05	0
169	-2	0.018	-2e-05	0	-2	0.018	-2e-05	0
170	-2	0.02	-2e-05	0	-2	0.02	-2e-05	0
171	-2	0.021	-2e-05	0	-2	0.021	-2e-05	0
172	-2	0.025	-4e-05	0	-2	0.025	-4e-05	0
173	-1	-0.003	0	0	-1	-0.003	0	0
174	-1	-0.002	0	0	-1	-0.002	0	0
175	-1	-0.001	0	0	-1	-0.001	0	0
176	-1	0	0	0	-1	0	0	0
177	-1	0.001	0	0	-1	0.001	0	0
178	-1	0.002	0	0	-1	0.002	0	0
179	-1	0.003	0	0	-1	0.003	0	0
180	-1	0.004	0	0	-1	0.004	0	0
181	-1	0.005	0	0	-1	0.005	0	0
182	-1	0.006	0	0	-1	0.006	0	0
183	-1	0.012	-2e-05	0	-1	0.012	-2e-05	0
184	-1	0.013	-2e-05	0	-1	0.013	-2e-05	0
185	-1	0.014	-2e-05	0	-1	0.014	-2e-05	0
186	-1	0.015	-2e-05	0	-1	0.015	-2e-05	0
187	-1	0.016	-2e-05	0	-1	0.016	-2e-05	0
188	-1	0.02	-2e-05	0	-1	0.02	-2e-05	0
189	-1	0.027	-4e-05	0	-1	0.027	-4e-05	0
190	0	-0.012	2e-05	0	0	-0.012	2e-05	0
191	0	-0.011	2e-05	0	0	-0.011	2e-05	0
192	0	-0.004	0	0	0	-0.004	0	0
193	0	-0.003	0	0	0	-0.003	0	0
194	0	-0.002	0	0	0	-0.002	0	0
195	0	-0.001	0	0	0	-0.001	0	0
196	0	0	0	0	0	0	0	0
197	0	0.001	0	0	0	0.001	0	0
198	0	0.002	0	0	0	0.002	0	0
199	0	0.003	0	0	0	0.003	0	0
200	0	0.004	0	0	0	0.004	0	0
201	0	0.009	-2e-05	0	0	0.009	-2e-05	0
202	0	0.011	-2e-05	0	0	0.011	-2e-05	0
203	0	0.012	-2e-05	0	0	0.012	-2e-05	0
204	1	-0.023	4e-05	0	1	-0.023	4e-05	0
205	1	-0.019	2e-05	0	1	-0.019	2e-05	0
206	1	-0.015	2e-05	0	1	-0.015	2e-05	0
207	1	-0.014	2e-05	0	1	-0.014	2e-05	0
208	1	-0.013	2e-05	0	1	-0.013	2e-05	0
209	1	-0.012	2e-05	0	1	-0.012	2e-05	0
210	1	-0.008	0	0	1	-0.008	0	0
211	1	-0.006	0	0	1	-0.006	0	0
212	1	-0.005	0	0	1	-0.005	0	0
213	1	-0.004	0	0	1	-0.004	0	0
214	1	-0.003	0	0	1	-0.003	0	0
215	1	-0.002	0	0	1	-0.002	0	0
216	1	-0.001	0	0	1	-0.001	0	0
217	1	0	0	0	1	0	0	0
218	1	0.001	0	0	1	0.001	0	0
219	1	0.002	0	0	1	0.002	0	0
220	1	0.003	0	0	1	0.003	0	0
221	2	-0.029	4e-05	0	2	-0.029	4e-05	0
222	2	-0.027	4e-05	0	2	-0.027	4e-05	0
223	2	-0.018	2e-05	0	2	-0.018	2e-05	0
224	2	-0.017	2e-05	0	2	-0.017	2e-05	0
225	2	-0.016	2e-05	0	2	-0.016	2e-05	0
226	2	-0.015	2e-05	0	2	-0.015	2e-05	0
227	2	-0.014	2e-05	0	2	-0.014	2e-05	0
228	2	-0.013	2e-05	0	2	-0.013	2e-05	0
229	2	-0.01	0	0	2	-0.01	0	0
230	2	-0.007	0	0	2	-0.007	0	0
231	2	-0.006	0	0	2	-0.006	0	0
232	2	-0.005	0	0	2	-0.005	0	0
233	2	-0.004	0	0	2	-0.004	0	0
234	2	-0.003	0	0	2	-0.003	0	0
235	2	-0.002	0	0	2	-0.002	0	0
236	2	-0.001	0	0	2	-0.001	0	0
237	2	0.003	0	0	2	0.003	0	0
238	2	0.012	-2e-05	0	2	0.012	-2e-05	0
239	3	-0.021	2e-05	0	3	-0.021	2e-05	0
240	3	-0.02	2e-05	0	3	-0.02	2e-05	0
241	3	-0.019	2e-05	0	3	-0.019	2e-05	0
242	3	-0.018	2e-05	0	3	-0.018	2e-05	0
243	3	-0.017	2e-05	0	3	-0.017	2e-05	0
244	3	-0.016	2e-05	0	3	-0.016	2e-05	0
245	3	-0.015	2e-05	0	3	-0.015	2e-05	0
246	3	-0.014	2e-05	0	3	-0.014	2e-05	0
247	3	-0.011	0	0	3	-0.011	0	0
248	3	-0.009	0	0	3	-0.009	0	0
249	3	-0.008	0	0	3	-0.008	0	0
250	3	-0.007	0	0	3	-0.007	0	0
251	3	-0.006	0	0	3	-0.006	0	0
252	3	0.001	0	0	3	0.001	0	0
253	4	-0.023	2e-05	0	4	-0.023	2e-05	0
254	4	-0.022	2e-05	0	4	-0.022	2e-05	0
255	4	-0.021	2e-05	0	4	-0.021	2e-05	0
256	4	-0.02	2e-05	0	4	-0.02	2e-05	0
257	4	-0.019	2e-05	0	4	-0.019	2e-05	0
258	4	-0.018	2e-05	0	4	-0.018	2e-05	0
259	4	-0.017	2e-05	0	4	-0.017	2e-05	0
260	4	-0.016	2e-05	0	4	-0.016	2e-05	0
261	4	-0.003	0	0	4	-0.003	0	0
262	4	0.002	-2e-05	0	4	0.002	-2e-05	0
263	4	0.004	-2e-05	0	4	0.004	-2e-05	0
264	5	-0.035	4e-05	0	5	-0.035	4e-05	0
265	5	-0.029	4e-05	0	5	-0.029	4e-05	0
266	-5	0.012	0	0	-5	0.012	0	0
267	-5	0.015	-2e-05	0	-5	0.015	-2e-05	0
268	-5	0.021	-2e-05	0	-5	0.021	-2e-05	0
269	-5	0.028	-2e-05	0	-5	0.028	-2e-05	0
270	-5	0.029	-4e-05	0	-5	0.029	-4e-05	0
271	-5	0.032	-4e-05	0	-5	0.032	-4e-05	0
272	-4	-0.003	2e-05	0	-4	-0.003	2e-05	0
273	-4	0.008	0	0	-4	0.008	0	0
274	-4	0.01	0	0	-4	0.01	0	0
275	-4	0.013	0	0	-4	0.013	0	0
276	-4	0.016	-2e-05	0	-4	0.016	-2e-05	0
277	-4	0.017	-2e-05	0	-4	0.017	-2e-05	0
278	-4	0.018	-2e-05	0	-4	0.018	-2e-05	0
279	-4	0.019	-2e-05	0	-4	0.019	-2e-05	0
280	-4	0.02	-2e-05	0	-4	0.02	-2e-05	0
281	-4	0.021	-2e-05	0	-4	0.021	-2e-05	0
282	-4	0.022	-2e-05	0	-4	0.022	-2e-05	0
283	-4	0.023	-2e-05	0	-4	0.023	-2e-05	0
284	-4	0.024	-2e-05	0	-4	0.024	-2e-05	0
285	-4	0.026	-2e-05	0	-4	0.026	-2e-05	0
286	-4	0.029	-4e-05	0	-4	0.029	-4e-05	0
287	-4	0.033	-4e-05	0	-4	0.033	-4e-05	0
288	-4	0.034	-4e-05	0	-4	0.034	-4e-05	0
289	-3	-0.006	2e-05	0	-3	-0.006	2e-05	0
290	-3	0.001	0	0	-3	0.001	0	0
291	-3	0.004	0	0	-3	0.004	0	0
292	-3	0.006	0	0	-3	0.006	0	0
293	-3	0.007	0	0	-3	0.007	0	0
294	-3	0.008	0	0	-3	0.008	0	0
295	-3	0.009	0	0	-3	0.009	0	0
296	-3	0.01	0	0	-3	0.01	0	0
297	-3	0.014	-2e-05	0	-3	0.014	-2e-05	0
298	-3	0.015	-2e-05	0	-3	0.015	-2e-05	0
299	-3	0.016	-2e-05	0	-3	0.016	-2e-05	0
300	-3	0.017	-2e-05	0	-3	0.017	-2e-05	0
301	-3	0.018	-2e-05	0	-3	0.018	-2e-05	0
302	-3	0.019	-2e-05	0	-3	0.019	-2e-05	0
303	-3	0.02	-2e-05	0	-3	0.02	-2e-05	0
304	-3	0.021	-2e-05	0	-3	0.021	-2e-05	0
305	-2	-0.005	0	0	-2	-0.005	0	0
306	-2	-0.002	0	0	-2	-0.002	0	0
307	-2	0.001	0	0	-2	0.001	0	0
308	-2	0.002	0	0	-2	0.002	0	0
309	-2	0.003	0	0	-2	0.003	0	0
310	-2	0.004	0	0	-2	0.004	0	0
311	-2	0.005	0	0	-2	0.005	0	0
312	-2	0.006	0	0	-2	0.006	0	0
313	-2	0.007	0	0	-2	0.007	0	0
314	-2	0.01	-2e-05	0	-2	0.01	-2e-05	0
315	-2	0.011	-2e-05	0	-2	0.011	-2e-05	0
316	-2	0.011	0	0	-2	0.011	0	0
317	-2	0.013	-2e-05	0	-2	0.013	-2e-05	0
318	-2	0.014	-2e-05	0	-2	0.014	-2e-05	0
319	-2	0.015	-2e-05	0	-2	0.015	-2e-05	0
320	-2	0.016	-2e-05	0	-2	0.016	-2e-05	0
321	-2	0.017	-2e-05	0	-2	0.017	-2e-05	0
322	-2	0.018	-2e-05	0	-2	0.018	-2e-05	0
323	-2	0.022	-2e-05	0	-2	0.022	-2e-05	0
324	-1	-0.015	2e-05	0	-1	-0.015	2e-05	0
325	-1	-0.003	0	0	-1	-0.003	0	0
326	-1	-0.002	0	0	-1	-0.002	0	0
327	-1	-0.001	0	0	-1	-0.001	0	0
328	-1	0	0	0	-1	0	0	0
329	-1	0.001	0	0	-1	0.001	0	0
330	-1	0.002	0	0	-1	0.002	0	0
331	-1	0.003	0	0	-1	0.003	0	0
332	-1	0.004	0	0	-1	0.004	0	0
333	-1	0.005	0	0	-1	0.005	0	0
334	-1	0.006	0	0	-1	0.006	0	0
335	-1	0.012	-2e-05	0	-1	0.012	-2e-05	0
336	-1	0.013	-2e-05	0	-1	0.013	-2e-05	0
337	-1	0.014	-2e-05	0	-1	0.014	-2e-05	0
338	-1	0.015	-2e-05	0	-1	0.015	-2e-05	0
339	-1	0.019	-2e-05	0	-1	0.019	-2e-05	0
340	0	-0.017	2e-05	0	0	-0.017	2e-05	0
341	0	-0.012	2e-05	0	0	-0.012	2e-05	0
342	0	-0.011	2e-05	0	0	-0.011	2e-05	0
343	0	-0.004	0	0	0	-0.004	0	0
344	0	-0.003	0	0	0	-0.003	0	0
345	0	-0.002	0	0	0	-0.002	0	0
346	0	-0.001	0	0	0	-0.001	0	0
347	0	0	0	0	0	0	0	0
348	0	0.001	0	0	0	0.001	0	0
349	0	0.002	0	0	0	0.002	0	0
350	0	0.003	0	0	0	0.003	0	0
351	0	0.004	0	0	0	0.004	0	0
352	0	0.01	-2e-05	0	0	0.01	-2e-05	0
353	0	0.011	-2e-05	0	0	0.011	-2e-05	0
354	0	0.012	-2e-05	0	0	0.012	-2e-05	0
355	0	0.015	-2e-05	0	0	0.015	-2e-05	0
356	1	-0.024	4e-05	0	1	-0.024	4e-05	0
357	1	-0.015	2e-05	0	1	-0.015	2e-05	0
358	1	-0.014	2e-05	0	1	-0.014	2e-05	0
359	1	-0.013	2e-05	0	1	-0.013	2e-05	0
360	1	-0.012	2e-05	0	1	-0.012	2e-05	0
361	1	-0.006	0	0	1	-0.006	0	0
362	1	-0.005	0	0	1	-0.005	0	0
363	1	-0.004	0	0	1	-0.004	0	0
364	1	-0.003	0	0	1	-0.003	0	0
365	1	-0.002	0	0	1	-0.002	0	0
366	1	-0.001	0	0	1	-0.001	0	0
367	1	0	0	0	1	0	0	0
368	1	0.001	0	0	1	0.001	0	0
369	1	0.002	0	0	1	0.002	0	0
370	1	0.003	0	0	1	0.003	0	0
371	1	0.007	0	0	1	0.007	0	0
372	1	0.009	-2e-05	0	1	0.009	-2e-05	0
373	2	-0.026	4e-05	0	2	-0.026	4e-05	0
374	2	-0.018	2e-05	0	2	-0.018	2e-05	0
375	2	-0.017	2e-05	0	2	-0.017	2e-05	0
376	2	-0.016	2e-05	0	2	-0.016	2e-05	0
377	2	-0.015	2e-05	0	2	-0.015	2e-05	0
378	2	-0.014	2e-05	0	2	-0.014	2e-05	0
379	2	-0.013	2e-05	0	2	-0.013	2e-05	0
380	2	-0.007	0	0	2	-0.007	0	0
381	2	-0.006	0	0	2	-0.006	0	0
382	2	-0.005	0	0	2	-0.005	0	0
383	2	-0.004	0	0	2	-0.004	0	0
384	2	-0.003	0	0	2	-0.003	0	0
385	2	-0.002	0	0	2	-0.002	0	0
386	2	-0.001	0	0	2	-0.001	0	0
387	2	0.006	0	0	2	0.006	0	0
388	2	0.011	-2e-05	0	2	0.011	-2e-05	0
389	3	-0.03	4e-05	0	3	-0.03	4e-05	0
390	3	-0.021	2e-05	0	3	-0.021	2e-05	0
391	3	-0.02	2e-05	0	3	-0.02	2e-05	0
392	3	-0.019	2e-05	0	3	-0.019	2e-05	0
393	3	-0.018	2e-05	0	3	-0.018	2e-05	0
394	3	-0.017	2e-05	0	3	-0.017	2e-05	0
395	3	-0.016	2e-05	0	3	-0.016	2e-05	0
396	3	-0.015	2e-05	0	3	-0.015	2e-05	0
397	3	-0.014	2e-05	0	3	-0.014	2e-05	0
398	3	-0.011	2e-05	0	3	-0.011	2e-05	0
399	3	-0.009	0	0	3	-0.009	0	0
400	3	-0.008	0	0	3	-0.008	0	0
401	3	-0.007	0	0	3	-0.007	0	0
402	3	-0.006	0	0	3	-0.006	0	0
403	3	-0.002	0	0	3	-0.002	0	0
404	3	0.002	-2e-05	0	3	0.002	-2e-05	0
405	3	0.003	-2e-05	0	3	0.003	-2e-05	0
406	4	-0.023	2e-05	0	4	-0.023	2e-05	0
407	4	-0.022	2e-05	0	4	-0.022	2e-05	0
408	4	-0.021	2e-05	0	4	-0.021	2e-05	0
409	4	-0.02	2e-05	0	4	-0.02	2e-05	0
410	4	-0.019	2e-05	0	4	-0.019	2e-05	0
411	4	-0.018	2e-05	0	4	-0.018	2e-05	0
412	4	-0.017	2e-05	0	4	-0.017	2e-05	0
413	4	-0.016	2e-05	0	4	-0.016	2e-05	0
414	4	-0.012	0	0	4	-0.012	0	0
415	5	-0.035	4e-05	0	5	-0.035	4e-05	0
416	5	-0.03	4e-05	0	5	-0.03	4e-05	0
417	5	-0.028	4e-05	0	5	-0.028	4e-05	0
418	5	-0.019	2e-05	0	5	-0.019	2e-05	0
419	5	-0.017	0	0	5	-0.017	0	0
420	-5	0.005	0	0	-5	0.005	0	0
421	-5	0.009	0	0	-5	0.009	0	0
422	-5	0.016	-2e-05	0	-5	0.016	-2e-05	0
423	-5	0.018	-2e-05	0	-5	0.018	-2e-05	0
424	-5	0.035	-4e-05	0	-5	0.035	-4e-05	0
425	-5	0.036	-4e-05	0	-5	0.036	-4e-05	0
426	-4	-0.002	2e-05	0	-4	-0.002	2e-05	0
427	-4	0.013	-2e-05	0	-4	0.013	-2e-05	0
428	-4	0.013	0	0	-4	0.013	0	0
429	-4	0.016	-2e-05	0	-4	0.016	-2e-05	0
430	-4	0.017	-2e-05	0	-4	0.017	-2e-05	0
431	-4	0.018	-2e-05	0	-4	0.018	-2e-05	0
432	-4	0.019	-2e-05	0	-4	0.019	-2e-05	0
433	-4	0.02	-2e-05	0	-4	0.02	-2e-05	0
434	-4	0.021	-2e-05	0	-4	0.021	-2e-05	0
435	-4	0.022	-2e-05	0	-4	0.022	-2e-05	0
436	-4	0.023	-2e-05	0	-4	0.023	-2e-05	0
437	-4	0.026	-4e-05	0	-4	0.026	-4e-05	0
438	-4	0.033	-4e-05	0	-4	0.033	-4e-05	0
439	-3	-0.008	2e-05	0	-3	-0.008	2e-05	0
440	-3	-0.002	0	0	-3	-0.002	0	0
441	-3	-0.001	2e-05	0	-3	-0.001	2e-05	0
442	-3	0.006	0	0	-3	0.006	0	0
443	-3	0.007	0	0	-3	0.007	0	0
444	-3	0.008	0	0	-3	0.008	0	0
445	-3	0.009	0	0	-3	0.009	0	0
446	-3	0.011	-2e-05	0	-3	0.011	-2e-05	0
447	-3	0.014	-2e-05	0	-3	0.014	-2e-05	0
448	-3	0.015	-2e-05	0	-3	0.015	-2e-05	0
449	-3	0.016	-2e-05	0	-3	0.016	-2e-05	0
450	-3	0.017	-2e-05	0	-3	0.017	-2e-05	0
451	-3	0.018	-2e-05	0	-3	0.018	-2e-05	0
452	-3	0.019	-2e-05	0	-3	0.019	-2e-05	0
453	-3	0.02	-2e-05	0	-3	0.02	-2e-05	0
454	-3	0.021	-2e-05	0	-3	0.021	-2e-05	0
455	-3	0.029	-4e-05	0	-3	0.029	-4e-05	0
456	-2	-0.002	0	0	-2	-0.002	0	0
457	-2	0.001	0	0	-2	0.001	0	0
458	-2	0.002	0	0	-2	0.002	0	0
459	-2	0.003	0	0	-2	0.003	0	0
460	-2	0.004	0	0	-2	0.004	0	0
461	-2	0.005	0	0	-2	0.005	0	0
462	-2	0.006	0	0	-2	0.006	0	0
463	-2	0.007	0	0	-2	0.007	0	0
464	-2	0.013	-2e-05	0	-2	0.013	-2e-05	0
465	-2	0.014	-2e-05	0	-2	0.014	-2e-05	0
466	-2	0.015	-2e-05	0	-2	0.015	-2e-05	0
467	-2	0.016	-2e-05	0	-2	0.016	-2e-05	0
468	-2	0.017	-2e-05	0	-2	0.017	-2e-05	0
469	-2	0.018	-2e-05	0	-2	0.018	-2e-05	0
470	-2	0.024	-2e-05	0	-2	0.024	-2e-05	0
471	-2	0.025	-4e-05	0	-2	0.025	-4e-05	0
472	-2	0.027	-4e-05	0	-2	0.027	-4e-05	0
473	-1	-0.003	0	0	-1	-0.003	0	0
474	-1	-0.002	0	0	-1	-0.002	0	0
475	-1	-0.001	0	0	-1	-0.001	0	0
476	-1	0	0	0	-1	0	0	0
477	-1	0.001	0	0	-1	0.001	0	0
478	-1	0.002	0	0	-1	0.002	0	0
479	-1	0.003	0	0	-1	0.003	0	0
480	-1	0.004	0	0	-1	0.004	0	0
481	-1	0.005	0	0	-1	0.005	0	0
482	-1	0.006	0	0	-1	0.006	0	0
483	-1	0.012	-2e-05	0	-1	0.012	-2e-05	0
484	-1	0.013	-2e-05	0	-1	0.013	-2e-05	0
485	-1	0.014	-2e-05	0	-1	0.014	-2e-05	0
486	-1	0.015	-2e-05	0	-1	0.015	-2e-05	0
487	0	-0.012	2e-05	0	0	-0.012	2e-05	0
488	0	-0.011	2e-05	0	0	-0.011	2e-05	0
489	0	-0.005	0	0	0	-0.005	0	0
490	0	-0.005	2e-05	0	0	-0.005	2e-05	0
491	0	-0.004	0	0	0	-0.004	0	0
492	0	-0.003	0	0	0	-0.003	0	0
493	0	-0.002	0	0	0	-0.002	0	0
494	0	-0.001	0	0	0	-0.001	0	0
495	0	0	0	0	0	0	0	0
496	0	0.001	0	0	0	0.001	0	0
497	0	0.002	0	0	0	0.002	0	0
498	0	0.003	0	0	0	0.003	0	0
499	0	0.004	0	0	0	0.004	0	0
500	0	0.006	0	0	0	0.006	0	0
501	0	0.011	-2e-05	0	0	0.011	-2e-05	0
502	0	0.012	-2e-05	0	0	0.012	-2e-05	0
503	0	0.025	-4e-05	0	0	0.025	-4e-05	0
504	1	-0.018	2e-05	0	1	-0.018	2e-05	0
505	1	-0.015	2e-05	0	1	-0.015	2e-05	0
506	1	-0.014	2e-05	0	1	-0.014	2e-05	0
507	1	-0.013	2e-05	0	1	-0.013	2e-05	0
508	1	-0.012	2e-05	0	1	-0.012	2e-05	0
509	1	-0.006	0	0	1	-0.006	0	0
510	1	-0.005	0	0	1	-0.005	0	0
511	1	-0.004	0	0	1	-0.004	0	0
512	1	-0.003	0	0	1	-0.003	0	0
513	1	-0.002	0	0	1	-0.002	0	0
514	1	-0.001	0	0	1	-0.001	0	0
515	1	0	0	0	1	0	0	0
516	1	0.001	0	0	1	0.001	0	0
517	1	0.002	0	0	1	0.002	0	0
518	1	0.003	0	0	1	0.003	0	0
519	1	0.008	-2e-05	0	1	0.008	-2e-05	0
520	2	-0.027	4e-05	0	2	-0.027	4e-05	0
521	2	-0.018	2e-05	0	2	-0.018	2e-05	0
522	2	-0.017	2e-05	0	2	-0.017	2e-05	0
523	2	-0.016	2e-05	0	2	-0.016	2e-05	0
524	2	-0.015	2e-05	0	2	-0.015	2e-05	0
525	2	-0.014	2e-05	0	2	-0.014	2e-05	0
526	2	-0.013	2e-05	0	2	-0.013	2e-05	0
527	2	-0.007	0	0	2	-0.007	0	0
528	2	-0.006	0	0	2	-0.006	0	0
529	2	-0.005	0	0	2	-0.005	0	0
530	2	-0.004	0	0	2	-0.004	0	0
531	2	-0.003	0	0	2	-0.003	0	0
532	2	-0.002	0	0	2	-0.002	0	0
533	2	-0.001	0	0	2	-0.001	0	0
534	2	0.002	-2e-05	0	2	0.002	-2e-05	0
535	2	0.002	0	0	2	0.002	0	0
536	2	0.008	-2e-05	0	2	0.008	-2e-05	0
537	3	-0.022	2e-05	0	3	-0.022	2e-05	0
538	3	-0.021	2e-05	0	3	-0.021	2e-05	0
539	3	-0.02	2e-05	0	3	-0.02	2e-05	0
540	3	-0.019	2e-05	0	3	-0.019	2e-05	0
541	3	-0.018	2e-05	0	3	-0.018	2e-05	0
542	3	-0.017	2e-05	0	3	-0.017	2e-05	0
543	3	-0.016	2e-05	0	3	-0.016	2e-05	0
544	3	-0.015	2e-05	0	3	-0.015	2e-05	0
545	3	-0.014	0	0	3	-0.014	0	0
546	3	-0.014	2e-05	0	3	-0.014	2e-05	0
547	3	-0.009	0	0	3	-0.009	0	0
548	3	-0.008	0	0	3	-0.008	0	0
549	3	-0.007	0	0	3	-0.007	0	0
550	3	-0.006	0	0	3	-0.006	0	0
551	3	0.002	0	0	3	0.002	0	0
552	3	0.005	-2e-05	0	3	0.005	-2e-05	0
553	4	-0.044	6e-05	0	4	-0.044	6e-05	0
554	4	-0.028	4e-05	0	4	-0.028	4e-05	0
555	4	-0.023	2e-05	0	4	-0.023	2e-05	0
556	4	-0.022	2e-05	0	4	-0.022	2e-05	0
557	4	-0.021	2e-05	0	4	-0.021	2e-05	0
558	4	-0.02	2e-05	0	4	-0.02	2e-05	0
559	4	-0.019	2e-05	0	4	-0.019	2e-05	0
560	4	-0.018	2e-05	0	4	-0.018	2e-05	0
561	4	-0.017	2e-05	0	4	-0.017	2e-05	0
562	4	-0.016	2e-05	0	4	-0.016	2e-05	0
563	5	-0.037	4e-05	0	5	-0.037	4e-05	0
564	5	-0.011	0	0	5	-0.011	0	0
