0	0.603757	53.154	47	1.13094	-0.112089	0.0210964	-0.122606	0.000749024	3
1	0.603757	66.8854	47	1.42309	-0.162465	0.0196898	-0.122728	0.000749498	3
2	0.603757	49.8602	47	1.06086	-0.230083	0.017975	-0.122885	0.000750163	3
3	0.603757	55.9107	47	1.18959	-0.269637	0.0170007	-0.122974	0.000750554	3
4	0.603757	69.92	47	1.48766	-0.00259893	0.0241474	-0.122334	0.000747998	3
5	0.603757	51.9487	47	1.10529	-0.105428	0.0212968	-0.122589	0.000748964	3
6	0.603757	82.7669	47	1.761	-0.0726572	0.0221174	-0.122504	0.000748639	3
7	0.603757	52.1402	47	1.10937	-0.177948	0.0193071	-0.12276	0.000749652	3
8	0.603757	66.7353	47	1.4199	-0.212481	0.018385	-0.122845	0.000749985	3
9	0.603757	48.2534	47	1.02667	-0.236591	0.0178097	-0.1229	0.000750227	3
10	0.603757	72.2537	47	1.53731	-0.051359	0.022739	-0.122456	0.000748445	3
11	0.603757	92.9202	47	1.97703	-0.0786309	0.0219142	-0.122519	0.000748689	3
12	0.603757	63.0196	47	1.34084	-0.074231	0.0220808	-0.122508	0.000748655	3
13	0.603757	62.1675	47	1.32271	-0.184509	0.0191103	-0.122779	0.000749712	3
14	0.603757	59.1474	47	1.25846	-0.25599	0.0172947	-0.122943	0.000750415	3
15	0.603757	75.0915	47	1.59769	-0.0760236	0.0220228	-0.122512	0.000748671	3
16	0.603757	76.2855	47	1.62309	-0.127013	0.0206249	-0.12264	0.000749155	3
17	0.603757	53.7046	47	1.14265	-0.130528	0.0205465	-0.122651	0.000749191	3
18	0.603757	65.1353	47	1.38586	-0.151274	0.0199788	-0.122699	0.000749389	3
19	0.603757	59.4784	47	1.2655	-0.135362	0.020423	-0.122662	0.000749239	3
20	0.603757	43.5594	47	0.926796	-0.163397	0.0196816	-0.122731	0.00074951	3
21	0.603757	64.9321	47	1.38153	-0.194677	0.0188615	-0.122806	0.000749814	3
22	0.603757	51.6651	47	1.09926	-0.204146	0.0186294	-0.122826	0.000749908	3
23	0.603757	63.8872	47	1.3593	-0.197003	0.0187839	-0.122811	0.000749834	3
24	0.603757	48.9366	47	1.04121	-0.193048	0.0189546	-0.122803	0.000749805	3
25	0.603757	68.5145	47	1.45776	-0.0602269	0.0224893	-0.122478	0.000748527	3
26	0.603757	40.005	47	0.851169	-0.0936218	0.021608	-0.122557	0.000748849	3
27	0.603757	46.9034	47	0.997944	-0.112919	0.0210486	-0.122608	0.000749027	3
28	0.603757	61.7857	47	1.31459	-0.0976999	0.0214285	-0.122568	0.000748876	3
29	0.603757	70.3185	47	1.49614	-0.15567	0.0198548	-0.122707	0.00074943	3
30	0.603757	59.6127	47	1.26835	-0.140759	0.0202622	-0.122677	0.000749288	3
31	0.603757	60.9629	47	1.29708	-0.130016	0.0205312	-0.122649	0.000749182	3
32	0.603757	45.1867	47	0.961418	-0.176607	0.0193333	-0.122757	0.000749638	3
33	0.603757	51.4544	47	1.09477	-0.181986	0.019186	-0.122772	0.000749689	3
34	0.603757	56.4037	47	1.20008	-0.200707	0.0187073	-0.12282	0.000749873	3
35	0.603757	55.2855	47	1.17629	-0.206219	0.0185403	-0.12283	0.000749923	3
36	0.603757	72.4235	47	1.54093	-0.224127	0.0180683	-0.122868	0.000750097	3
37	0.603757	66.0033	47	1.40433	-0.240277	0.0176511	-0.122909	0.000750255	3
38	0.603757	66.1285	47	1.40699	-0.0305805	0.0233123	-0.122404	0.000748249	3
39	0.603757	65.6177	47	1.39612	-0.0468753	0.0228659	-0.122445	0.000748403	3
40	0.603757	56.8411	47	1.20938	-0.0772068	0.0220064	-0.122515	0.000748685	3
41	0.603757	69.9249	47	1.48776	-0.0862639	0.0217675	-0.122538	0.000748772	3
42	0.603757	60.5028	47	1.28729	-0.0955778	0.0214919	-0.122562	0.000748857	3
43	0.603757	53.6354	47	1.14118	-0.117647	0.0209052	-0.122619	0.00074907	3
44	0.603757	55.7637	47	1.18646	-0.0981357	0.0213904	-0.122571	0.000748876	3
45	0.603757	53.1314	47	1.13045	-0.126167	0.020649	-0.122637	0.000749147	3
46	0.603757	65.1548	47	1.38627	-0.165152	0.019589	-0.122735	0.00074952	3
47	0.603757	64.2426	47	1.36686	-0.172187	0.0194315	-0.122752	0.000749593	3
48	0.603757	55.8835	47	1.18901	-0.170404	0.0194611	-0.122748	0.000749573	3
49	0.603757	59.8057	47	1.27246	-0.193238	0.0188714	-0.122803	0.000749796	3
50	0.603757	56.1722	47	1.19515	-0.205094	0.0185804	-0.122828	0.000749914	3
51	0.603757	39.7708	47	0.846187	-0.211342	0.0184548	-0.122841	0.00074998	3
52	0.603757	53.6263	47	1.14098	-0.244838	0.0175957	-0.122919	0.000750307	3
53	0.603757	69.7381	47	1.48379	-0.204214	0.01856	-0.122826	0.0007499	3
54	0.603757	63.8443	47	1.35839	-0.234122	0.0178178	-0.122894	0.000750196	3
55	0.603757	63.7069	47	1.35547	-0.0529901	0.0226621	-0.12246	0.000748454	3
56	0.603757	50.0794	47	1.06552	-0.0524935	0.0226825	-0.122459	0.000748451	3
57	0.603757	53.4812	47	1.1379	-0.0783819	0.0219797	-0.122518	0.000748697	3
58	0.603757	66.3081	47	1.41081	-0.0933702	0.0215498	-0.122557	0.000748836	3
59	0.603757	58.0905	47	1.23597	-0.0882783	0.0216933	-0.122544	0.000748788	3
60	0.603757	67.0468	47	1.42653	-0.119457	0.0208153	-0.122624	0.00074908	3
61	0.603757	55.2591	47	1.17573	-0.152516	0.0199595	-0.122701	0.000749403	3
62	0.603757	89.4055	47	1.90224	-0.177547	0.019241	-0.122759	0.000749637	3
63	0.603757	60.5349	47	1.28798	-0.166793	0.0195625	-0.122739	0.000749539	3
64	0.603757	67.3908	47	1.43385	-0.175678	0.0193168	-0.122754	0.000749623	3
65	0.603757	63.2513	47	1.34577	-0.18808	0.0189749	-0.122791	0.000749741	3
66	0.603757	51.5082	47	1.09592	-0.18026	0.0192182	-0.122767	0.00074967	3
67	0.603757	63.3923	47	1.34877	-0.203833	0.0185968	-0.122825	0.000749899	3
68	0.603757	70.2293	47	1.49424	0.0191578	0.0247138	-0.122279	0.000747786	3
69	0.603757	60.9512	47	1.29683	-0.0281496	0.0233663	-0.122398	0.000748223	3
70	0.603757	75.1798	47	1.59957	-0.0623538	0.0223759	-0.122483	0.000748537	3
71	0.603757	61.4638	47	1.30774	-0.0922945	0.0215751	-0.122554	0.000748825	3
72	0.603757	76.7565	47	1.63312	-0.0809416	0.0218353	-0.122525	0.000748708	3
73	0.603757	66.4207	47	1.41321	-0.0844588	0.0218021	-0.122534	0.000748752	3
74	0.603757	66.4485	47	1.4138	-0.0994414	0.0213591	-0.122575	0.000748889	3
75	0.603757	53.3287	47	1.13465	-0.110455	0.0210763	-0.122602	0.000748997	3
76	0.603757	72.7336	47	1.54752	-0.138735	0.0202872	-0.122671	0.000749264	3
77	0.603757	73.4968	47	1.56376	-0.164933	0.0195646	-0.122734	0.000749513	3
78	0.603757	56.4174	47	1.20037	-0.173469	0.0193791	-0.122748	0.000749602	3
79	0.603757	64.7164	47	1.37694	-0.191471	0.0188892	-0.122799	0.000749775	3
80	0.603757	53.2634	47	1.13326	0.0368565	0.0253061	-0.122235	0.000747642	3
81	0.603757	92.7557	47	1.97353	0.010481	0.0244189	-0.122301	0.000747857	3
82	0.603757	70.0953	47	1.49139	-0.069472	0.0221544	-0.122501	0.0007486	3
83	0.603757	60.4165	47	1.28546	-0.0431139	0.0229406	-0.122435	0.000748362	3
84	0.603757	53.4005	47	1.13618	-0.0852004	0.0217578	-0.122536	0.000748755	3
85	0.603757	65.8572	47	1.40122	-0.0875191	0.0216683	-0.122542	0.000748773	3
86	0.603757	69.0358	47	1.46885	-0.116382	0.0208848	-0.122616	0.000749049	3
87	0.603757	72.2668	47	1.53759	-0.101023	0.0212922	-0.122579	0.0007489	3
88	0.603757	64.4608	47	1.37151	-0.132634	0.0204728	-0.122656	0.000749209	3
89	0.603757	46.6708	47	0.992996	-0.116762	0.0209259	-0.122617	0.000749061	3
90	0.603757	44.0434	47	0.937093	-0.16632	0.0196067	-0.122738	0.000749539	3
91	0.603757	61.3932	47	1.30624	-0.126573	0.020595	-0.122639	0.000749144	3
92	0.603757	66.2643	47	1.40988	-0.193651	0.0188456	-0.122804	0.000749798	3
93	0.603757	69.0004	47	1.46809	-0.190775	0.0188807	-0.122798	0.000749764	3
94	0.603757	69.314	47	1.47476	-0.215076	0.0182874	-0.122853	0.000750007	3
95	0.603757	119.258	47	2.5374	0.0137011	0.0244593	-0.122293	0.000747816	3
96	0.603757	77.3105	47	1.64491	-0.0275665	0.0233258	-0.122396	0.000748207	3
97	0.603757	74.9615	47	1.59493	-0.0775285	0.0219231	-0.122516	0.000748674	3
98	0.603757	46.8665	47	0.997159	-0.0611856	0.0224184	-0.12248	0.000748528	3
99	0.603757	54.3771	47	1.15696	-0.0758969	0.0220152	-0.122512	0.000748667	3
100	0.603757	61.7856	47	1.31459	-0.0770562	0.0219643	-0.122515	0.000748675	3
101	0.603757	75.3261	47	1.60268	-0.0925308	0.021531	-0.122555	0.00074882	3
102	0.603757	66.2531	47	1.40964	-0.105886	0.0211662	-0.12259	0.000748948	3
103	0.603757	58.9513	47	1.25428	-0.122347	0.0207313	-0.122631	0.000749107	3
104	0.603757	57.9707	47	1.23342	-0.142832	0.0201912	-0.122684	0.000749306	3
105	0.603757	62.6722	47	1.33345	-0.0470669	0.0227869	-0.122445	0.000748391	3
106	0.603757	64.8804	47	1.38043	-0.0819809	0.0217944	-0.122528	0.000748715	3
107	0.603757	60.9485	47	1.29678	-0.0817011	0.0218289	-0.122527	0.000748718	3
108	0.603757	66.979	47	1.42509	-0.0793404	0.0218987	-0.122521	0.000748696	3
109	0.603757	80.0681	47	1.70358	-0.12178	0.0207203	-0.122629	0.000749097	3
110	0.603757	68.9032	47	1.46602	-0.135665	0.0203356	-0.122663	0.000749229	3
111	0.603757	53.4035	47	1.13624	-0.132628	0.0204455	-0.122656	0.000749204	3
112	0.603757	60.8975	47	1.29569	-0.144049	0.020131	-0.122685	0.000749313	3
113	0.603757	83.2391	47	1.77104	-0.11407	0.0208894	-0.122611	0.000749017	3
114	0.603757	60.942	47	1.29664	0.00343267	0.0242951	-0.122319	0.000747937	3
115	0.603757	86.9346	47	1.84967	-0.0402978	0.0229677	-0.122428	0.000748326	3
116	0.603757	92.4202	47	1.96639	-0.102237	0.0212425	-0.122581	0.000748909	3
117	0.603757	56.8975	47	1.21058	-0.0880647	0.0216823	-0.122543	0.000748783	3
118	0.603757	65.1814	47	1.38684	-0.0769567	0.021968	-0.122515	0.000748674	3
119	0.603757	68.5514	47	1.45854	-0.117044	0.0208562	-0.122618	0.000749053	3
120	0.603757	52.9469	47	1.12653	-0.143487	0.0201903	-0.122685	0.000749315	3
121	0.603757	88.7629	47	1.88857	0.0256599	0.024977	-0.122261	0.000747742	3
122	0.603757	70.9371	47	1.5093	-0.0922399	0.0215865	-0.122554	0.000748826	3
123	0.603757	71.4821	47	1.52089	-0.0926065	0.0215674	-0.122555	0.000748828	3
124	0.603757	51.4728	47	1.09517	-0.209657	0.0185556	-0.122837	0.000749971	3
125	0.603757	48.9214	47	1.04088	-0.237371	0.0178436	-0.122902	0.000750241	3
126	0.603757	49.2716	47	1.04833	-0.224928	0.0181034	-0.12287	0.000750112	3
127	0.603757	43.2475	47	0.920159	-0.0591141	0.0225633	-0.122475	0.000748525	3
128	0.603757	65.4935	47	1.39348	-0.123303	0.0207388	-0.122633	0.000749122	3
129	0.603757	44.6727	47	0.950483	-0.184291	0.0191837	-0.122778	0.00074972	3
130	0.603757	41.9028	47	0.891549	-0.201292	0.0187326	-0.12282	0.000749884	3
131	0.603757	54.5102	47	1.15979	-0.221925	0.0181757	-0.122864	0.000750082	3
132	0.603757	52.1404	47	1.10937	-0.253873	0.0173884	-0.122938	0.000750398	3
133	0.603757	58.8584	47	1.25231	-0.130663	0.0205571	-0.122651	0.000749195	3
134	0.603757	58.5518	47	1.24578	-0.191914	0.0189413	-0.122798	0.000749788	3
135	0.603757	67.2079	47	1.42996	-0.218805	0.0182552	-0.122858	0.000750052	3
136	0.603757	71.937	47	1.53057	-0.238672	0.0177269	-0.122905	0.000750244	3
137	0.603757	69.8625	47	1.48644	-0.01011	0.0239115	-0.122353	0.000748063	3
138	0.603757	52.3373	47	1.11356	-0.0946468	0.021545	-0.12256	0.000748853	3
139	0.603757	71.3871	47	1.51887	-0.124322	0.0206994	-0.122631	0.000749129	3
140	0.603757	73.2198	47	1.55787	-0.138974	0.020317	-0.122672	0.000749272	3
141	0.603757	43.3574	47	0.922499	-0.152861	0.0199845	-0.122702	0.000749412	3
142	0.603757	62.2834	47	1.32518	-0.158	0.019813	-0.122712	0.000749456	3
143	0.603757	77.1266	47	1.64099	-0.201402	0.0186788	-0.12282	0.000749878	3
144	0.603757	58.8104	47	1.25128	-0.18468	0.019114	-0.12278	0.000749715	3
145	0.603757	56.7389	47	1.20721	-0.190313	0.0189809	-0.122798	0.000749772	3
146	0.603757	55.7916	47	1.18706	-0.181602	0.0192036	-0.122771	0.000749686	3
147	0.603757	66.1543	47	1.40754	-0.105716	0.0212121	-0.12259	0.000748953	3
148	0.603757	52.9108	47	1.12576	-0.0989286	0.0214243	-0.122573	0.000748893	3
149	0.603757	50.5069	47	1.07461	-0.0969549	0.0214925	-0.122566	0.000748877	3
150	0.603757	85.6628	47	1.82261	-0.0972881	0.0213972	-0.122567	0.000748865	3
151	0.603757	75.6423	47	1.60941	-0.155077	0.0198276	-0.122706	0.000749418	3
152	0.603757	68.7765	47	1.46333	-0.131082	0.0205009	-0.122653	0.000749192	3
153	0.603757	72.2757	47	1.53778	-0.168772	0.0194868	-0.122744	0.000749554	3
154	0.603757	50.7918	47	1.08068	-0.158747	0.0198272	-0.122714	0.000749468	3
155	0.603757	57.8614	47	1.23109	-0.166528	0.0195994	-0.122738	0.00074954	3
156	0.603757	43.8417	47	0.932803	-0.158103	0.0198306	-0.122713	0.00074946	3
157	0.603757	57.6267	47	1.2261	-0.220758	0.0181893	-0.122862	0.000750069	3
158	0.603757	60.2084	47	1.28103	-0.218825	0.0182378	-0.122858	0.00075005	3
159	0.603757	65.7546	47	1.39903	-0.059686	0.0224762	-0.122477	0.000748517	3
160	0.603757	46.8531	47	0.996875	-0.0994643	0.0214106	-0.122575	0.000748899	3
161	0.603757	59.095	47	1.25734	-0.0977137	0.0214484	-0.122568	0.00074888	3
162	0.603757	55.3642	47	1.17796	-0.101846	0.0213314	-0.122581	0.000748919	3
163	0.603757	51.2446	47	1.09031	-0.110883	0.0210599	-0.122603	0.000749	3
164	0.603757	81.8636	47	1.74178	-0.18456	0.0190769	-0.12278	0.000749708	3
165	0.603757	55.45	47	1.17979	-0.155619	0.019861	-0.122707	0.00074943	3
166	0.603757	48.7291	47	1.03679	-0.17796	0.0192971	-0.12276	0.000749651	3
167	0.603757	60.4915	47	1.28705	-0.198408	0.0187488	-0.122813	0.000749848	3
168	0.603757	56.3681	47	1.19932	-0.195282	0.0188263	-0.122808	0.000749817	3
169	0.603757	54.0977	47	1.15101	-0.213976	0.0183402	-0.122849	0.000749999	3
170	0.603757	48.9746	47	1.04201	-0.20209	0.0186745	-0.122821	0.000749887	3
171	0.603757	68.6079	47	1.45974	0.0381317	0.025317	-0.122232	0.000747625	3
172	0.603757	60.1775	47	1.28037	-0.0768615	0.0220086	-0.122514	0.00074868	3
173	0.603757	44.9125	47	0.955584	-0.0715978	0.0221779	-0.122501	0.000748635	3
174	0.603757	54.1503	47	1.15213	-0.104849	0.0212401	-0.122588	0.000748946	3
175	0.603757	55.7004	47	1.18511	-0.102027	0.0213289	-0.122581	0.000748921	3
176	0.603757	45.8778	47	0.976124	-0.127008	0.0206706	-0.122639	0.000749162	3
177	0.603757	51.2576	47	1.09059	-0.137113	0.0203829	-0.122667	0.000749257	3
178	0.603757	56.3795	47	1.19956	-0.120987	0.0208034	-0.122628	0.0007491	3
179	0.603757	57.4879	47	1.22315	-0.150605	0.019988	-0.122698	0.000749381	3
180	0.603757	62.9425	47	1.3392	-0.161535	0.0196712	-0.122726	0.000749483	3
181	0.603757	60.05	47	1.27766	-0.187185	0.0190193	-0.122788	0.000749736	3
182	0.603757	55.9266	47	1.18993	-0.151163	0.0199944	-0.122699	0.00074939	3
183	0.603757	60.4039	47	1.28519	-0.197704	0.0187512	-0.122812	0.000749839	3
184	0.603757	64.1568	47	1.36504	-0.197261	0.0187803	-0.122811	0.000749837	3
185	0.603757	73.0223	47	1.55367	-0.0659149	0.0222876	-0.122492	0.000748573	3
186	0.603757	81.053	47	1.72453	-0.0639161	0.0223331	-0.122487	0.000748552	3
187	0.603757	56.3063	47	1.19801	-0.0765438	0.0220153	-0.122514	0.000748677	3
188	0.603757	55.7779	47	1.18676	-0.0841968	0.0217947	-0.122533	0.000748747	3
189	0.603757	69.7212	47	1.48343	-0.0904534	0.0215971	-0.122549	0.000748802	3
190	0.603757	50.3433	47	1.07113	-0.121919	0.0207791	-0.12263	0.000749109	3
191	0.603757	68.6215	47	1.46003	-0.138702	0.0202998	-0.122671	0.000749266	3
192	0.603757	84.8552	47	1.80543	-0.132754	0.0204102	-0.122656	0.0007492	3
193	0.603757	66.1438	47	1.40732	-0.144681	0.0201052	-0.122686	0.000749318	3
194	0.603757	61.4811	47	1.30811	-0.15379	0.0198764	-0.122703	0.000749408	3
195	0.603757	67.3205	47	1.43235	-0.173	0.0193714	-0.122747	0.000749594	3
196	0.603757	57.7313	47	1.22832	-0.208171	0.0184722	-0.122834	0.00074994	3
197	0.603757	80.0438	47	1.70306	-0.180826	0.0191278	-0.122769	0.000749665	3
198	0.603757	43.7605	47	0.931075	-0.0152343	0.0237942	-0.122365	0.000748116	3
199	0.603757	71.7049	47	1.52564	-0.0620526	0.0223813	-0.122482	0.000748534	3
200	0.603757	64.3188	47	1.36849	-0.083409	0.0218057	-0.122531	0.000748738	3
201	0.603757	80.0262	47	1.70269	-0.0791726	0.0218865	-0.122521	0.000748691	3
202	0.603757	61.2577	47	1.30336	-0.0995017	0.0213535	-0.122575	0.000748889	3
203	0.603757	50.3908	47	1.07215	-0.0961069	0.0214649	-0.122564	0.00074886	3
204	0.603757	64.5432	47	1.37326	-0.129733	0.0205163	-0.122649	0.000749175	3
205	0.603757	50.2197	47	1.0685	-0.133339	0.0204542	-0.122658	0.000749216	3
206	0.603757	63.944	47	1.36051	-0.147395	0.0200677	-0.122692	0.000749349	3
207	0.603757	92.6626	47	1.97154	-0.092237	0.0214947	-0.122554	0.00074881	3
208	0.603757	77.6938	47	1.65306	-0.13801	0.0202675	-0.122669	0.000749251	3
209	0.603757	59.9375	47	1.27527	-0.150743	0.0199642	-0.122698	0.000749379	3
210	0.603757	64.7508	47	1.37768	-0.158248	0.0197498	-0.122712	0.00074945	3
211	0.603757	53.2908	47	1.13385	-0.196947	0.0187433	-0.12281	0.000749828	3
212	0.603757	62.8677	47	1.33761	0.0535897	0.0257656	-0.122193	0.000747484	3
213	0.603757	70.9055	47	1.50863	0.028144	0.0250029	-0.122252	0.00074771	3
214	0.603757	48.0048	47	1.02138	-0.0208276	0.0236179	-0.122379	0.000748164	3
215	0.603757	98.4213	47	2.09407	-0.0364749	0.0230473	-0.122419	0.000748285	3
216	0.603757	68.7728	47	1.46325	-0.0397057	0.022969	-0.122427	0.000748317	3
217	0.603757	67.6332	47	1.439	-0.0817897	0.0218033	-0.122527	0.000748714	3
218	0.603757	67.3041	47	1.432	-0.0654602	0.0222721	-0.122491	0.000748563	3
219	0.603757	56.5934	47	1.20412	-0.0891237	0.0216324	-0.122546	0.000748789	3
220	0.603757	50.4124	47	1.0726	-0.107354	0.0211491	-0.122594	0.000748966	3
221	0.603757	62.7234	47	1.33454	-0.117934	0.0208353	-0.12262	0.000749062	3
222	0.603757	68.8651	47	1.46521	-0.110414	0.0210605	-0.122602	0.000748994	3
223	0.603757	50.4623	47	1.07367	-0.140751	0.0202498	-0.122677	0.000749286	3
224	0.603757	55.3669	47	1.17802	-0.0173105	0.0237093	-0.122371	0.00074813	3
225	0.603757	61.3892	47	1.30615	-0.0622563	0.0223541	-0.122483	0.000748532	3
226	0.603757	77.1017	47	1.64046	-0.0558359	0.0225199	-0.122467	0.000748469	3
227	0.603757	87.6045	47	1.86392	-0.0702706	0.0220909	-0.122503	0.0007486	3
228	0.603757	53.7304	47	1.1432	-0.0686397	0.0221931	-0.122499	0.000748595	3
229	0.603757	69.3733	47	1.47603	-0.0775162	0.0219321	-0.122516	0.000748676	3
230	0.603757	62.5477	47	1.3308	-0.130811	0.0205203	-0.122651	0.000749191	3
231	0.603757	56.4626	47	1.20133	-0.121654	0.0207336	-0.122629	0.000749098	3
232	0.603757	61.2515	47	1.30322	-0.117505	0.0208468	-0.122619	0.000749058	3
233	0.603757	61	47	1.29787	-0.155754	0.0198378	-0.122707	0.000749429	3
234	0.603757	69.7108	47	1.48321	-0.184834	0.0190554	-0.122781	0.000749709	3
235	0.603757	85.4627	47	1.81835	-0.114354	0.0208824	-0.122611	0.00074902	3
236	0.603757	77.4914	47	1.64875	-0.0230371	0.0234907	-0.122385	0.000748172	3
237	0.603757	65.6307	47	1.3964	-0.0928162	0.0215389	-0.122555	0.000748826	3
238	0.603757	76.0593	47	1.61828	-0.0771495	0.0219537	-0.122515	0.000748674	3
239	0.603757	69.4473	47	1.4776	-0.119125	0.0207904	-0.122623	0.000749072	3
240	0.603757	79.2245	47	1.68563	-0.115129	0.0209273	-0.122613	0.000749038	3
241	0.603757	72.1648	47	1.53542	0.0297349	0.0251192	-0.122252	0.000747711	3
242	0.603757	49.5083	47	1.05337	-0.0505457	0.022811	-0.122454	0.000748446	3
243	0.603757	60.2803	47	1.28256	-0.0699368	0.0222799	-0.122502	0.00074863	3
244	0.603757	45.0726	47	0.958991	-0.118206	0.0209655	-0.122621	0.000749088	3
245	0.603757	48.8602	47	1.03958	-0.130876	0.0206244	-0.122651	0.000749209	3
246	0.603757	44.3854	47	0.944371	-0.172091	0.0194979	-0.122752	0.000749601	3
247	0.603757	65.2017	47	1.38727	-0.179868	0.0192244	-0.122766	0.000749666	3
248	0.603757	51.7393	47	1.10084	-0.202799	0.0186633	-0.122817	0.000749894	3
249	0.603757	43.8117	47	0.932163	-0.127051	0.0207275	-0.122639	0.000749172	3
250	0.603757	56.9708	47	1.21214	-0.257315	0.0173282	-0.122947	0.000750435	3
251	0.603757	62.2172	47	1.32377	-0.266003	0.0170747	-0.122966	0.000750516	3
252	0.603757	69.8534	47	1.48624	-0.0332839	0.0232712	-0.122411	0.000748281	3
253	0.603757	66.4712	47	1.41428	-0.104786	0.021298	-0.122587	0.000748955	3
254	0.603757	43.6706	47	0.929162	-0.124943	0.0207557	-0.122637	0.000749148	3
255	0.603757	56.1264	47	1.19418	-0.103617	0.0212841	-0.122585	0.000748936	3
256	0.603757	53.4283	47	1.13677	-0.139146	0.0203375	-0.122672	0.000749278	3
257	0.603757	51.0684	47	1.08656	-0.139951	0.020308	-0.122675	0.000749284	3
258	0.603757	50.5764	47	1.07609	-0.153337	0.0199695	-0.122703	0.000749416	3
259	0.603757	73.061	47	1.55449	-0.184442	0.0191409	-0.122779	0.000749716	3
260	0.603757	57.0297	47	1.2134	-0.188486	0.0190559	-0.122792	0.000749758	3
261	0.603757	47.1333	47	1.00284	-0.16037	0.0197999	-0.122718	0.000749486	3
262	0.603757	57.8354	47	1.23054	-0.220974	0.0182268	-0.122862	0.000750076	3
263	0.603757	61.1525	47	1.30112	-0.224121	0.0180794	-0.122868	0.000750099	3
264	0.603757	62.1861	47	1.32311	-0.0153867	0.0237884	-0.122366	0.000748117	3
265	0.603757	67.8166	47	1.44291	-0.0730018	0.0221485	-0.122504	0.00074865	3
266	0.603757	54.3518	47	1.15642	-0.139563	0.0203517	-0.122673	0.000749286	3
267	0.603757	69.1929	47	1.47219	-0.130217	0.0205317	-0.12265	0.000749185	3
268	0.603757	55.9477	47	1.19038	-0.134121	0.0204427	-0.122659	0.000749225	3
269	0.603757	58.067	47	1.23547	-0.168471	0.0195369	-0.122743	0.000749558	3
270	0.603757	51.2845	47	1.09116	-0.176373	0.019339	-0.122756	0.000749635	3
271	0.603757	49.245	47	1.04777	-0.156675	0.0198732	-0.12271	0.000749447	3
272	0.603757	46.2888	47	0.984867	-0.199462	0.0187689	-0.122816	0.000749865	3
273	0.603757	50.8496	47	1.08191	-0.20271	0.018654	-0.122817	0.000749892	3
274	0.603757	50.3821	47	1.07196	-0.187931	0.0190681	-0.12279	0.000749752	3
275	0.603757	61.6025	47	1.31069	-0.231701	0.0178919	-0.122889	0.000750174	3
276	0.603757	49.3061	47	1.04907	0.0219875	0.0249213	-0.122274	0.000747787	3
277	0.603757	80.8578	47	1.72038	0.017485	0.0246836	-0.122283	0.000747805	3
278	0.603757	65.0963	47	1.38503	-0.0275003	0.0234051	-0.122396	0.000748221	3
279	0.603757	55.0361	47	1.17098	-0.094169	0.0215827	-0.122559	0.000748853	3
280	0.603757	42.4629	47	0.903466	-0.0977864	0.0214811	-0.122568	0.000748887	3
281	0.603757	66.4896	47	1.41467	-0.126674	0.0206497	-0.122638	0.000749154	3
282	0.603757	55.9503	47	1.19043	-0.139372	0.0203087	-0.122673	0.000749276	3
283	0.603757	80.8296	47	1.71978	-0.121879	0.0207373	-0.12263	0.000749102	3
284	0.603757	77.644	47	1.652	-0.153454	0.0199137	-0.122703	0.000749409	3
285	0.603757	49.7439	47	1.05838	-0.182365	0.0191669	-0.122773	0.000749692	3
286	0.603757	71.2364	47	1.51567	-0.178888	0.0192564	-0.122763	0.000749657	3
287	0.603757	51.8628	47	1.10346	-0.197543	0.0187975	-0.122812	0.000749843	3
288	0.603757	56.9139	47	1.21093	-0.188935	0.0190109	-0.122794	0.000749758	3
289	0.603757	45.305	47	0.963937	-0.202684	0.0186679	-0.122823	0.000749894	3
290	0.603757	72.9069	47	1.55121	-0.249964	0.01745	-0.12293	0.000750356	3
291	0.603757	76.6877	47	1.63165	-0.216972	0.0182289	-0.122855	0.000750024	3
292	0.603757	67.4777	47	1.4357	-0.221156	0.0181384	-0.122862	0.000750067	3
293	0.603757	58.4238	47	1.24306	-0.0746889	0.0220836	-0.122509	0.000748662	3
294	0.603757	45.603	47	0.970277	-0.0766989	0.0220478	-0.122514	0.000748685	3
295	0.603757	54.1887	47	1.15295	-0.104482	0.0212823	-0.122587	0.000748948	3
296	0.603757	61.2283	47	1.30273	-0.131556	0.0205098	-0.122651	0.0007492	3
297	0.603757	60.2895	47	1.28276	-0.128491	0.0206294	-0.122644	0.000749176	3
298	0.603757	66.5112	47	1.41513	-0.118128	0.0208392	-0.122621	0.000749066	3
299	0.603757	64.5025	47	1.37239	-0.154501	0.0198883	-0.122705	0.000749419	3
300	0.603757	74.4296	47	1.58361	-0.162989	0.0196423	-0.12273	0.000749499	3
301	0.603757	63.6252	47	1.35373	-0.15505	0.0198723	-0.122706	0.000749424	3
302	0.603757	61.5003	47	1.30852	-0.181429	0.0191787	-0.12277	0.000749681	3
303	0.603757	54.5499	47	1.16064	-0.199443	0.0187377	-0.122815	0.00074986	3
304	0.603757	57.2766	47	1.21865	-0.1795	0.0192357	-0.122765	0.000749663	3
305	0.603757	60.4365	47	1.28588	-0.212352	0.0183965	-0.122845	0.000749985	3
306	0.603757	49.3822	47	1.05069	-0.220441	0.0182092	-0.122861	0.000750067	3
307	0.603757	87.9577	47	1.87144	-0.237675	0.0176931	-0.122902	0.000750227	3
308	0.603757	63.5965	47	1.35312	-0.0814479	0.0218781	-0.122526	0.000748723	3
309	0.603757	70.7073	47	1.50441	-0.0931793	0.0215451	-0.122556	0.000748832	3
310	0.603757	60.6438	47	1.29029	-0.0847531	0.0218019	-0.122535	0.000748757	3
311	0.603757	55.9475	47	1.19037	-0.102723	0.0212897	-0.122583	0.000748924	3
312	0.603757	52.7842	47	1.12307	-0.120439	0.0208227	-0.122626	0.000749095	3
313	0.603757	56.8077	47	1.20867	-0.114404	0.0210153	-0.122612	0.000749043	3
314	0.603757	46.1411	47	0.981726	-0.154464	0.0199521	-0.122706	0.000749429	3
315	0.603757	74.691	47	1.58917	-0.133373	0.0203928	-0.122658	0.000749206	3
316	0.603757	65.9279	47	1.40272	-0.15943	0.0197284	-0.122715	0.000749462	3
317	0.603757	55.2825	47	1.17622	-0.181271	0.019185	-0.12277	0.000749679	3
318	0.603757	66.1386	47	1.4072	-0.168365	0.0195143	-0.122743	0.000749553	3
319	0.603757	65.5441	47	1.39456	-0.19435	0.0188145	-0.122805	0.000749803	3
320	0.603757	59.0547	47	1.25648	-0.202526	0.0186344	-0.122818	0.000749887	3
321	0.603757	72.1123	47	1.53431	-0.200031	0.0186614	-0.122817	0.000749858	3
322	0.603757	62.8076	47	1.33633	-0.0257786	0.0234751	-0.122392	0.000748209	3
323	0.603757	57.3026	47	1.2192	-0.056393	0.022559	-0.122468	0.000748484	3
324	0.603757	74.8457	47	1.59246	-0.0467666	0.0228087	-0.122444	0.000748391	3
325	0.603757	60.6931	47	1.29134	-0.0948511	0.0215015	-0.122561	0.000748848	3
326	0.603757	56.5182	47	1.20251	-0.0809873	0.0218973	-0.122525	0.00074872	3
327	0.603757	61.4314	47	1.30705	-0.115511	0.020938	-0.122614	0.000749045	3
328	0.603757	48.438	47	1.03059	-0.113078	0.0210176	-0.122608	0.000749024	3
329	0.603757	46.1202	47	0.981281	-0.136189	0.0204043	-0.122665	0.000749247	3
330	0.603757	96.691	47	2.05725	-0.0926969	0.0214642	-0.122555	0.000748811	3
331	0.603757	85.7083	47	1.82358	-0.100485	0.0212631	-0.122577	0.000748888	3
332	0.603757	63.8597	47	1.35872	-0.154238	0.0198734	-0.122704	0.000749413	3
333	0.603757	72.8139	47	1.54923	-0.164336	0.0195748	-0.122733	0.000749507	3
334	0.603757	70.4494	47	1.49892	-0.201177	0.018641	-0.122819	0.00074987	3
335	0.603757	58.8402	47	1.25192	-0.18863	0.0189679	-0.122793	0.000749748	3
336	0.603757	77.1179	47	1.64081	0.0292538	0.0250202	-0.122254	0.000747697	3
337	0.603757	87.0468	47	1.85206	0.0405835	0.025354	-0.122226	0.000747595	3
338	0.603757	65.1266	47	1.38567	-0.0262851	0.0234529	-0.122393	0.000748213	3
339	0.603757	71.6397	47	1.52425	-0.0244232	0.0234536	-0.122388	0.000748185	3
340	0.603757	59.8199	47	1.27276	-0.0777307	0.0219422	-0.122517	0.000748681	3
341	0.603757	79.3827	47	1.68899	-0.0861377	0.0217095	-0.122538	0.00074876	3
342	0.603757	44.0038	47	0.93625	-0.0903136	0.021619	-0.122549	0.000748804	3
343	0.603757	55.3007	47	1.17661	-0.084967	0.021757	-0.122535	0.000748752	3
344	0.603757	49.9463	47	1.06269	-0.109972	0.0210824	-0.122601	0.000748991	3
345	0.603757	59.8568	47	1.27355	-0.146514	0.0200984	-0.12269	0.000749342	3
346	0.603757	53.9698	47	1.14829	-0.142102	0.0202299	-0.122682	0.000749302	3
347	0.603757	63.1742	47	1.34413	-0.132614	0.0204678	-0.122656	0.000749208	3
348	0.603757	46.8007	47	0.99576	-0.155035	0.0198616	-0.122706	0.000749423	3
349	0.603757	75.638	47	1.60932	-0.164319	0.0195864	-0.122733	0.000749508	3
350	0.603757	71.5451	47	1.52224	-0.18011	0.0191781	-0.122767	0.000749663	3
351	0.603757	60.5725	47	1.28878	-0.207142	0.0185048	-0.122831	0.000749931	3
352	0.603757	60.0928	47	1.27857	-0.076957	0.0219599	-0.122515	0.000748673	3
353	0.603757	58.7359	47	1.2497	-0.0919646	0.0215379	-0.122553	0.000748813	3
354	0.603757	73.7574	47	1.56931	-0.0845101	0.021716	-0.122534	0.000748738	3
355	0.603757	70.1415	47	1.49237	-0.101784	0.021262	-0.122581	0.000748906	3
356	0.603757	64.173	47	1.36538	-0.115619	0.0208995	-0.122615	0.00074904	3
357	0.603757	69.3911	47	1.47641	-0.12894	0.0205504	-0.122646	0.00074917	3
358	0.603757	55.588	47	1.18272	-0.149399	0.0200289	-0.122695	0.000749371	3
359	0.603757	59.7293	47	1.27084	-0.147326	0.0200997	-0.122692	0.000749353	3
360	0.603757	53.4004	47	1.13618	-0.152354	0.0199482	-0.122701	0.000749399	3
361	0.603757	95.992	47	2.04238	-0.0534879	0.0225676	-0.122461	0.000748444	3
362	0.603757	66.3562	47	1.41183	-0.0609549	0.0224046	-0.12248	0.000748522	3
363	0.603757	73.5441	47	1.56477	-0.0860527	0.0216866	-0.122538	0.000748755	3
364	0.603757	74.9452	47	1.59458	-0.111498	0.0209798	-0.122604	0.000748996	3
365	0.603757	57.1289	47	1.21551	-0.100156	0.0213218	-0.122576	0.000748893	3
366	0.603757	56.1231	47	1.19411	-0.0969043	0.0214	-0.122566	0.00074886	3
367	0.603757	77.0542	47	1.63945	-0.108102	0.0210691	-0.122596	0.000748963	3
368	0.603757	52.531	47	1.11768	-0.140243	0.0202624	-0.122676	0.000749281	3
369	0.603757	53.5645	47	1.13967	-0.140281	0.0202344	-0.122676	0.000749277	3
370	0.603757	97.8596	47	2.08212	0.0882993	0.0267874	-0.122106	0.000747172	3
371	0.603757	74.3758	47	1.58246	0.0635558	0.0260642	-0.122168	0.000747396	3
372	0.603757	94.9013	47	2.01918	-0.0879484	0.021628	-0.122543	0.000748772	3
373	0.603757	54.777	47	1.16547	-0.0808602	0.0218749	-0.122525	0.000748714	3
374	0.603757	67.9521	47	1.44579	-0.0841294	0.0217704	-0.122533	0.000748742	3
375	0.603757	68.2101	47	1.45128	-0.0863379	0.02169	-0.122539	0.00074876	3
376	0.603757	70.2897	47	1.49553	-0.111139	0.0210413	-0.122604	0.000749001	3
377	0.603757	79.6143	47	1.69392	0.0421285	0.025463	-0.122222	0.000747595	3
378	0.603757	49.2645	47	1.04818	-0.0254721	0.0235538	-0.122391	0.00074822	3
379	0.603757	67.6819	47	1.44004	-0.150347	0.0200412	-0.122698	0.000749386	3
380	0.603757	71.1357	47	1.51353	-0.132384	0.020509	-0.122655	0.000749211	3
381	0.603757	71.7703	47	1.52703	-0.16388	0.019685	-0.122732	0.000749517	3
382	0.603757	64.5519	47	1.37345	-0.197604	0.0187515	-0.122812	0.000749838	3
383	0.603757	53.1119	47	1.13004	-0.197021	0.0187947	-0.122811	0.000749836	3
384	0.603757	71.0998	47	1.51276	-0.268266	0.0170058	-0.122969	0.000750537	3
385	0.603757	57.003	47	1.21283	-0.288688	0.0165202	-0.123013	0.00075074	3
386	0.603757	50.7143	47	1.07903	-0.106703	0.0212469	-0.122592	0.000748973	3
387	0.603757	51.2993	47	1.09147	-0.132728	0.0204973	-0.122656	0.000749214	3
388	0.603757	62.3036	47	1.32561	-0.156889	0.0198418	-0.12271	0.000749445	3
389	0.603757	53.9757	47	1.14842	-0.154499	0.0199271	-0.122705	0.000749425	3
390	0.603757	55.0606	47	1.1715	-0.18321	0.0191799	-0.122775	0.000749705	3
391	0.603757	57.3126	47	1.21942	-0.146587	0.0201455	-0.122691	0.00074935	3
392	0.603757	44.7106	47	0.95129	-0.194319	0.0188971	-0.122806	0.000749814	3
393	0.603757	51.9619	47	1.10557	-0.196874	0.0188131	-0.122811	0.000749836	3
394	0.603757	56.0308	47	1.19214	-0.220509	0.0182322	-0.122861	0.000750071	3
395	0.603757	68.7673	47	1.46313	-0.184363	0.0190901	-0.122779	0.000749708	3
396	0.603757	52.7308	47	1.12193	-0.218796	0.0182229	-0.122858	0.000750047	3
397	0.603757	61.7745	47	1.31435	-0.142057	0.0202572	-0.122681	0.000749305	3
398	0.603757	52.0545	47	1.10754	-0.122466	0.0207622	-0.122631	0.000749114	3
399	0.603757	66.4818	47	1.41451	-0.14018	0.0202876	-0.122675	0.000749284	3
400	0.603757	53.5249	47	1.13883	-0.158932	0.0198014	-0.122714	0.000749467	3
401	0.603757	61.6286	47	1.31125	-0.177163	0.0193106	-0.122758	0.000749642	3
402	0.603757	59.5397	47	1.2668	-0.201315	0.0187039	-0.122816	0.00074988	3
403	0.603757	63.3861	47	1.34864	-0.17313	0.0193979	-0.122747	0.0007496	3
404	0.603757	55.537	47	1.18164	-0.201768	0.0186927	-0.122821	0.000749885	3
405	0.603757	57.7247	47	1.22818	-0.21136	0.0184532	-0.122841	0.00074998	3
406	0.603757	70.9165	47	1.50886	-0.236556	0.0178144	-0.1229	0.000750227	3
407	0.603757	58.3493	47	1.24148	-0.26014	0.0172354	-0.122953	0.00075046	3
408	0.603757	57.0781	47	1.21443	-0.103748	0.0212652	-0.122585	0.000748934	3
409	0.603757	52.4229	47	1.11538	-0.089655	0.0216677	-0.122547	0.000748803	3
410	0.603757	58.2898	47	1.24021	-0.118194	0.020857	-0.122621	0.00074907	3
411	0.603757	65.5303	47	1.39426	-0.133451	0.0204455	-0.122658	0.000749216	3
412	0.603757	64.5006	47	1.37235	-0.152151	0.0199611	-0.122701	0.000749398	3
413	0.603757	60.8592	47	1.29488	-0.156339	0.0198496	-0.122709	0.000749439	3
414	0.603757	64.0706	47	1.3632	-0.185726	0.0190781	-0.122783	0.000749724	3
415	0.603757	45.9412	47	0.977472	-0.170559	0.0195058	-0.122748	0.000749581	3
416	0.603757	49.4122	47	1.05132	-0.193987	0.0188784	-0.122805	0.000749807	3
417	0.603757	59.3373	47	1.2625	-0.229423	0.0179699	-0.122884	0.000750154	3
418	0.603757	58.6665	47	1.24822	-0.241886	0.0176756	-0.122912	0.000750279	3
419	0.603757	55.6823	47	1.18473	-0.276574	0.0167962	-0.122987	0.000750619	3
420	0.603757	86.9134	47	1.84922	0.0255236	0.024903	-0.122261	0.000747729	3
421	0.603757	62.0821	47	1.32089	-0.0203176	0.0236142	-0.122378	0.000748156	3
422	0.603757	63.9665	47	1.36099	-0.0789135	0.0219688	-0.12252	0.000748702	3
423	0.603757	59.7904	47	1.27214	-0.0995036	0.021399	-0.122575	0.000748897	3
424	0.603757	46.8311	47	0.996406	-0.106965	0.021206	-0.122593	0.00074897	3
425	0.603757	49.3532	47	1.05007	-0.117932	0.0209104	-0.12262	0.000749075	3
426	0.603757	65.8086	47	1.40018	-0.132818	0.0204459	-0.122657	0.000749207	3
427	0.603757	50.0837	47	1.06561	-0.162874	0.0196668	-0.122729	0.000749501	3
428	0.603757	60.9573	47	1.29696	-0.167121	0.0195506	-0.12274	0.000749541	3
429	0.603757	68.8998	47	1.46595	-0.186474	0.019044	-0.122786	0.00074973	3
430	0.603757	44.5785	47	0.948479	-0.162566	0.0197026	-0.122728	0.000749502	3
431	0.603757	49.2595	47	1.04808	-0.195826	0.0188445	-0.122809	0.000749827	3
432	0.603757	72.9647	47	1.55244	-0.222782	0.0181011	-0.122865	0.000750084	3
433	0.603757	52.9564	47	1.12673	-0.220248	0.0182206	-0.122861	0.000750066	3
434	0.603757	50.378	47	1.07187	-0.246122	0.0175598	-0.122921	0.000750319	3
435	0.603757	51.6854	47	1.09969	0.00112769	0.0242729	-0.122324	0.000747968	3
436	0.603757	77.8631	47	1.65666	-0.00426631	0.0240298	-0.122338	0.000747999	3
437	0.603757	67.3984	47	1.43401	-0.0592978	0.0224812	-0.122476	0.000748512	3
438	0.603757	55.5996	47	1.18297	-0.0706139	0.0221984	-0.122498	0.000748624	3
439	0.603757	47.4839	47	1.0103	-0.0949446	0.0215335	-0.122561	0.000748855	3
440	0.603757	59.1586	47	1.25869	-0.117047	0.0209208	-0.122618	0.000749064	3
441	0.603757	57.5862	47	1.22524	-0.122707	0.0207562	-0.122632	0.000749116	3
442	0.603757	71.4933	47	1.52113	-0.116286	0.020926	-0.122616	0.000749054	3
443	0.603757	57.0009	47	1.21279	-0.139116	0.0202775	-0.122672	0.000749268	3
444	0.603757	60.7645	47	1.29286	-0.138397	0.0203131	-0.12267	0.000749263	3
445	0.603757	72.2964	47	1.53822	-0.155526	0.019814	-0.122707	0.000749422	3
446	0.603757	56.4489	47	1.20104	-0.189264	0.0189867	-0.122795	0.000749759	3
447	0.603757	65.1658	47	1.38651	-0.177736	0.019265	-0.12276	0.000749643	3
448	0.603757	52.6254	47	1.11969	-0.20006	0.0187054	-0.122816	0.000749864	3
449	0.603757	99.5696	47	2.1185	0.017255	0.0246232	-0.122284	0.000747796	3
450	0.603757	65.8476	47	1.40101	-0.0579662	0.0225108	-0.122472	0.000748498	3
451	0.603757	51.5993	47	1.09786	-0.0540737	0.0226487	-0.122463	0.000748467	3
452	0.603757	67.6312	47	1.43896	-0.0840017	0.0218051	-0.122533	0.000748746	3
453	0.603757	58.5474	47	1.24569	-0.103524	0.0212674	-0.122584	0.000748932	3
454	0.603757	52.1511	47	1.1096	-0.0950139	0.0215084	-0.122561	0.000748852	3
455	0.603757	51.8995	47	1.10424	-0.119091	0.02083	-0.122623	0.000749078	3
456	0.603757	62.4167	47	1.32801	-0.130862	0.0205151	-0.122658	0.000749191	3
457	0.603757	59.599	47	1.26806	-0.14805	0.0200286	-0.122692	0.000749352	3
458	0.603757	53.9399	47	1.14766	-0.177357	0.0192606	-0.122759	0.000749637	3
459	0.603757	69.3776	47	1.47612	-0.18465	0.0190846	-0.12278	0.000749711	3
460	0.603757	70.4237	47	1.49838	-0.178878	0.0192297	-0.122763	0.000749653	3
461	0.603757	64.5447	47	1.37329	-0.0676572	0.022235	-0.122496	0.000748588	3
462	0.603757	74.7402	47	1.59022	-0.0710214	0.0221269	-0.122505	0.000748617	3
463	0.603757	63.5848	47	1.35287	-0.0926145	0.0215385	-0.122555	0.000748823	3
464	0.603757	73.6882	47	1.56783	-0.0933699	0.021506	-0.122557	0.000748828	3
465	0.603757	63.3538	47	1.34795	-0.0962226	0.0214362	-0.122564	0.000748857	3
466	0.603757	46.3698	47	0.986591	-0.111729	0.0210524	-0.122605	0.000749011	3
467	0.603757	62.2687	47	1.32487	-0.100784	0.0213261	-0.122578	0.000748903	3
468	0.603757	49.7311	47	1.05811	-0.156761	0.0198496	-0.12271	0.000749444	3
469	0.603757	75.4412	47	1.60513	-0.130847	0.0204638	-0.122647	0.000749182	3
470	0.603757	69.6481	47	1.48188	-0.130318	0.0205	-0.12265	0.000749181	3
471	0.603757	66.107	47	1.40653	-0.170775	0.0194222	-0.122749	0.000749572	3
472	0.603757	73.9411	47	1.57322	-0.0672213	0.0222145	-0.122495	0.000748578	3
473	0.603757	63.3539	47	1.34796	-0.0668731	0.0222655	-0.122494	0.000748583	3
474	0.603757	66.7588	47	1.4204	-0.0652656	0.0222944	-0.12249	0.000748565	3
475	0.603757	63.1997	47	1.34467	-0.0999975	0.021358	-0.122576	0.000748897	3
476	0.603757	62.4973	47	1.32973	-0.111037	0.0210215	-0.122603	0.000748996	3
477	0.603757	74.8976	47	1.59357	-0.109811	0.0210623	-0.1226	0.000748986	3
478	0.603757	40.3366	47	0.858225	-0.111646	0.0210405	-0.122605	0.000749008	3
479	0.603757	55.0162	47	1.17056	-0.150212	0.0199917	-0.122697	0.000749376	3
480	0.603757	59.2102	47	1.25979	-0.0597441	0.022422	-0.122477	0.000748508	3
481	0.603757	71.373	47	1.51858	-0.0726486	0.022065	-0.122504	0.000748629	3
482	0.603757	81.4266	47	1.73248	-0.0833323	0.021734	-0.122531	0.000748724	3
483	0.603757	69.0497	47	1.46914	-0.10818	0.021096	-0.122596	0.000748968	3
484	0.603757	53.6824	47	1.14218	-0.115891	0.0208984	-0.122615	0.000749044	3
485	0.603757	56.4797	47	1.2017	-0.130535	0.0205002	-0.122657	0.000749184	3
486	0.603757	59.5802	47	1.26766	-0.119545	0.0208034	-0.122624	0.00074908	3
487	0.603757	67.3822	47	1.43366	-0.130183	0.0205143	-0.12265	0.000749181	3
488	0.603757	62.8423	47	1.33707	-0.170057	0.0194622	-0.122747	0.000749568	3
489	0.603757	74.2223	47	1.5792	-0.0688826	0.0221895	-0.122499	0.000748598	3
490	0.603757	98.021	47	2.08555	-0.0779062	0.0218898	-0.122518	0.000748674	3
491	0.603757	80.381	47	1.71023	-0.0777838	0.0219247	-0.122517	0.000748678	3
492	0.603757	59.4686	47	1.26529	-0.118879	0.0208321	-0.122622	0.000749075	3
493	0.603757	68.6139	47	1.45987	-0.0921999	0.0215336	-0.122554	0.000748816	3
494	0.603757	62.6214	47	1.33237	-0.0336396	0.0232756	-0.122412	0.000748287	3
