0	0.60368	56.4251	47	1.20053	-0.0970153	0.0209025	-0.122568	0.000748755	3
1	0.60368	64.059	47	1.36296	-0.150133	0.0194478	-0.122691	0.000749269	3
2	0.60368	51.3347	47	1.09223	-0.216202	0.0178075	-0.12285	0.000749935	3
3	0.60368	60.4549	47	1.28628	-0.254191	0.0168904	-0.122937	0.000750319	3
4	0.60368	75.4779	47	1.60591	0.0121743	0.0238769	-0.122296	0.000747704	3
5	0.60368	53.7726	47	1.1441	-0.0916499	0.0210596	-0.122553	0.000748705	3
6	0.60368	80.0016	47	1.70216	-0.0579698	0.0218795	-0.122471	0.000748363	3
7	0.60368	51.4184	47	1.09401	-0.165693	0.0190688	-0.122728	0.000749427	3
8	0.60368	66.2425	47	1.40942	-0.19932	0.0181887	-0.122812	0.00074976	3
9	0.60368	49.5725	47	1.05473	-0.222658	0.0176452	-0.122863	0.000749999	3
10	0.60368	67.3524	47	1.43303	-0.0384763	0.0224458	-0.122423	0.000748181	3
11	0.60368	91.6306	47	1.94959	-0.0638392	0.0216837	-0.122486	0.000748413	3
12	0.60368	63.7262	47	1.35588	-0.061221	0.0218063	-0.12248	0.000748397	3
13	0.60368	65.7424	47	1.39877	-0.172731	0.0188655	-0.122746	0.000749494	3
14	0.60368	57.6519	47	1.22664	-0.243092	0.017114	-0.122912	0.000750202	3
15	0.60368	76.3901	47	1.62532	-0.0606574	0.0218073	-0.122478	0.000748389	3
16	0.60368	80.4015	47	1.71067	-0.113512	0.0203867	-0.122608	0.000748904	3
17	0.60368	52.7846	47	1.12308	-0.119131	0.0202601	-0.12262	0.000748963	3
18	0.60368	64.4909	47	1.37215	-0.138101	0.0197483	-0.122665	0.000749148	3
19	0.60368	59.1535	47	1.25858	-0.123747	0.0201492	-0.12263	0.00074901	3
20	0.60368	46.5211	47	0.98981	-0.150414	0.0194576	-0.122692	0.000749274	3
21	0.60368	68.5126	47	1.45772	-0.180141	0.0186883	-0.122767	0.000749569	3
22	0.60368	51.8071	47	1.10228	-0.190839	0.0184352	-0.122794	0.000749679	3
23	0.60368	64.4601	47	1.37149	-0.184378	0.018568	-0.12278	0.00074961	3
24	0.60368	47.779	47	1.01657	-0.181267	0.0187159	-0.12277	0.000749589	3
25	0.60368	68.8174	47	1.4642	-0.0481328	0.0221809	-0.122447	0.000748274	3
26	0.60368	39.4632	47	0.839643	-0.081989	0.021307	-0.122531	0.000748609	3
27	0.60368	47.2649	47	1.00564	-0.100845	0.02077	-0.122577	0.000748787	3
28	0.60368	66.0211	47	1.4047	-0.0838512	0.0211882	-0.122535	0.000748615	3
29	0.60368	69.0661	47	1.46949	-0.142384	0.0196305	-0.122674	0.000749189	3
30	0.60368	60.7408	47	1.29236	-0.12803	0.0200192	-0.122644	0.000749049	3
31	0.60368	62.0365	47	1.31993	-0.115879	0.0203191	-0.12261	0.000748926	3
32	0.60368	43.2168	47	0.919506	-0.165062	0.0190782	-0.122726	0.000749419	3
33	0.60368	49.9467	47	1.0627	-0.170049	0.018942	-0.122739	0.000749468	3
34	0.60368	50.7653	47	1.08011	-0.189203	0.0184627	-0.122791	0.000749661	3
35	0.60368	58.8885	47	1.25295	-0.192673	0.0183562	-0.122797	0.000749693	3
36	0.60368	66.1025	47	1.40644	-0.213071	0.0178283	-0.122844	0.000749896	3
37	0.60368	69.2667	47	1.47376	-0.225362	0.0175137	-0.122869	0.000750019	3
38	0.60368	70.4542	47	1.49903	-0.0185908	0.0229866	-0.122373	0.000747989	3
39	0.60368	65.2782	47	1.3889	-0.0325162	0.0226094	-0.122408	0.000748124	3
40	0.60368	57.7932	47	1.22964	-0.0645373	0.0217193	-0.122488	0.000748429	3
41	0.60368	70.7389	47	1.50508	-0.0765633	0.0214038	-0.122517	0.000748548	3
42	0.60368	57.358	47	1.22038	-0.0847069	0.0211716	-0.122538	0.000748625	3
43	0.60368	52.9727	47	1.12708	-0.105357	0.0206384	-0.122588	0.00074883	3
44	0.60368	55.4703	47	1.18022	-0.0854746	0.0211169	-0.122539	0.000748626	3
45	0.60368	52.0703	47	1.10788	-0.114065	0.0203758	-0.122609	0.00074891	3
46	0.60368	62.7271	47	1.33462	-0.152274	0.0193613	-0.122702	0.000749286	3
47	0.60368	59.415	47	1.26415	-0.161228	0.0191567	-0.122724	0.000749379	3
48	0.60368	59.2841	47	1.26136	-0.156169	0.0192718	-0.122711	0.000749326	3
49	0.60368	58.8167	47	1.25142	-0.180554	0.0186519	-0.122769	0.00074957	3
50	0.60368	55.6595	47	1.18424	-0.192401	0.018372	-0.122797	0.000749692	3
51	0.60368	39.7601	47	0.845959	-0.198596	0.0182506	-0.122811	0.000749758	3
52	0.60368	52.0622	47	1.10771	-0.23184	0.0174103	-0.122884	0.000750091	3
53	0.60368	72.2862	47	1.538	-0.189215	0.0184047	-0.12279	0.000749653	3
54	0.60368	70.583	47	1.50177	-0.218463	0.0176931	-0.122854	0.00074995	3
55	0.60368	67.07	47	1.42702	-0.0399471	0.0223678	-0.122427	0.000748188	3
56	0.60368	54.2623	47	1.15452	-0.0394874	0.022391	-0.122426	0.000748186	3
57	0.60368	55.6296	47	1.18361	-0.0643762	0.0217265	-0.122487	0.000748428	3
58	0.60368	70.6752	47	1.50373	-0.0796865	0.0213026	-0.122525	0.000748575	3
59	0.60368	62.2495	47	1.32446	-0.075586	0.0214129	-0.122515	0.000748535	3
60	0.60368	66.6811	47	1.41875	-0.106052	0.0205811	-0.12259	0.00074883	3
61	0.60368	55.1168	47	1.1727	-0.140581	0.0197002	-0.12267	0.000749175	3
62	0.60368	94.0346	47	2.00074	-0.164206	0.0190346	-0.122724	0.000749401	3
63	0.60368	58.439	47	1.24338	-0.15508	0.0193114	-0.122709	0.000749317	3
64	0.60368	67.0211	47	1.42598	-0.162657	0.0190997	-0.122727	0.00074939	3
65	0.60368	62.5774	47	1.33143	-0.173888	0.0187915	-0.12275	0.000749499	3
66	0.60368	50.3048	47	1.07031	-0.166658	0.0190228	-0.12273	0.000749433	3
67	0.60368	68.3961	47	1.45524	-0.189702	0.0184262	-0.122791	0.000749663	3
68	0.60368	69.1223	47	1.47069	0.0326283	0.024391	-0.122246	0.000747499	3
69	0.60368	58.4415	47	1.24344	-0.0188166	0.0229573	-0.122374	0.000747987	3
70	0.60368	78.182	47	1.66345	-0.0492534	0.0221003	-0.12245	0.000748276	3
71	0.60368	62.5141	47	1.33009	-0.0798598	0.0212973	-0.122526	0.000748577	3
72	0.60368	80.3339	47	1.70923	-0.0667322	0.0215941	-0.122493	0.000748439	3
73	0.60368	69.3014	47	1.4745	-0.0684358	0.0216127	-0.122497	0.000748467	3
74	0.60368	68.7118	47	1.46195	-0.0875178	0.0210705	-0.122544	0.000748648	3
75	0.60368	49.225	47	1.04734	-0.0982417	0.0208015	-0.122571	0.000748756	3
76	0.60368	72.2683	47	1.53762	-0.127404	0.0200022	-0.122642	0.000749038	3
77	0.60368	74.2104	47	1.57895	-0.151482	0.0193512	-0.1227	0.000749273	3
78	0.60368	62.1523	47	1.32239	-0.157353	0.0192381	-0.122714	0.000749337	3
79	0.60368	66.7065	47	1.41929	-0.177852	0.0186937	-0.122761	0.000749539	3
80	0.60368	54.9083	47	1.16826	0.0478967	0.0248994	-0.122208	0.000747372	3
81	0.60368	96.3995	47	2.05105	0.0238883	0.0241007	-0.122265	0.000747572	3
82	0.60368	77.7042	47	1.65328	-0.0540599	0.0219436	-0.122462	0.000748317	3
83	0.60368	61.7933	47	1.31475	-0.0293277	0.0226674	-0.1224	0.000748088	3
84	0.60368	52.253	47	1.11177	-0.073357	0.0214543	-0.12251	0.00074851	3
85	0.60368	65.7403	47	1.39873	-0.0744456	0.0213996	-0.122512	0.000748517	3
86	0.60368	70.0265	47	1.48992	-0.101643	0.0206814	-0.122579	0.000748784	3
87	0.60368	76.0352	47	1.61777	-0.0894836	0.0209933	-0.122549	0.000748663	3
88	0.60368	70.0044	47	1.48946	-0.120038	0.0202231	-0.122623	0.000748969	3
89	0.60368	46.6827	47	0.993249	-0.106298	0.0206083	-0.122591	0.000748838	3
90	0.60368	50.9848	47	1.08478	-0.151497	0.0194313	-0.122694	0.000749285	3
91	0.60368	63.8382	47	1.35826	-0.113524	0.020353	-0.122608	0.000748899	3
92	0.60368	70.6325	47	1.50282	-0.178038	0.0187007	-0.122761	0.000749543	3
93	0.60368	71.9335	47	1.5305	-0.174988	0.0187391	-0.122753	0.000749507	3
94	0.60368	66.3132	47	1.41092	-0.203387	0.0180621	-0.122821	0.000749797	3
95	0.60368	121.117	47	2.57695	0.0268208	0.0241275	-0.12226	0.000747534	3
96	0.60368	75.8595	47	1.61403	-0.0145945	0.0230153	-0.122363	0.000747936	3
97	0.60368	74.9449	47	1.59457	-0.0661763	0.0216011	-0.122492	0.000748432	3
98	0.60368	50.7667	47	1.08014	-0.0499612	0.0220877	-0.122452	0.000748284	3
99	0.60368	56.1866	47	1.19546	-0.0642795	0.0216995	-0.122487	0.000748422	3
100	0.60368	63.0357	47	1.34118	-0.064751	0.0216719	-0.122488	0.000748424	3
101	0.60368	78.5044	47	1.67031	-0.0756966	0.0213675	-0.122515	0.000748529	3
102	0.60368	68.7361	47	1.46247	-0.0928078	0.0209183	-0.122556	0.000748698	3
103	0.60368	58.8109	47	1.2513	-0.108961	0.0204956	-0.122597	0.000748857	3
104	0.60368	61.587	47	1.31036	-0.128016	0.0200027	-0.122644	0.000749047	3
105	0.60368	62.8108	47	1.3364	-0.0355042	0.0224566	-0.122416	0.000748139	3
106	0.60368	68.1611	47	1.45024	-0.0675883	0.0215579	-0.122495	0.000748445	3
107	0.60368	60.9165	47	1.29609	-0.0698369	0.0215219	-0.122501	0.000748471	3
108	0.60368	64.11	47	1.36404	-0.0695429	0.0215408	-0.1225	0.00074847	3
109	0.60368	83.2654	47	1.77161	-0.108688	0.0204717	-0.122596	0.000748849	3
110	0.60368	65.3236	47	1.38986	-0.123993	0.0200624	-0.122634	0.000749	3
111	0.60368	49.8119	47	1.05983	-0.120368	0.0201842	-0.122624	0.000748968	3
112	0.60368	59.9815	47	1.2762	-0.131365	0.0198896	-0.122652	0.000749076	3
113	0.60368	81.0737	47	1.72497	-0.10199	0.0206139	-0.12258	0.000748778	3
114	0.60368	64.5538	47	1.37349	0.0178061	0.0240041	-0.122287	0.000747645	3
115	0.60368	85.6855	47	1.8231	-0.0265613	0.0226906	-0.122393	0.000748051	3
116	0.60368	89.4811	47	1.90385	-0.0884874	0.0210002	-0.122547	0.00074865	3
117	0.60368	57.2071	47	1.21717	-0.0763024	0.0213809	-0.122517	0.00074854	3
118	0.60368	66.9217	47	1.42387	-0.0652719	0.0216537	-0.12249	0.000748428	3
119	0.60368	69.5742	47	1.4803	-0.103121	0.0206305	-0.122583	0.000748797	3
120	0.60368	52.3439	47	1.1137	-0.131947	0.0199163	-0.122654	0.000749088	3
121	0.60368	86.9399	47	1.84978	0.0386018	0.0246331	-0.122231	0.000747458	3
122	0.60368	73.8267	47	1.57078	-0.0782297	0.0213447	-0.122522	0.000748562	3
123	0.60368	77.5526	47	1.65005	-0.0778603	0.0213477	-0.122521	0.000748557	3
124	0.60368	52.8907	47	1.12533	-0.197136	0.0183475	-0.122803	0.000749751	3
125	0.60368	51.2173	47	1.08973	-0.222597	0.0177027	-0.122863	0.000750005	3
126	0.60368	52.9682	47	1.12698	-0.21134	0.017929	-0.122842	0.000749886	3
127	0.60368	42.9768	47	0.9144	-0.0460298	0.0222782	-0.122442	0.000748261	3
128	0.60368	66.2569	47	1.40972	-0.11251	0.0204368	-0.122606	0.000748898	3
129	0.60368	44.1521	47	0.939406	-0.171781	0.0189564	-0.122744	0.000749494	3
130	0.60368	46.1845	47	0.982648	-0.186516	0.0185712	-0.122785	0.000749639	3
131	0.60368	56.6284	47	1.20486	-0.207726	0.0180103	-0.122832	0.000749848	3
132	0.60368	55.1094	47	1.17254	-0.239085	0.0172562	-0.122903	0.000750167	3
133	0.60368	57.7466	47	1.22865	-0.118853	0.0202863	-0.122619	0.000748963	3
134	0.60368	56.8804	47	1.21022	-0.180603	0.0186906	-0.122769	0.000749576	3
135	0.60368	70.4662	47	1.49928	-0.20333	0.0181236	-0.122821	0.000749805	3
136	0.60368	73.5861	47	1.56566	-0.22453	0.0175694	-0.122867	0.000750015	3
137	0.60368	70.3041	47	1.49583	0.00161617	0.0235624	-0.122323	0.0007478	3
138	0.60368	52.3968	47	1.11483	-0.0832369	0.0212338	-0.122534	0.000748614	3
139	0.60368	73.9618	47	1.57365	-0.110361	0.0204742	-0.1226	0.000748874	3
140	0.60368	76.8707	47	1.63555	-0.125038	0.020107	-0.122636	0.000749021	3
141	0.60368	45.0643	47	0.958814	-0.140428	0.0197352	-0.12267	0.000749178	3
142	0.60368	60.6407	47	1.29023	-0.14575	0.0195672	-0.122681	0.000749226	3
143	0.60368	73.9049	47	1.57244	-0.189418	0.0184496	-0.122791	0.000749662	3
144	0.60368	57.4524	47	1.22239	-0.171179	0.0189159	-0.122742	0.00074948	3
145	0.60368	55.8603	47	1.18852	-0.176945	0.0187782	-0.122758	0.000749539	3
146	0.60368	54.3656	47	1.15671	-0.170157	0.0189478	-0.122739	0.00074947	3
147	0.60368	68.233	47	1.45177	-0.0949627	0.0208966	-0.122562	0.000748725	3
148	0.60368	54.5266	47	1.16014	-0.0854704	0.0211727	-0.122539	0.000748636	3
149	0.60368	47.8553	47	1.0182	-0.0860939	0.0211699	-0.122541	0.000748644	3
150	0.60368	86.9143	47	1.84924	-0.0838319	0.0211476	-0.122535	0.000748608	3
151	0.60368	78.3425	47	1.66686	-0.139921	0.0196539	-0.122669	0.000749158	3
152	0.60368	72.8473	47	1.54994	-0.115898	0.0203154	-0.122611	0.000748926	3
153	0.60368	73.8789	47	1.57189	-0.156191	0.0192547	-0.122712	0.000749324	3
154	0.60368	48.8254	47	1.03884	-0.147759	0.019547	-0.122686	0.000749251	3
155	0.60368	53.7775	47	1.1442	-0.153608	0.0193753	-0.122705	0.000749306	3
156	0.60368	45.0115	47	0.957691	-0.145071	0.0196011	-0.12268	0.000749222	3
157	0.60368	61.6332	47	1.31134	-0.20812	0.0179831	-0.122833	0.00074985	3
158	0.60368	64.1625	47	1.36516	-0.203242	0.018109	-0.12282	0.000749802	3
159	0.60368	69.1879	47	1.47208	-0.0458889	0.022215	-0.122441	0.000748247	3
160	0.60368	52.7435	47	1.1222	-0.0850898	0.0211846	-0.122539	0.000748633	3
161	0.60368	58.2134	47	1.23858	-0.0839009	0.0212097	-0.122536	0.00074862	3
162	0.60368	59.8069	47	1.27249	-0.0866092	0.0211311	-0.122542	0.000748645	3
163	0.60368	51.6374	47	1.09867	-0.0985652	0.0207873	-0.122572	0.000748758	3
164	0.60368	87.3491	47	1.85849	-0.170341	0.0188927	-0.12274	0.000749465	3
165	0.60368	56.091	47	1.19343	-0.142848	0.0196291	-0.122675	0.000749195	3
166	0.60368	50.7523	47	1.07984	-0.16378	0.0191108	-0.12273	0.000749407	3
167	0.60368	59.8126	47	1.27261	-0.186332	0.0185242	-0.122784	0.000749631	3
168	0.60368	58.5698	47	1.24617	-0.181304	0.0186403	-0.122771	0.000749579	3
169	0.60368	53.5704	47	1.1398	-0.200843	0.018143	-0.122815	0.000749774	3
170	0.60368	53.7211	47	1.143	-0.18741	0.0185124	-0.122787	0.000749644	3
171	0.60368	73.6245	47	1.56648	0.0493034	0.0249168	-0.122204	0.000747354	3
172	0.60368	60.0852	47	1.27841	-0.063052	0.0217509	-0.122484	0.000748414	3
173	0.60368	47.5253	47	1.01118	-0.0569807	0.0219373	-0.122469	0.000748359	3
174	0.60368	53.5334	47	1.13901	-0.0910864	0.0210012	-0.122553	0.000748687	3
175	0.60368	60.9554	47	1.29692	-0.0868677	0.0211247	-0.122543	0.000748648	3
176	0.60368	48.8227	47	1.03878	-0.113674	0.0204302	-0.122608	0.000748913	3
177	0.60368	51.4842	47	1.09541	-0.123724	0.020152	-0.122631	0.00074901	3
178	0.60368	57.9891	47	1.23381	-0.109448	0.0205156	-0.122598	0.000748867	3
179	0.60368	59.5447	47	1.26691	-0.13526	0.0198133	-0.122664	0.000749118	3
180	0.60368	64.3225	47	1.36856	-0.146783	0.0194883	-0.122683	0.000749228	3
181	0.60368	55.9547	47	1.19053	-0.174196	0.0188029	-0.122751	0.000749505	3
182	0.60368	57.0443	47	1.21371	-0.136114	0.0198193	-0.122661	0.000749131	3
183	0.60368	57.752	47	1.22877	-0.184369	0.0185561	-0.12278	0.000749609	3
184	0.60368	65.2872	47	1.38909	-0.183319	0.0186021	-0.122778	0.000749601	3
185	0.60368	77.6777	47	1.65272	-0.0507153	0.0220637	-0.122453	0.00074829	3
186	0.60368	79.2776	47	1.68676	-0.0508277	0.0220525	-0.122454	0.00074829	3
187	0.60368	56.1875	47	1.19548	-0.06414	0.0217241	-0.122487	0.000748425	3
188	0.60368	59.1134	47	1.25773	-0.0716095	0.0215083	-0.122505	0.000748495	3
189	0.60368	67.4286	47	1.43465	-0.0779815	0.0213157	-0.122521	0.000748553	3
190	0.60368	52.2379	47	1.11145	-0.10983	0.020507	-0.122599	0.000748871	3
191	0.60368	68.8515	47	1.46493	-0.126004	0.0200524	-0.122638	0.000749026	3
192	0.60368	87.0687	47	1.85253	-0.118174	0.0202103	-0.122617	0.000748941	3
193	0.60368	69.9211	47	1.48768	-0.131459	0.0198717	-0.122653	0.000749074	3
194	0.60368	55.876	47	1.18885	-0.141768	0.0196154	-0.122672	0.000749178	3
195	0.60368	68.7126	47	1.46197	-0.160628	0.0191359	-0.122722	0.000749367	3
196	0.60368	61.6362	47	1.31141	-0.193206	0.0183197	-0.122803	0.000749696	3
197	0.60368	78.2788	47	1.66551	-0.168249	0.0188991	-0.122735	0.000749437	3
198	0.60368	48.2491	47	1.02658	-0.00462284	0.0234141	-0.122339	0.000747864	3
199	0.60368	79.0298	47	1.68148	-0.046393	0.0221698	-0.122443	0.000748246	3
200	0.60368	65.1174	47	1.38548	-0.0702753	0.0215321	-0.122502	0.000748479	3
201	0.60368	80.8236	47	1.71965	-0.0646661	0.0216505	-0.122488	0.000748419	3
202	0.60368	66.0933	47	1.40624	-0.0843387	0.0211494	-0.122537	0.000748616	3
203	0.60368	53.3191	47	1.13445	-0.0841384	0.0211691	-0.122536	0.000748616	3
204	0.60368	64.519	47	1.37274	-0.11685	0.0202675	-0.122613	0.000748932	3
205	0.60368	49.6989	47	1.05742	-0.121936	0.0201737	-0.122628	0.000748988	3
206	0.60368	68.1976	47	1.45101	-0.13496	0.0198195	-0.122663	0.000749115	3
207	0.60368	90.4612	47	1.92471	-0.0782221	0.0212481	-0.122522	0.000748545	3
208	0.60368	77.2252	47	1.64309	-0.123797	0.0200598	-0.122633	0.000748996	3
209	0.60368	58.938	47	1.254	-0.1382	0.0197199	-0.122665	0.000749145	3
210	0.60368	60.3412	47	1.28386	-0.144964	0.0195317	-0.122679	0.00074921	3
211	0.60368	55.2482	47	1.17549	-0.183636	0.0185502	-0.122778	0.000749598	3
212	0.60368	62.453	47	1.32879	0.0666317	0.0254091	-0.122161	0.000747192	3
213	0.60368	70.4562	47	1.49907	0.0386767	0.0245939	-0.122231	0.000747449	3
214	0.60368	48.5633	47	1.03326	-0.00944512	0.0232605	-0.122351	0.000747906	3
215	0.60368	99.6814	47	2.12088	-0.0237886	0.0227422	-0.122386	0.00074802	3
216	0.60368	67.3132	47	1.4322	-0.0276851	0.0226467	-0.122396	0.00074806	3
217	0.60368	69.9272	47	1.48781	-0.0675666	0.0215638	-0.122495	0.000748446	3
218	0.60368	69.9272	47	1.48781	-0.0532347	0.021964	-0.12246	0.000748309	3
219	0.60368	55.6151	47	1.1833	-0.078547	0.0212955	-0.122522	0.000748558	3
220	0.60368	51.2029	47	1.08942	-0.0941861	0.0208965	-0.12256	0.000748714	3
221	0.60368	63.4837	47	1.35072	-0.104406	0.0205999	-0.122586	0.00074881	3
222	0.60368	71.8802	47	1.52937	-0.0967731	0.0208231	-0.122567	0.000748738	3
223	0.60368	52.6332	47	1.11985	-0.129073	0.0199808	-0.122642	0.000749058	3
224	0.60368	55.2233	47	1.17496	-0.00691697	0.0233211	-0.122344	0.00074788	3
225	0.60368	66.402	47	1.41281	-0.0482389	0.0221	-0.122447	0.000748261	3
226	0.60368	78.8912	47	1.67854	-0.0408892	0.0222831	-0.122429	0.000748186	3
227	0.60368	96.5231	47	2.05368	-0.0564376	0.021836	-0.122468	0.000748333	3
228	0.60368	54.6116	47	1.16195	-0.0552622	0.0219252	-0.122465	0.000748331	3
229	0.60368	72.8789	47	1.55061	-0.0629267	0.0216965	-0.122484	0.000748402	3
230	0.60368	63.7483	47	1.35635	-0.1171	0.0202918	-0.122614	0.000748939	3
231	0.60368	54.9292	47	1.16871	-0.107837	0.0205066	-0.122594	0.000748843	3
232	0.60368	58.6761	47	1.24843	-0.106107	0.020554	-0.12259	0.000748826	3
233	0.60368	61.9385	47	1.31784	-0.142424	0.0196138	-0.122674	0.000749187	3
234	0.60368	69.7794	47	1.48467	-0.172914	0.0188212	-0.122747	0.00074949	3
235	0.60368	86.1767	47	1.83355	-0.101818	0.0206191	-0.12258	0.000748776	3
236	0.60368	79.5437	47	1.69242	-0.00864788	0.0232183	-0.122349	0.000747886	3
237	0.60368	63.8813	47	1.35918	-0.080871	0.0212416	-0.122528	0.000748582	3
238	0.60368	81.1921	47	1.72749	-0.0640604	0.0216773	-0.122487	0.000748415	3
239	0.60368	72.0591	47	1.53317	-0.105152	0.0205676	-0.122588	0.000748815	3
240	0.60368	82.1908	47	1.74874	-0.103661	0.0206365	-0.122584	0.000748805	3
241	0.60368	74.9162	47	1.59396	0.0434135	0.0247992	-0.122219	0.000747419	3
242	0.60368	55.6461	47	1.18396	-0.0399322	0.0224574	-0.122427	0.000748205	3
243	0.60368	63.0787	47	1.3421	-0.0562187	0.0220178	-0.122467	0.000748362	3
244	0.60368	44.1362	47	0.939069	-0.107919	0.0206445	-0.122595	0.000748867	3
245	0.60368	49.3715	47	1.05046	-0.120773	0.0203084	-0.122624	0.000748993	3
246	0.60368	43.9996	47	0.936162	-0.1588	0.0192891	-0.122718	0.000749365	3
247	0.60368	62.5726	47	1.33133	-0.167028	0.0190019	-0.122731	0.000749435	3
248	0.60368	53.0854	47	1.12948	-0.189108	0.0184779	-0.12279	0.000749662	3
249	0.60368	45.8988	47	0.976571	-0.116168	0.020434	-0.122611	0.000748949	3
250	0.60368	58.1744	47	1.23775	-0.24407	0.0171599	-0.122914	0.00075022	3
251	0.60368	60.6396	47	1.2902	-0.252237	0.0169202	-0.122932	0.000750298	3
252	0.60368	73.9095	47	1.57254	-0.0205693	0.0229623	-0.122378	0.000748014	3
253	0.60368	63.2863	47	1.34652	-0.0914572	0.0210474	-0.122552	0.0007487	3
254	0.60368	45.6019	47	0.970252	-0.111768	0.020514	-0.122604	0.0007489	3
255	0.60368	57.831	47	1.23045	-0.0902737	0.0210371	-0.122551	0.000748682	3
256	0.60368	53.7532	47	1.14369	-0.12669	0.0200817	-0.12264	0.00074904	3
257	0.60368	54.0202	47	1.14937	-0.128513	0.0200259	-0.122645	0.000749057	3
258	0.60368	56.1013	47	1.19365	-0.140076	0.0197456	-0.12267	0.000749175	3
259	0.60368	67.8432	47	1.44347	-0.172608	0.0188941	-0.122746	0.000749496	3
260	0.60368	57.7666	47	1.22908	-0.176457	0.0188194	-0.122757	0.000749538	3
261	0.60368	49.9768	47	1.06334	-0.147472	0.019571	-0.122685	0.00074925	3
262	0.60368	56.7652	47	1.20777	-0.208453	0.0180191	-0.122834	0.000749859	3
263	0.60368	60.497	47	1.28717	-0.211087	0.0178858	-0.122841	0.000749877	3
264	0.60368	62.1248	47	1.3218	-0.00331248	0.0234463	-0.122335	0.000747851	3
265	0.60368	69.2636	47	1.47369	-0.0614295	0.0218305	-0.12248	0.000748404	3
266	0.60368	57.7186	47	1.22806	-0.127956	0.0200809	-0.122643	0.000749058	3
267	0.60368	68.9676	47	1.4674	-0.117698	0.0202786	-0.122616	0.000748945	3
268	0.60368	59.2388	47	1.2604	-0.122381	0.020167	-0.12263	0.000748993	3
269	0.60368	64.7443	47	1.37754	-0.153847	0.0193539	-0.122706	0.000749306	3
270	0.60368	51.2959	47	1.0914	-0.163762	0.0191107	-0.12273	0.000749407	3
271	0.60368	50.3658	47	1.07161	-0.143958	0.0196377	-0.122678	0.000749212	3
272	0.60368	44.1396	47	0.939141	-0.186095	0.0185735	-0.122784	0.000749634	3
273	0.60368	54.8428	47	1.16687	-0.189389	0.0184567	-0.122791	0.000749663	3
274	0.60368	54.6404	47	1.16256	-0.173741	0.0188901	-0.122749	0.000749511	3
275	0.60368	57.4982	47	1.22337	-0.218763	0.0176985	-0.122855	0.000749955	3
276	0.60368	53.0793	47	1.12935	0.03299	0.0245309	-0.122245	0.000747522	3
277	0.60368	84.4751	47	1.79734	0.0301106	0.024343	-0.122252	0.000747527	3
278	0.60368	65.5766	47	1.39525	-0.0155238	0.0230714	-0.122366	0.00074796	3
279	0.60368	61.752	47	1.31387	-0.0803333	0.0213385	-0.122527	0.000748591	3
280	0.60368	43.9711	47	0.935555	-0.0861182	0.0211817	-0.122541	0.000748647	3
281	0.60368	67.9032	47	1.44475	-0.113871	0.0203956	-0.122609	0.00074891	3
282	0.60368	61.2794	47	1.30382	-0.125812	0.020085	-0.122638	0.000749029	3
283	0.60368	87.1941	47	1.85519	-0.106477	0.0205515	-0.122591	0.000748831	3
284	0.60368	79.2082	47	1.68528	-0.139719	0.0197045	-0.122668	0.000749163	3
285	0.60368	50.8825	47	1.08261	-0.169114	0.01896	-0.122737	0.000749458	3
286	0.60368	72.6074	47	1.54484	-0.165464	0.0190464	-0.122727	0.00074942	3
287	0.60368	53.523	47	1.13879	-0.182513	0.0186415	-0.122774	0.000749595	3
288	0.60368	59.7118	47	1.27046	-0.176793	0.0187798	-0.122758	0.000749537	3
289	0.60368	49.9341	47	1.06243	-0.18882	0.0184893	-0.12279	0.000749659	3
290	0.60368	74.0333	47	1.57518	-0.236163	0.0172917	-0.122896	0.000750133	3
291	0.60368	77.6444	47	1.65201	-0.202552	0.0180688	-0.122819	0.000749787	3
292	0.60368	69.6008	47	1.48087	-0.20687	0.0179774	-0.12283	0.000749833	3
293	0.60368	61.7316	47	1.31344	-0.0625294	0.0217817	-0.122483	0.000748411	3
294	0.60368	49.3714	47	1.05046	-0.0627408	0.0217956	-0.122483	0.000748417	3
295	0.60368	54.5567	47	1.16078	-0.0915762	0.0210204	-0.122553	0.000748697	3
296	0.60368	58.76	47	1.25021	-0.120172	0.020224	-0.122623	0.000748971	3
297	0.60368	63.6601	47	1.35447	-0.117339	0.0203363	-0.122614	0.00074895	3
298	0.60368	67.8679	47	1.444	-0.104109	0.0206152	-0.122585	0.000748808	3
299	0.60368	70.7484	47	1.50528	-0.138583	0.0197353	-0.122666	0.000749152	3
300	0.60368	78.6683	47	1.67379	-0.14858	0.0194571	-0.122687	0.000749249	3
301	0.60368	65.2545	47	1.38839	-0.142289	0.019638	-0.122674	0.000749189	3
302	0.60368	60.7836	47	1.29327	-0.168854	0.0189541	-0.122736	0.000749453	3
303	0.60368	55.7874	47	1.18696	-0.185876	0.0185489	-0.122784	0.000749628	3
304	0.60368	61.9086	47	1.3172	-0.164264	0.0190759	-0.122731	0.000749408	3
305	0.60368	64.4504	47	1.37128	-0.198137	0.0182295	-0.12281	0.000749749	3
306	0.60368	47.2333	47	1.00496	-0.208037	0.0180005	-0.122833	0.000749851	3
307	0.60368	84.5775	47	1.79952	-0.225793	0.0174817	-0.12287	0.000750021	3
308	0.60368	69.1132	47	1.47049	-0.0667285	0.0216452	-0.122493	0.000748448	3
309	0.60368	71.9296	47	1.53042	-0.0793323	0.0212991	-0.122524	0.00074857	3
310	0.60368	60.4263	47	1.28567	-0.0748777	0.0214516	-0.122513	0.000748532	3
311	0.60368	60.0658	47	1.278	-0.0887586	0.0210585	-0.122548	0.000748664	3
312	0.60368	52.5633	47	1.11837	-0.108811	0.0205358	-0.122597	0.000748862	3
313	0.60368	56.2931	47	1.19773	-0.101867	0.0207495	-0.12258	0.000748798	3
314	0.60368	45.7016	47	0.972375	-0.142748	0.0196914	-0.122675	0.000749203	3
315	0.60368	77.0149	47	1.63861	-0.119154	0.0201796	-0.12262	0.00074895	3
316	0.60368	67.965	47	1.44606	-0.145213	0.0195332	-0.12268	0.000749213	3
317	0.60368	52.3199	47	1.11319	-0.167321	0.0189962	-0.122732	0.000749438	3
318	0.60368	64.5167	47	1.3727	-0.156563	0.0192598	-0.122712	0.00074933	3
319	0.60368	66.1054	47	1.4065	-0.180969	0.0186133	-0.12277	0.00074957	3
320	0.60368	57.4573	47	1.2225	-0.189085	0.0184404	-0.12279	0.000749656	3
321	0.60368	72.4612	47	1.54173	-0.186563	0.0184713	-0.122785	0.000749627	3
322	0.60368	60.3233	47	1.28347	-0.0164706	0.0230637	-0.122368	0.000747973	3
323	0.60368	54.956	47	1.16928	-0.0433704	0.0222728	-0.122435	0.000748221	3
324	0.60368	75.6685	47	1.60997	-0.0352767	0.0224727	-0.122415	0.000748139	3
325	0.60368	58.7831	47	1.2507	-0.0830336	0.0212085	-0.122533	0.000748607	3
326	0.60368	58.3131	47	1.2407	-0.0688349	0.0215988	-0.122498	0.00074847	3
327	0.60368	67.1262	47	1.42822	-0.100514	0.0207396	-0.122576	0.000748778	3
328	0.60368	47.4635	47	1.00986	-0.0985265	0.0208052	-0.122572	0.00074876	3
329	0.60368	47.9561	47	1.02034	-0.124877	0.0201213	-0.122636	0.000749021	3
330	0.60368	94.2946	47	2.00627	-0.0813323	0.0211555	-0.122529	0.000748573	3
331	0.60368	85.7063	47	1.82354	-0.086786	0.0210202	-0.122543	0.000748629	3
332	0.60368	60.608	47	1.28953	-0.140791	0.0196508	-0.12267	0.00074917	3
333	0.60368	74.2619	47	1.58004	-0.150271	0.0193771	-0.122691	0.00074926	3
334	0.60368	72.1918	47	1.536	-0.188267	0.0184361	-0.122788	0.000749645	3
335	0.60368	64.1768	47	1.36546	-0.174119	0.0187971	-0.12275	0.000749503	3
336	0.60368	78.6362	47	1.67311	0.0403016	0.0246188	-0.122227	0.000747429	3
337	0.60368	89.3393	47	1.90084	0.0501298	0.0249066	-0.122202	0.000747339	3
338	0.60368	64.6913	47	1.37641	-0.0135679	0.0231446	-0.122361	0.000747945	3
339	0.60368	70.5374	47	1.5008	-0.0124508	0.0231138	-0.122358	0.000747923	3
340	0.60368	60.911	47	1.29598	-0.0652616	0.0216539	-0.12249	0.000748428	3
341	0.60368	82.6461	47	1.75843	-0.0728867	0.0214429	-0.122508	0.000748502	3
342	0.60368	47.9416	47	1.02003	-0.0777353	0.0213407	-0.12252	0.000748554	3
343	0.60368	54.8651	47	1.16734	-0.0736977	0.0214406	-0.12251	0.000748513	3
344	0.60368	52.9275	47	1.12612	-0.0961926	0.0208489	-0.122566	0.000748734	3
345	0.60368	62.6314	47	1.33258	-0.131012	0.0199308	-0.122651	0.000749077	3
346	0.60368	55.7776	47	1.18676	-0.129336	0.0199854	-0.122644	0.000749062	3
347	0.60368	62.2724	47	1.32494	-0.12005	0.0202122	-0.122623	0.000748968	3
348	0.60368	48.8587	47	1.03955	-0.142912	0.0196115	-0.122675	0.000749193	3
349	0.60368	70.6968	47	1.50419	-0.151803	0.0193517	-0.122701	0.000749278	3
350	0.60368	71.9818	47	1.53153	-0.167417	0.0189562	-0.122733	0.000749434	3
351	0.60368	62.1112	47	1.32151	-0.194647	0.0182874	-0.122796	0.00074971	3
352	0.60368	67.6228	47	1.43878	-0.0628904	0.02171	-0.122484	0.000748404	3
353	0.60368	61.4728	47	1.30793	-0.0786657	0.0212806	-0.122523	0.000748557	3
354	0.60368	75.7907	47	1.61257	-0.0715601	0.021441	-0.122505	0.000748482	3
355	0.60368	67.8782	47	1.44422	-0.0905065	0.0209539	-0.122552	0.000748671	3
356	0.60368	65.1455	47	1.38608	-0.104055	0.020607	-0.122585	0.000748806	3
357	0.60368	72.1601	47	1.53532	-0.114566	0.0203462	-0.122607	0.000748912	3
358	0.60368	55.8323	47	1.18792	-0.135125	0.0198305	-0.122663	0.000749119	3
359	0.60368	61.4247	47	1.30691	-0.133117	0.0198994	-0.122657	0.000749102	3
360	0.60368	57.8172	47	1.23015	-0.139554	0.0197121	-0.122668	0.000749162	3
361	0.60368	99.6163	47	2.1195	-0.0385537	0.0223289	-0.122423	0.000748161	3
362	0.60368	63.7282	47	1.35592	-0.0483177	0.0221111	-0.122447	0.000748264	3
363	0.60368	73.758	47	1.56932	-0.0735052	0.0214058	-0.12251	0.000748504	3
364	0.60368	72.3308	47	1.53895	-0.102058	0.0206331	-0.12258	0.000748782	3
365	0.60368	58.3962	47	1.24247	-0.087281	0.0210545	-0.122544	0.000748642	3
366	0.60368	55.951	47	1.19045	-0.0855703	0.0210916	-0.12254	0.000748623	3
367	0.60368	74.6154	47	1.58756	-0.0956103	0.0208006	-0.122564	0.000748718	3
368	0.60368	55.014	47	1.17051	-0.124655	0.0200914	-0.122635	0.000749013	3
369	0.60368	56.8984	47	1.2106	-0.12803	0.0199778	-0.122643	0.000749043	3
370	0.60368	98.4466	47	2.09461	0.100277	0.0263745	-0.122077	0.000746881	3
371	0.60368	77.2902	47	1.64447	0.0750217	0.0256609	-0.12214	0.000747117	3
372	0.60368	93.4316	47	1.98791	-0.0734161	0.021396	-0.12251	0.000748501	3
373	0.60368	55.7157	47	1.18544	-0.0676181	0.0216069	-0.122495	0.000748454	3
374	0.60368	69.8359	47	1.48587	-0.0715308	0.0214849	-0.122505	0.000748489	3
375	0.60368	73.2713	47	1.55896	-0.0699278	0.0215132	-0.122501	0.000748471	3
376	0.60368	72.7012	47	1.54683	-0.097983	0.0207875	-0.12257	0.00074875	3
377	0.60368	80.2867	47	1.70823	0.0536842	0.0250735	-0.122193	0.00074732	3
378	0.60368	53.2997	47	1.13404	-0.0131438	0.023225	-0.12236	0.000747954	3
379	0.60368	66.276	47	1.41013	-0.137431	0.019804	-0.122664	0.000749147	3
380	0.60368	69.0978	47	1.47017	-0.119499	0.0202602	-0.122621	0.000748968	3
381	0.60368	72.568	47	1.544	-0.148509	0.0195238	-0.122687	0.000749258	3
382	0.60368	66.5326	47	1.41559	-0.182982	0.018587	-0.122777	0.000749594	3
383	0.60368	55.4489	47	1.17976	-0.1835	0.0185987	-0.122778	0.000749603	3
384	0.60368	69.1093	47	1.47041	-0.253914	0.0168667	-0.122936	0.000750313	3
385	0.60368	59.1135	47	1.25773	-0.274368	0.016394	-0.122979	0.000750522	3
386	0.60368	51.8766	47	1.10376	-0.0941222	0.0209831	-0.122559	0.000748727	3
387	0.60368	51.4048	47	1.09372	-0.119616	0.0202571	-0.122621	0.000748969	3
388	0.60368	64.4887	47	1.3721	-0.143948	0.019609	-0.122677	0.000749207	3
389	0.60368	56.3888	47	1.19976	-0.140047	0.0197352	-0.122669	0.000749173	3
390	0.60368	55.9457	47	1.19033	-0.170932	0.0189487	-0.122742	0.000749481	3
391	0.60368	55.3368	47	1.17738	-0.134539	0.0198862	-0.122661	0.00074912	3
392	0.60368	42.9995	47	0.914883	-0.18214	0.0186685	-0.122773	0.000749594	3
393	0.60368	53.3926	47	1.13601	-0.184503	0.0185914	-0.12278	0.000749615	3
394	0.60368	54.4962	47	1.15949	-0.209168	0.0179967	-0.122835	0.000749866	3
395	0.60368	65.822	47	1.40047	-0.170774	0.0188925	-0.122741	0.000749471	3
396	0.60368	56.4489	47	1.20104	-0.204567	0.0180611	-0.122823	0.000749813	3
397	0.60368	63.4819	47	1.35068	-0.130545	0.0199841	-0.122649	0.000749079	3
398	0.60368	56.593	47	1.20411	-0.108565	0.0205381	-0.122596	0.000748859	3
399	0.60368	62.9105	47	1.33852	-0.128744	0.0200075	-0.122645	0.000749057	3
400	0.60368	53.2513	47	1.13301	-0.14653	0.0195577	-0.122683	0.000749235	3
401	0.60368	64.0236	47	1.3622	-0.163735	0.0191037	-0.12273	0.000749405	3
402	0.60368	57.8819	47	1.23153	-0.189142	0.0184771	-0.122791	0.000749662	3
403	0.60368	63.1163	47	1.3429	-0.161337	0.0191476	-0.122724	0.000749379	3
404	0.60368	55.1078	47	1.17251	-0.188557	0.0184951	-0.122789	0.000749657	3
405	0.60368	58.9699	47	1.25468	-0.198015	0.0182613	-0.122809	0.000749752	3
406	0.60368	66.9086	47	1.42359	-0.224707	0.0176067	-0.122868	0.000750021	3
407	0.60368	53.0787	47	1.12933	-0.247437	0.0170542	-0.122922	0.000750251	3
408	0.60368	58.9559	47	1.25438	-0.091752	0.020978	-0.122553	0.000748693	3
409	0.60368	55.6573	47	1.1842	-0.0755006	0.0214295	-0.122515	0.000748537	3
410	0.60368	58.0794	47	1.23573	-0.106069	0.0205798	-0.12259	0.00074883	3
411	0.60368	63.7809	47	1.35704	-0.120864	0.0201875	-0.122625	0.000748975	3
412	0.60368	64.1016	47	1.36386	-0.139441	0.0197307	-0.122668	0.000749163	3
413	0.60368	62.5424	47	1.33069	-0.140755	0.019687	-0.122671	0.000749175	3
414	0.60368	58.6375	47	1.24761	-0.173945	0.0188313	-0.12275	0.000749505	3
415	0.60368	49.6731	47	1.05687	-0.157184	0.0192918	-0.122714	0.000749343	3
416	0.60368	54.015	47	1.14926	-0.180342	0.0186817	-0.122768	0.000749571	3
417	0.60368	59.8312	47	1.273	-0.216157	0.0177865	-0.12285	0.000749931	3
418	0.60368	58.518	47	1.24506	-0.228766	0.017497	-0.122877	0.000750061	3
419	0.60368	54.7448	47	1.16478	-0.262633	0.0166529	-0.122955	0.000750401	3
420	0.60368	87.5385	47	1.86252	0.0370935	0.0245231	-0.122235	0.000747458	3
421	0.60368	65.447	47	1.39249	-0.00673148	0.0233147	-0.122344	0.000747876	3
422	0.60368	68.1236	47	1.44944	-0.0659485	0.0216997	-0.122491	0.000748446	3
423	0.60368	60.58	47	1.28894	-0.0878031	0.0211013	-0.122545	0.000748657	3
424	0.60368	47.7784	47	1.01656	-0.0938074	0.020956	-0.122558	0.000748718	3
425	0.60368	48.3791	47	1.02934	-0.105889	0.0206299	-0.12259	0.000748836	3
426	0.60368	68.944	47	1.46689	-0.118124	0.0202483	-0.122617	0.000748946	3
427	0.60368	52.5463	47	1.11801	-0.149414	0.0194548	-0.122689	0.00074926	3
428	0.60368	59.3838	47	1.26348	-0.153827	0.0193343	-0.122706	0.000749303	3
429	0.60368	68.8715	47	1.46535	-0.172597	0.0188547	-0.122746	0.00074949	3
430	0.60368	47.18	47	1.00383	-0.14903	0.0194873	-0.122688	0.000749259	3
431	0.60368	52.7873	47	1.12313	-0.181524	0.0186635	-0.122771	0.000749585	3
432	0.60368	70.6447	47	1.50308	-0.209644	0.017913	-0.12284	0.000749862	3
433	0.60368	48.9572	47	1.04164	-0.207897	0.018011	-0.122832	0.000749851	3
434	0.60368	50.408	47	1.07251	-0.232509	0.0173962	-0.122885	0.000750098	3
435	0.60368	50.999	47	1.08508	0.0141329	0.0239502	-0.122291	0.000747689	3
436	0.60368	75.5297	47	1.60702	0.00858803	0.0237022	-0.122306	0.000747723	3
437	0.60368	68.0951	47	1.44883	-0.0457119	0.0222115	-0.122441	0.000748244	3
438	0.60368	54.8856	47	1.16778	-0.0575678	0.0219203	-0.12247	0.000748364	3
439	0.60368	49.5411	47	1.05407	-0.0809466	0.0212919	-0.122528	0.000748591	3
440	0.60368	62.5962	47	1.33183	-0.101661	0.0207361	-0.122579	0.000748793	3
441	0.60368	60.5239	47	1.28774	-0.109178	0.0205257	-0.122598	0.000748865	3
442	0.60368	71.4372	47	1.51994	-0.103379	0.0206733	-0.122583	0.000748807	3
443	0.60368	59.8844	47	1.27414	-0.124908	0.0200649	-0.122636	0.000749013	3
444	0.60368	64.4644	47	1.37158	-0.123415	0.0201197	-0.122628	0.000749	3
445	0.60368	72.49	47	1.54234	-0.143469	0.0195641	-0.122676	0.000749194	3
446	0.60368	57.9216	47	1.23238	-0.174984	0.018808	-0.122753	0.000749516	3
447	0.60368	66.2669	47	1.40993	-0.16267	0.0190976	-0.122727	0.00074939	3
448	0.60368	55.9341	47	1.19009	-0.185698	0.0185386	-0.122783	0.000749624	3
449	0.60368	94.6372	47	2.01356	0.029875	0.0242721	-0.122252	0.000747517	3
450	0.60368	70.9436	47	1.50944	-0.0439235	0.022249	-0.122437	0.000748225	3
451	0.60368	54.2125	47	1.15346	-0.0393052	0.0224048	-0.122425	0.000748186	3
452	0.60368	67.6326	47	1.43899	-0.0706472	0.021541	-0.122503	0.000748486	3
453	0.60368	59.9806	47	1.27618	-0.0905225	0.0210059	-0.122552	0.00074868	3
454	0.60368	57.7664	47	1.22907	-0.0818348	0.0212456	-0.12253	0.000748596	3
455	0.60368	52.0616	47	1.10769	-0.107264	0.0205497	-0.122593	0.000748842	3
456	0.60368	60.7925	47	1.29346	-0.119102	0.0202395	-0.12262	0.000748959	3
457	0.60368	63.1167	47	1.34291	-0.132574	0.0198572	-0.122656	0.000749088	3
458	0.60368	54.0301	47	1.14958	-0.165141	0.0190244	-0.122727	0.000749413	3
459	0.60368	65.1213	47	1.38556	-0.173487	0.0188271	-0.122749	0.000749499	3
460	0.60368	69.3704	47	1.47597	-0.164675	0.0190423	-0.122725	0.000749409	3
461	0.60368	71.2338	47	1.51561	-0.055301	0.0219377	-0.122465	0.000748334	3
462	0.60368	76.1692	47	1.62062	-0.0579649	0.0218471	-0.122471	0.000748357	3
463	0.60368	65.2029	47	1.3873	-0.0775625	0.0213247	-0.12252	0.000748548	3
464	0.60368	75.2366	47	1.60078	-0.0805839	0.021238	-0.122527	0.000748577	3
465	0.60368	65.9121	47	1.40238	-0.083196	0.0211758	-0.122534	0.000748604	3
466	0.60368	48.1441	47	1.02434	-0.0989934	0.0207915	-0.122573	0.000748765	3
467	0.60368	64.9576	47	1.38208	-0.0861508	0.0211076	-0.122541	0.000748635	3
468	0.60368	51.1067	47	1.08738	-0.143856	0.0196223	-0.122677	0.000749208	3
469	0.60368	77.4743	47	1.64839	-0.117397	0.020225	-0.122615	0.000748932	3
470	0.60368	71.0261	47	1.51119	-0.116834	0.020268	-0.122613	0.000748931	3
471	0.60368	68.2615	47	1.45237	-0.154911	0.019276	-0.122708	0.000749309	3
472	0.60368	74.6669	47	1.58866	-0.0547669	0.0219219	-0.122464	0.000748324	3
473	0.60368	67.9009	47	1.4447	-0.055585	0.0219382	-0.122466	0.000748339	3
474	0.60368	74.5204	47	1.58554	-0.0511899	0.022039	-0.122455	0.000748293	3
475	0.60368	62.6425	47	1.33282	-0.0897474	0.0210261	-0.12255	0.000748672	3
476	0.60368	66.2469	47	1.40951	-0.0971616	0.0207869	-0.122568	0.000748738	3
477	0.60368	75.9945	47	1.6169	-0.0981919	0.020771	-0.122571	0.00074875	3
478	0.60368	42.8672	47	0.912069	-0.0984076	0.0207899	-0.122571	0.000748756	3
479	0.60368	54.8952	47	1.16798	-0.137368	0.0197596	-0.122664	0.000749139	3
480	0.60368	58.3864	47	1.24226	-0.0473398	0.0221162	-0.122445	0.00074825	3
481	0.60368	72.0819	47	1.53366	-0.0607134	0.0217544	-0.122478	0.00074838	3
482	0.60368	82.3972	47	1.75313	-0.067808	0.0215254	-0.122496	0.000748443	3
483	0.60368	72.1148	47	1.53436	-0.0943508	0.0208634	-0.122561	0.00074871	3
484	0.60368	53.7494	47	1.1436	-0.102112	0.0206712	-0.12258	0.000748789	3
485	0.60368	59.7535	47	1.27135	-0.11703	0.0202716	-0.122614	0.000748935	3
486	0.60368	56.7401	47	1.20724	-0.105872	0.0205702	-0.12259	0.000748826	3
487	0.60368	61.5237	47	1.30902	-0.119515	0.0202048	-0.122621	0.000748959	3
488	0.60368	61.5675	47	1.30995	-0.1573	0.0192324	-0.122714	0.000749336	3
489	0.60368	73.0163	47	1.55354	-0.0565718	0.0218938	-0.122468	0.000748345	3
490	0.60368	97.2111	47	2.06832	-0.0648795	0.0216139	-0.122489	0.000748416	3
491	0.60368	84.4236	47	1.79625	-0.0660812	0.0216143	-0.122492	0.000748433	3
492	0.60368	58.2091	47	1.23849	-0.105209	0.0206002	-0.122588	0.000748821	3
493	0.60368	73.2527	47	1.55857	-0.0790192	0.0212716	-0.122524	0.00074856	3
494	0.60368	63.2092	47	1.34488	-0.0211784	0.0229636	-0.12238	0.000748023	3
