0	0.603318	36.4	47	0.774467	-0.0604509	0.0165653	-1	-1	3
1	0.603318	33.4224	47	0.711116	-0.119344	0.0153217	-1	-1	3
2	0.603318	39.2607	47	0.835334	-0.196184	0.0138506	-1	-1	3
3	0.603318	48.8221	47	1.03877	-0.239782	0.0130451	-1	-1	3
4	0.603318	42.2321	47	0.898555	0.0692053	0.0193228	-1	-1	3
5	0.603318	64.4225	47	1.37069	-0.0534113	0.016726	-1	-1	3
6	0.603318	56.4166	47	1.20035	-0.015174	0.0174543	-1	-1	3
7	0.603318	48.8403	47	1.03915	-0.13671	0.0149959	-1	-1	3
8	0.603318	48.7757	47	1.03778	-0.175489	0.0142148	-1	-1	3
9	0.603318	60.454	47	1.28626	-0.203515	0.0137105	-1	-1	3
10	0.603318	52.9554	47	1.12671	0.0091715	0.0179961	-1	-1	3
11	0.603318	71.3514	47	1.51811	-0.0214533	0.0172887	-1	-1	3
12	0.603318	38.0279	47	0.809104	-0.0179937	0.0174031	-1	-1	3
13	0.603318	42.0057	47	0.893738	-0.145005	0.0148126	-1	-1	3
14	0.603318	38.9137	47	0.827951	-0.225763	0.0132686	-1	-1	3
15	0.603318	51.5172	47	1.09611	-0.016198	0.0174286	-1	-1	3
16	0.603318	63.6255	47	1.35373	-0.0788575	0.0161266	-1	-1	3
17	0.603318	33.7986	47	0.719118	-0.0826839	0.0160638	-1	-1	3
18	0.603318	41.1962	47	0.876515	-0.1065	0.0155697	-1	-1	3
19	0.603318	54.285	47	1.155	-0.0899574	0.0159222	-1	-1	3
20	0.603318	29.4349	47	0.626274	-0.12065	0.0153084	-1	-1	3
21	0.603318	62.6304	47	1.33256	-0.15522	0.0146217	-1	-1	3
22	0.603318	47.7271	47	1.01547	-0.168191	0.0143828	-1	-1	3
23	0.603318	54.4687	47	1.15891	-0.158738	0.0145409	-1	-1	3
24	0.603318	72.059	47	1.53317	-0.154529	0.0146797	-1	-1	3
25	0.603318	58.2392	47	1.23913	0.000645327	0.0178144	-1	-1	3
26	0.603318	56.3425	47	1.19878	-0.0392926	0.017009	-1	-1	3
27	0.603318	41.068	47	0.873788	-0.0625822	0.016499	-1	-1	3
28	0.603318	41.969	47	0.892957	-0.0451136	0.0168294	-1	-1	3
29	0.603318	59.0084	47	1.2555	-0.112042	0.0154526	-1	-1	3
30	0.603318	45.2812	47	0.963429	-0.09466	0.0158107	-1	-1	3
31	0.603318	30.1301	47	0.641065	-0.0815862	0.0160623	-1	-1	3
32	0.603318	30.8924	47	0.657286	-0.136562	0.0149909	-1	-1	3
33	0.603318	44.8317	47	0.953866	-0.140401	0.0149088	-1	-1	3
34	0.603318	50.9328	47	1.08368	-0.163785	0.014457	-1	-1	3
35	0.603318	37.2927	47	0.793462	-0.168649	0.0143436	-1	-1	3
36	0.603318	55.5253	47	1.18139	-0.191254	0.0138965	-1	-1	3
37	0.603318	46.3611	47	0.986407	-0.207079	0.0135872	-1	-1	3
38	0.603318	37.3483	47	0.794646	0.0335287	0.0185146	-1	-1	3
39	0.603318	46.5475	47	0.990373	0.016866	0.0181615	-1	-1	3
40	0.603318	40.9217	47	0.870675	-0.0191344	0.0173822	-1	-1	3
41	0.603318	66.3027	47	1.4107	-0.0319845	0.0171225	-1	-1	3
42	0.603318	50.3476	47	1.07123	-0.0431507	0.016878	-1	-1	3
43	0.603318	50.867	47	1.08228	-0.0678185	0.0163798	-1	-1	3
44	0.603318	33.0154	47	0.702456	-0.044923	0.0168102	-1	-1	3
45	0.603318	36.6468	47	0.779719	-0.0765143	0.0161739	-1	-1	3
46	0.603318	46.7285	47	0.994223	-0.123855	0.0152057	-1	-1	3
47	0.603318	63.4254	47	1.34948	-0.132289	0.0150611	-1	-1	3
48	0.603318	41.4049	47	0.880956	-0.126498	0.0151592	-1	-1	3
49	0.603318	46.7063	47	0.993752	-0.154294	0.0146168	-1	-1	3
50	0.603318	50.6275	47	1.07718	-0.168617	0.0143551	-1	-1	3
51	0.603318	59.3286	47	1.26231	-0.175274	0.0142534	-1	-1	3
52	0.603318	67.0771	47	1.42717	-0.213112	0.0135244	-1	-1	3
53	0.603318	48.3834	47	1.02943	-0.166356	0.0143578	-1	-1	3
54	0.603318	41.9695	47	0.892969	-0.199972	0.0137308	-1	-1	3
55	0.603318	42.4929	47	0.904104	0.00886942	0.0179596	-1	-1	3
56	0.603318	35.2838	47	0.75072	0.00952769	0.0179813	-1	-1	3
57	0.603318	48.9813	47	1.04215	-0.0192911	0.0173823	-1	-1	3
58	0.603318	63.9292	47	1.3602	-0.039238	0.0169563	-1	-1	3
59	0.603318	39.9491	47	0.849981	-0.0314305	0.0171186	-1	-1	3
60	0.603318	45.6109	47	0.970446	-0.0693019	0.0163121	-1	-1	3
61	0.603318	56.271	47	1.19726	-0.108675	0.0155386	-1	-1	3
62	0.603318	61.852	47	1.316	-0.136365	0.0149379	-1	-1	3
63	0.603318	54.583	47	1.16134	-0.125368	0.0151891	-1	-1	3
64	0.603318	47.1082	47	1.0023	-0.13522	0.0149818	-1	-1	3
65	0.603318	31.3753	47	0.66756	-0.148242	0.0147102	-1	-1	3
66	0.603318	32.8962	47	0.699918	-0.140153	0.0149046	-1	-1	3
67	0.603318	63.9554	47	1.36075	-0.166863	0.0143755	-1	-1	3
68	0.603318	41.248	47	0.877618	0.0917402	0.0197668	-1	-1	3
69	0.603318	51.417	47	1.09398	0.0362233	0.018554	-1	-1	3
70	0.603318	55.9131	47	1.18964	-0.00360889	0.0176786	-1	-1	3
71	0.603318	63.7057	47	1.35544	-0.0396976	0.0169413	-1	-1	3
72	0.603318	53.724	47	1.14306	-0.02476	0.0172089	-1	-1	3
73	0.603318	63.3305	47	1.34746	-0.0274998	0.0172034	-1	-1	3
74	0.603318	43.1555	47	0.918202	-0.0457006	0.016799	-1	-1	3
75	0.603318	42.8537	47	0.911782	-0.0605356	0.0165059	-1	-1	3
76	0.603318	67.5163	47	1.43652	-0.0911397	0.0158576	-1	-1	3
77	0.603318	55.4394	47	1.17956	-0.124009	0.0151756	-1	-1	3
78	0.603318	34.8754	47	0.74203	-0.130897	0.0150712	-1	-1	3
79	0.603318	43.0341	47	0.915619	-0.152151	0.0146366	-1	-1	3
80	0.603318	40.713	47	0.866235	0.114445	0.020342	-1	-1	3
81	0.603318	61.2492	47	1.30318	0.0838845	0.0195535	-1	-1	3
82	0.603318	40.3607	47	0.858738	-0.00990589	0.0175218	-1	-1	3
83	0.603318	31.589	47	0.672106	0.0194128	0.018191	-1	-1	3
84	0.603318	36.6781	47	0.780385	-0.0306093	0.0171187	-1	-1	3
85	0.603318	38.8121	47	0.825789	-0.0300771	0.0171057	-1	-1	3
86	0.603318	44.7166	47	0.951416	-0.0653692	0.0163824	-1	-1	3
87	0.603318	57.9821	47	1.23366	-0.0480618	0.0167297	-1	-1	3
88	0.603318	59.9577	47	1.2757	-0.0853748	0.0159952	-1	-1	3
89	0.603318	49.4309	47	1.05172	-0.0666481	0.0163978	-1	-1	3
90	0.603318	64.9166	47	1.3812	-0.122303	0.015275	-1	-1	3
91	0.603318	51.14	47	1.08809	-0.0779417	0.0161123	-1	-1	3
92	0.603318	52.0018	47	1.10642	-0.153539	0.0146172	-1	-1	3
93	0.603318	41.8231	47	0.889853	-0.151348	0.0146289	-1	-1	3
94	0.603318	68.6759	47	1.46119	-0.180923	0.0140851	-1	-1	3
95	0.603318	79.7228	47	1.69623	0.0877062	0.0195922	-1	-1	3
96	0.603318	50.1092	47	1.06615	0.037095	0.0185226	-1	-1	3
97	0.603318	40.468	47	0.861021	-0.0217074	0.0172648	-1	-1	3
98	0.603318	38.3725	47	0.816437	-0.00226471	0.0177152	-1	-1	3
99	0.603318	57.5837	47	1.22519	-0.0179379	0.0173833	-1	-1	3
100	0.603318	44.6686	47	0.950396	-0.0210935	0.0173052	-1	-1	3
101	0.603318	62.4679	47	1.3291	-0.0344911	0.0170133	-1	-1	3
102	0.603318	45.6421	47	0.971108	-0.0542663	0.0166094	-1	-1	3
103	0.603318	51.6264	47	1.09843	-0.0716946	0.0162556	-1	-1	3
104	0.603318	52.0839	47	1.10817	-0.0958195	0.0157732	-1	-1	3
105	0.603318	34.1582	47	0.726769	0.0137196	0.0180327	-1	-1	3
106	0.603318	37.5804	47	0.799583	-0.0245724	0.0172001	-1	-1	3
107	0.603318	46.7098	47	0.993825	-0.0250855	0.0172116	-1	-1	3
108	0.603318	59.4012	47	1.26386	-0.0252412	0.017215	-1	-1	3
109	0.603318	60.9624	47	1.29707	-0.0706099	0.0162561	-1	-1	3
110	0.603318	46.3284	47	0.985711	-0.0896575	0.0158625	-1	-1	3
111	0.603318	44.8026	47	0.953247	-0.085099	0.0159758	-1	-1	3
112	0.603318	46.2971	47	0.985045	-0.0973141	0.0157217	-1	-1	3
113	0.603318	53.5663	47	1.13971	-0.0621319	0.0163967	-1	-1	3
114	0.603318	39.3021	47	0.836214	0.0764509	0.0194575	-1	-1	3
115	0.603318	71.7365	47	1.52631	0.0203137	0.0181628	-1	-1	3
116	0.603318	61.0162	47	1.29822	-0.0493293	0.0166876	-1	-1	3
117	0.603318	31.5316	47	0.670886	-0.0333061	0.017065	-1	-1	3
118	0.603318	31.415	47	0.668404	-0.0215491	0.0172956	-1	-1	3
119	0.603318	42.8357	47	0.911397	-0.0656909	0.0163652	-1	-1	3
120	0.603318	51.1512	47	1.08832	-0.0993884	0.0157191	-1	-1	3
121	0.603318	52.6894	47	1.12105	0.102989	0.0200827	-1	-1	3
122	0.603318	50.9866	47	1.08482	-0.036845	0.0170084	-1	-1	3
123	0.603318	50.9719	47	1.08451	-0.0391813	0.0169495	-1	-1	3
124	0.603318	84.9224	47	1.80686	-0.174567	0.0143173	-1	-1	3
125	0.603318	72.7488	47	1.54785	-0.203827	0.0137505	-1	-1	3
126	0.603318	58.2242	47	1.23881	-0.189939	0.013969	-1	-1	3
127	0.603318	22.9595	47	0.4885	0.00245964	0.017888	-1	-1	3
128	0.603318	50.7351	47	1.07947	-0.0752434	0.0162161	-1	-1	3
129	0.603318	55.4552	47	1.1799	-0.145408	0.0148606	-1	-1	3
130	0.603318	52.5181	47	1.11741	-0.161754	0.01453	-1	-1	3
131	0.603318	51.6315	47	1.09854	-0.18684	0.014022	-1	-1	3
132	0.603318	57.014	47	1.21306	-0.222689	0.0133627	-1	-1	3
133	0.603318	34.9942	47	0.744558	-0.0827259	0.0160772	-1	-1	3
134	0.603318	51.2386	47	1.09018	-0.1538	0.0146579	-1	-1	3
135	0.603318	61.734	47	1.31349	-0.182007	0.0141157	-1	-1	3
136	0.603318	69.4131	47	1.47687	-0.205747	0.0136422	-1	-1	3
137	0.603318	38.5637	47	0.820504	0.0570046	0.0190357	-1	-1	3
138	0.603318	34.5339	47	0.734765	-0.0409813	0.0169415	-1	-1	3
139	0.603318	61.6528	47	1.31176	-0.0722109	0.0162607	-1	-1	3
140	0.603318	59.5729	47	1.26751	-0.0931107	0.0158517	-1	-1	3
141	0.603318	53.4784	47	1.13784	-0.107385	0.0155908	-1	-1	3
142	0.603318	47.1497	47	1.00319	-0.11556	0.0154009	-1	-1	3
143	0.603318	54.9069	47	1.16823	-0.164789	0.0144342	-1	-1	3
144	0.603318	54.1377	47	1.15187	-0.144765	0.0148229	-1	-1	3
145	0.603318	49.7581	47	1.05868	-0.150205	0.0147256	-1	-1	3
146	0.603318	38.5824	47	0.820902	-0.141784	0.0148893	-1	-1	3
147	0.603318	45.0152	47	0.957771	-0.054685	0.0166342	-1	-1	3
148	0.603318	37.3932	47	0.795601	-0.0462585	0.0168306	-1	-1	3
149	0.603318	51.8671	47	1.10355	-0.0430995	0.0169074	-1	-1	3
150	0.603318	57.8519	47	1.23089	-0.0452877	0.0167899	-1	-1	3
151	0.603318	39.8693	47	0.848282	-0.107933	0.0154979	-1	-1	3
152	0.603318	49.5132	47	1.05347	-0.0814846	0.0160602	-1	-1	3
153	0.603318	48.4442	47	1.03073	-0.12605	0.0151549	-1	-1	3
154	0.603318	73.1505	47	1.55639	-0.115974	0.0154208	-1	-1	3
155	0.603318	57.0043	47	1.21286	-0.12436	0.0152352	-1	-1	3
156	0.603318	54.2449	47	1.15415	-0.11295	0.0154687	-1	-1	3
157	0.603318	57.0374	47	1.21356	-0.187664	0.0139943	-1	-1	3
158	0.603318	67.1546	47	1.42882	-0.18331	0.0140767	-1	-1	3
159	0.603318	42.7281	47	0.909109	0.00161381	0.0178093	-1	-1	3
160	0.603318	40.75	47	0.867021	-0.0440698	0.0168763	-1	-1	3
161	0.603318	46.9137	47	0.998164	-0.0438179	0.0168736	-1	-1	3
162	0.603318	48.0648	47	1.02266	-0.0467024	0.016811	-1	-1	3
163	0.603318	32.2757	47	0.686717	-0.0593642	0.0165259	-1	-1	3
164	0.603318	61.4057	47	1.30651	-0.1421	0.014838	-1	-1	3
165	0.603318	43.417	47	0.923766	-0.111934	0.0154606	-1	-1	3
166	0.603318	42.7607	47	0.909802	-0.136808	0.0149857	-1	-1	3
167	0.603318	49.8033	47	1.05964	-0.161527	0.0144898	-1	-1	3
168	0.603318	69.547	47	1.47972	-0.154173	0.0146255	-1	-1	3
169	0.603318	39.4956	47	0.840331	-0.178536	0.0141498	-1	-1	3
170	0.603318	53.2718	47	1.13344	-0.163571	0.0144649	-1	-1	3
171	0.603318	45.9984	47	0.97869	0.115775	0.0203525	-1	-1	3
172	0.603318	38.5135	47	0.819436	-0.0194799	0.0173672	-1	-1	3
173	0.603318	34.3441	47	0.730725	-0.0108488	0.0175695	-1	-1	3
174	0.603318	35.7285	47	0.760182	-0.0513173	0.0167063	-1	-1	3
175	0.603318	51.4436	47	1.09454	-0.0459169	0.0168271	-1	-1	3
176	0.603318	45.6379	47	0.971018	-0.0778781	0.0161852	-1	-1	3
177	0.603318	47.7119	47	1.01515	-0.0890102	0.0159447	-1	-1	3
178	0.603318	44.8665	47	0.954606	-0.0715789	0.0162904	-1	-1	3
179	0.603318	42.0049	47	0.893722	-0.104552	0.0155997	-1	-1	3
180	0.603318	52.8551	47	1.12458	-0.11769	0.0153148	-1	-1	3
181	0.603318	44.8632	47	0.954536	-0.145877	0.0147714	-1	-1	3
182	0.603318	49.2526	47	1.04793	-0.104994	0.0156105	-1	-1	3
183	0.603318	33.8709	47	0.720658	-0.159964	0.0145062	-1	-1	3
184	0.603318	65.7517	47	1.39897	-0.159391	0.0145319	-1	-1	3
185	0.603318	49.7242	47	1.05796	-0.00550391	0.0176435	-1	-1	3
186	0.603318	57.5171	47	1.22377	-0.00534017	0.0176407	-1	-1	3
187	0.603318	51.29	47	1.09128	-0.0184304	0.0173897	-1	-1	3
188	0.603318	35.4709	47	0.7547	-0.0277125	0.0171847	-1	-1	3
189	0.603318	45.0834	47	0.959222	-0.0366242	0.0169811	-1	-1	3
190	0.603318	38.419	47	0.817425	-0.0715167	0.0162932	-1	-1	3
191	0.603318	47.0633	47	1.00135	-0.091801	0.0158543	-1	-1	3
192	0.603318	56.5073	47	1.20228	-0.0834426	0.0159805	-1	-1	3
193	0.603318	45.7185	47	0.972733	-0.0971387	0.0157159	-1	-1	3
194	0.603318	48.3004	47	1.02767	-0.108173	0.0155031	-1	-1	3
195	0.603318	49.2431	47	1.04773	-0.132145	0.0150318	-1	-1	3
196	0.603318	37.7512	47	0.803217	-0.17038	0.0142911	-1	-1	3
197	0.603318	52.5287	47	1.11763	-0.139934	0.0148428	-1	-1	3
198	0.603318	45.483	47	0.967722	0.0507576	0.0189253	-1	-1	3
199	0.603318	45.1583	47	0.960816	-6.29681e-06	0.0177483	-1	-1	3
200	0.603318	42.7889	47	0.910401	-0.0256501	0.0172197	-1	-1	3
201	0.603318	51.7912	47	1.10194	-0.0216147	0.0172754	-1	-1	3
202	0.603318	40.9066	47	0.870353	-0.0464827	0.0167778	-1	-1	3
203	0.603318	43.796	47	0.931831	-0.0411179	0.0169017	-1	-1	3
204	0.603318	47.6475	47	1.01378	-0.0796493	0.0160797	-1	-1	3
205	0.603318	43.6689	47	0.929125	-0.0867298	0.0159689	-1	-1	3
206	0.603318	58.3399	47	1.24127	-0.101669	0.0156567	-1	-1	3
207	0.603318	66.8945	47	1.42329	-0.036898	0.0169225	-1	-1	3
208	0.603318	52.0637	47	1.10774	-0.0913094	0.0158213	-1	-1	3
209	0.603318	43.5464	47	0.926518	-0.105147	0.0155714	-1	-1	3
210	0.603318	40.9535	47	0.871352	-0.115836	0.0153466	-1	-1	3
211	0.603318	36.3713	47	0.773858	-0.158802	0.0145038	-1	-1	3
212	0.603318	42.0775	47	0.895266	0.13544	0.0207912	-1	-1	3
213	0.603318	48.8529	47	1.03942	0.101735	0.020016	-1	-1	3
214	0.603318	48.3864	47	1.0295	0.0461671	0.0188084	-1	-1	3
215	0.603318	67.6711	47	1.43981	0.0298725	0.0183446	-1	-1	3
216	0.603318	48.9162	47	1.04077	0.0223267	0.0181947	-1	-1	3
217	0.603318	40.7399	47	0.866806	-0.0245265	0.017205	-1	-1	3
218	0.603318	46.979	47	0.999553	-0.00504535	0.0176283	-1	-1	3
219	0.603318	32.9382	47	0.700813	-0.0349563	0.0170108	-1	-1	3
220	0.603318	33.4791	47	0.712322	-0.0533994	0.016643	-1	-1	3
221	0.603318	39.2065	47	0.834181	-0.0680437	0.0163214	-1	-1	3
222	0.603318	62.5138	47	1.33008	-0.0591402	0.0165191	-1	-1	3
223	0.603318	36.262	47	0.771533	-0.0944081	0.0158078	-1	-1	3
224	0.603318	45.3057	47	0.963952	0.0505286	0.0188954	-1	-1	3
225	0.603318	35.0697	47	0.746164	-0.00202039	0.0176869	-1	-1	3
226	0.603318	56.4799	47	1.2017	0.00650995	0.0178562	-1	-1	3
227	0.603318	63.1957	47	1.34459	-0.0113523	0.0174555	-1	-1	3
228	0.603318	40.3145	47	0.857756	-0.0107485	0.0175167	-1	-1	3
229	0.603318	54.4407	47	1.15831	-0.0196678	0.0173115	-1	-1	3
230	0.603318	61.7684	47	1.31422	-0.0807487	0.0160852	-1	-1	3
231	0.603318	45.2159	47	0.96204	-0.0699507	0.0162764	-1	-1	3
232	0.603318	54.9354	47	1.16884	-0.0671759	0.0163374	-1	-1	3
233	0.603318	29.3013	47	0.623433	-0.111523	0.0154482	-1	-1	3
234	0.603318	56.6009	47	1.20428	-0.145294	0.0147683	-1	-1	3
235	0.603318	55.573	47	1.1824	-0.0635953	0.0163681	-1	-1	3
236	0.603318	59.042	47	1.25621	0.0446271	0.0187194	-1	-1	3
237	0.603318	51.6374	47	1.09867	-0.0380959	0.016952	-1	-1	3
238	0.603318	59.931	47	1.27513	-0.0192658	0.0173342	-1	-1	3
239	0.603318	32.1962	47	0.685025	-0.0683954	0.0163012	-1	-1	3
240	0.603318	74.6183	47	1.58762	-0.0638189	0.0164191	-1	-1	3
241	0.603318	44.2003	47	0.940432	0.106102	0.0201748	-1	-1	3
242	0.603318	43.573	47	0.927084	0.0124769	0.0181123	-1	-1	3
243	0.603318	48.2672	47	1.02696	-0.0105849	0.0176275	-1	-1	3
244	0.603318	48.3784	47	1.02933	-0.0691121	0.0164165	-1	-1	3
245	0.603318	61.5326	47	1.3092	-0.0832984	0.0161297	-1	-1	3
246	0.603318	39.7528	47	0.845805	-0.130738	0.0151482	-1	-1	3
247	0.603318	39.5871	47	0.842279	-0.139586	0.0149124	-1	-1	3
248	0.603318	38.6379	47	0.822082	-0.164668	0.0144481	-1	-1	3
249	0.603318	63.857	47	1.35866	-0.0789711	0.0162177	-1	-1	3
250	0.603318	68.2499	47	1.45212	-0.227748	0.0132888	-1	-1	3
251	0.603318	75.5469	47	1.60738	-0.237419	0.0130752	-1	-1	3
252	0.603318	52.0977	47	1.10846	0.0298209	0.0184612	-1	-1	3
253	0.603318	76.2315	47	1.62195	-0.0535995	0.0167071	-1	-1	3
254	0.603318	58.1079	47	1.23634	-0.0747835	0.0162755	-1	-1	3
255	0.603318	41.3671	47	0.880151	-0.0498223	0.0167479	-1	-1	3
256	0.603318	42.4811	47	0.903854	-0.092988	0.0158722	-1	-1	3
257	0.603318	41.2338	47	0.877314	-0.0927348	0.0158702	-1	-1	3
258	0.603318	52.517	47	1.11738	-0.108592	0.0155686	-1	-1	3
259	0.603318	57.935	47	1.23266	-0.146119	0.0148123	-1	-1	3
260	0.603318	60.592	47	1.28919	-0.149639	0.0147621	-1	-1	3
261	0.603318	71.7669	47	1.52696	-0.115842	0.0154355	-1	-1	3
262	0.603318	49.1858	47	1.04651	-0.187622	0.0140329	-1	-1	3
263	0.603318	39.218	47	0.834426	-0.189547	0.0139385	-1	-1	3
264	0.603318	45.4198	47	0.966378	0.0528613	0.018967	-1	-1	3
265	0.603318	57.7027	47	1.22772	-0.0140443	0.0175143	-1	-1	3
266	0.603318	69.0075	47	1.46824	-0.0926248	0.0159035	-1	-1	3
267	0.603318	43.1168	47	0.917379	-0.0826818	0.0160447	-1	-1	3
268	0.603318	35.8966	47	0.763757	-0.0859187	0.0159907	-1	-1	3
269	0.603318	39.9972	47	0.851004	-0.125385	0.0152041	-1	-1	3
270	0.603318	48.1612	47	1.02471	-0.134396	0.0150333	-1	-1	3
271	0.603318	42.6273	47	0.906963	-0.111422	0.0155015	-1	-1	3
272	0.603318	58.6481	47	1.24783	-0.161728	0.0145216	-1	-1	3
273	0.603318	47.8239	47	1.01753	-0.166151	0.0144118	-1	-1	3
274	0.603318	56.8012	47	1.20854	-0.1481	0.0147901	-1	-1	3
275	0.603318	33.3357	47	0.709269	-0.199555	0.0137517	-1	-1	3
276	0.603318	42.7081	47	0.908683	0.0971226	0.0200008	-1	-1	3
277	0.603318	54.9851	47	1.1699	0.0907596	0.0197605	-1	-1	3
278	0.603318	43.8464	47	0.932901	0.0384302	0.0186215	-1	-1	3
279	0.603318	63.5787	47	1.35274	-0.0371961	0.0170423	-1	-1	3
280	0.603318	36.0374	47	0.766754	-0.0445026	0.0168879	-1	-1	3
281	0.603318	56.0928	47	1.19346	-0.079118	0.0161347	-1	-1	3
282	0.603318	43.5372	47	0.926324	-0.0912979	0.0158881	-1	-1	3
283	0.603318	68.0189	47	1.44721	-0.0707126	0.0162712	-1	-1	3
284	0.603318	53.9097	47	1.14702	-0.109406	0.0155077	-1	-1	3
285	0.603318	41.0964	47	0.874391	-0.140924	0.0148923	-1	-1	3
286	0.603318	61.6038	47	1.31072	-0.13713	0.0149611	-1	-1	3
287	0.603318	61.5253	47	1.30905	-0.158456	0.0145686	-1	-1	3
288	0.603318	74.9779	47	1.59528	-0.149644	0.0147343	-1	-1	3
289	0.603318	60.5009	47	1.28725	-0.163102	0.0144821	-1	-1	3
290	0.603318	68.3749	47	1.45478	-0.218268	0.0134134	-1	-1	3
291	0.603318	45.9699	47	0.978082	-0.18013	0.014089	-1	-1	3
292	0.603318	42.1076	47	0.895905	-0.187133	0.0139711	-1	-1	3
293	0.603318	54.9566	47	1.16929	-0.0175509	0.0174264	-1	-1	3
294	0.603318	31.7959	47	0.676509	-0.0175183	0.0174409	-1	-1	3
295	0.603318	48.2604	47	1.02682	-0.0507869	0.0167427	-1	-1	3
296	0.603318	48.5725	47	1.03346	-0.084872	0.0160102	-1	-1	3
297	0.603318	78.4204	47	1.66852	-0.0807133	0.0161284	-1	-1	3
298	0.603318	47.2662	47	1.00566	-0.0682233	0.0163223	-1	-1	3
299	0.603318	57.8292	47	1.23041	-0.110359	0.0154891	-1	-1	3
300	0.603318	45.582	47	0.96983	-0.119085	0.0152966	-1	-1	3
301	0.603318	57.6668	47	1.22695	-0.112055	0.0154556	-1	-1	3
302	0.603318	42.5267	47	0.904823	-0.142697	0.0148474	-1	-1	3
303	0.603318	51.9071	47	1.10441	-0.161312	0.0145035	-1	-1	3
304	0.603318	47.4755	47	1.01012	-0.136289	0.0149751	-1	-1	3
305	0.603318	63.9263	47	1.36013	-0.174375	0.0142417	-1	-1	3
306	0.603318	52.2389	47	1.11147	-0.185606	0.0140451	-1	-1	3
307	0.603318	53.7767	47	1.14419	-0.206917	0.0135753	-1	-1	3
308	0.603318	50.1091	47	1.06615	-0.0231368	0.0172867	-1	-1	3
309	0.603318	44.2032	47	0.940494	-0.0379568	0.0169674	-1	-1	3
310	0.603318	53.8697	47	1.14616	-0.0309824	0.0171422	-1	-1	3
311	0.603318	33.5227	47	0.713248	-0.0487203	0.0167528	-1	-1	3
312	0.603318	54.4831	47	1.15921	-0.0714866	0.0162947	-1	-1	3
313	0.603318	54.5259	47	1.16013	-0.0633534	0.0164886	-1	-1	3
314	0.603318	78.8011	47	1.67662	-0.111587	0.0155222	-1	-1	3
315	0.603318	44.274	47	0.942	-0.0841891	0.0159658	-1	-1	3
316	0.603318	45.3509	47	0.964913	-0.115883	0.0153542	-1	-1	3
317	0.603318	42.2776	47	0.899524	-0.14089	0.0148829	-1	-1	3
318	0.603318	43.1761	47	0.918641	-0.125464	0.0151804	-1	-1	3
319	0.603318	41.1756	47	0.876078	-0.155382	0.0145735	-1	-1	3
320	0.603318	51.1729	47	1.08878	-0.164353	0.0144234	-1	-1	3
321	0.603318	50.6944	47	1.0786	-0.162337	0.0144334	-1	-1	3
322	0.603318	45.7551	47	0.973512	0.038474	0.018643	-1	-1	3
323	0.603318	35.4001	47	0.753193	0.00369787	0.0178455	-1	-1	3
324	0.603318	45.8564	47	0.975668	0.0140674	0.0180517	-1	-1	3
325	0.603318	50.3724	47	1.07175	-0.0418571	0.0168931	-1	-1	3
326	0.603318	39.406	47	0.838426	-0.0240178	0.0172779	-1	-1	3
327	0.603318	45.6589	47	0.971466	-0.0635779	0.0164417	-1	-1	3
328	0.603318	53.4122	47	1.13643	-0.061727	0.0164922	-1	-1	3
329	0.603318	44.7985	47	0.953159	-0.0899742	0.0159257	-1	-1	3
330	0.603318	53.7027	47	1.14261	-0.0393271	0.0168645	-1	-1	3
331	0.603318	44.184	47	0.940084	-0.0473305	0.0167071	-1	-1	3
332	0.603318	58.9319	47	1.25387	-0.109294	0.0154903	-1	-1	3
333	0.603318	47.5823	47	1.01239	-0.121706	0.015217	-1	-1	3
334	0.603318	52.5615	47	1.11833	-0.161945	0.0144475	-1	-1	3
335	0.603318	50.6163	47	1.07694	-0.147436	0.0147316	-1	-1	3
336	0.603318	50.8877	47	1.08272	0.104963	0.0200738	-1	-1	3
337	0.603318	59.3295	47	1.26233	0.118592	0.0203842	-1	-1	3
338	0.603318	54.4801	47	1.15915	0.0383267	0.0186311	-1	-1	3
339	0.603318	48.8247	47	1.03882	0.0405466	0.0186333	-1	-1	3
340	0.603318	38.7765	47	0.825031	-0.021138	0.0173006	-1	-1	3
341	0.603318	65.8577	47	1.40123	-0.0307946	0.0170931	-1	-1	3
342	0.603318	32.3676	47	0.688672	-0.0345053	0.0170394	-1	-1	3
343	0.603318	30.8455	47	0.656287	-0.0307929	0.0171108	-1	-1	3
344	0.603318	32.3445	47	0.688181	-0.0580594	0.0165516	-1	-1	3
345	0.603318	36.5073	47	0.77675	-0.100832	0.0156776	-1	-1	3
346	0.603318	51.7856	47	1.10182	-0.0933399	0.0158402	-1	-1	3
347	0.603318	56.6164	47	1.2046	-0.0826726	0.0160427	-1	-1	3
348	0.603318	37.1158	47	0.789697	-0.110671	0.0154729	-1	-1	3
349	0.603318	48.6344	47	1.03477	-0.122349	0.0152145	-1	-1	3
350	0.603318	63.0934	47	1.34241	-0.139074	0.0148874	-1	-1	3
351	0.603318	44.0367	47	0.936951	-0.171039	0.0142854	-1	-1	3
352	0.603318	38.2541	47	0.813917	-0.0174391	0.0173707	-1	-1	3
353	0.603318	43.7911	47	0.931725	-0.036715	0.0169629	-1	-1	3
354	0.603318	41.2932	47	0.878579	-0.0278305	0.0171236	-1	-1	3
355	0.603318	44.2399	47	0.941275	-0.0496407	0.0166879	-1	-1	3
356	0.603318	53.4302	47	1.13681	-0.0666853	0.016349	-1	-1	3
357	0.603318	59.3533	47	1.26284	-0.0801671	0.0160817	-1	-1	3
358	0.603318	56.79	47	1.2083	-0.100273	0.0156921	-1	-1	3
359	0.603318	70.7958	47	1.50629	-0.0995101	0.0157242	-1	-1	3
360	0.603318	50.1005	47	1.06597	-0.106451	0.0155675	-1	-1	3
361	0.603318	57.1758	47	1.21651	0.00842487	0.0178811	-1	-1	3
362	0.603318	47.1098	47	1.00234	-0.001885	0.0177036	-1	-1	3
363	0.603318	40.6653	47	0.865219	-0.0297034	0.0170963	-1	-1	3
364	0.603318	53.2898	47	1.13383	-0.0623101	0.0164145	-1	-1	3
365	0.603318	33.5066	47	0.712906	-0.0460073	0.0167745	-1	-1	3
366	0.603318	43.7747	47	0.931378	-0.042861	0.0168316	-1	-1	3
367	0.603318	54.7665	47	1.16524	-0.0582914	0.0164932	-1	-1	3
368	0.603318	47.0099	47	1.00021	-0.0908446	0.0158723	-1	-1	3
369	0.603318	45.0944	47	0.959455	-0.0941104	0.0157874	-1	-1	3
370	0.603318	61.0843	47	1.29967	0.17803	0.0217587	-1	-1	3
371	0.603318	63.8245	47	1.35797	0.145631	0.0210281	-1	-1	3
372	0.603318	53.5243	47	1.13881	-0.0318253	0.0170464	-1	-1	3
373	0.603318	33.0358	47	0.702889	-0.0249752	0.0172343	-1	-1	3
374	0.603318	49.4514	47	1.05216	-0.0263969	0.0171907	-1	-1	3
375	0.603318	44.1018	47	0.938337	-0.0281233	0.0171369	-1	-1	3
376	0.603318	55.0246	47	1.17074	-0.0595117	0.0165113	-1	-1	3
377	0.603318	47.6289	47	1.01338	0.119619	0.0204639	-1	-1	3
378	0.603318	49.1405	47	1.04554	0.0417606	0.0187693	-1	-1	3
379	0.603318	38.8014	47	0.825562	-0.104827	0.0156351	-1	-1	3
380	0.603318	44.4874	47	0.94654	-0.0841527	0.0160423	-1	-1	3
381	0.603318	53.0474	47	1.12867	-0.120931	0.0153171	-1	-1	3
382	0.603318	43.6484	47	0.92869	-0.159787	0.0145045	-1	-1	3
383	0.603318	34.7835	47	0.740075	-0.158001	0.0145624	-1	-1	3
384	0.603318	65.7493	47	1.39892	-0.239118	0.0130323	-1	-1	3
385	0.603318	68.2844	47	1.45286	-0.262893	0.0126109	-1	-1	3
386	0.603318	46.1718	47	0.98238	-0.0555684	0.0166706	-1	-1	3
387	0.603318	35.4972	47	0.75526	-0.0846389	0.0160312	-1	-1	3
388	0.603318	43.1714	47	0.918541	-0.112502	0.0154596	-1	-1	3
389	0.603318	50.8027	47	1.08091	-0.106776	0.0155929	-1	-1	3
390	0.603318	58.4028	47	1.24261	-0.143618	0.0148713	-1	-1	3
391	0.603318	53.1811	47	1.13151	-0.10189	0.0157013	-1	-1	3
392	0.603318	45.7635	47	0.973692	-0.155821	0.0146353	-1	-1	3
393	0.603318	48.2008	47	1.02555	-0.157952	0.0145772	-1	-1	3
394	0.603318	68.9692	47	1.46743	-0.185542	0.0140665	-1	-1	3
395	0.603318	47.3875	47	1.00825	-0.143857	0.0148126	-1	-1	3
396	0.603318	31.4753	47	0.669687	-0.183393	0.0140636	-1	-1	3
397	0.603318	66.2788	47	1.41019	-0.0961895	0.0158075	-1	-1	3
398	0.603318	43.0122	47	0.915152	-0.0737147	0.0162464	-1	-1	3
399	0.603318	59.4551	47	1.265	-0.093477	0.0158424	-1	-1	3
400	0.603318	31.6237	47	0.672844	-0.11557	0.01541	-1	-1	3
401	0.603318	53.9174	47	1.14718	-0.135744	0.0150008	-1	-1	3
402	0.603318	69.3425	47	1.47537	-0.163176	0.014481	-1	-1	3
403	0.603318	51.4027	47	1.09367	-0.130986	0.0150789	-1	-1	3
404	0.603318	57.2747	47	1.21861	-0.164677	0.0144526	-1	-1	3
405	0.603318	46.7282	47	0.994217	-0.174364	0.0142686	-1	-1	3
406	0.603318	96.424	47	2.05157	-0.204427	0.013701	-1	-1	3
407	0.603318	75.14	47	1.59872	-0.230115	0.0132246	-1	-1	3
408	0.603318	35.2328	47	0.749635	-0.0527403	0.0166736	-1	-1	3
409	0.603318	34.3862	47	0.731622	-0.0333158	0.0170895	-1	-1	3
410	0.603318	35.2946	47	0.750949	-0.068595	0.016332	-1	-1	3
411	0.603318	49.9603	47	1.06299	-0.0843366	0.0160073	-1	-1	3
412	0.603318	64.005	47	1.36181	-0.109284	0.0155229	-1	-1	3
413	0.603318	51.4557	47	1.0948	-0.110611	0.0154903	-1	-1	3
414	0.603318	54.4054	47	1.15756	-0.14692	0.0147739	-1	-1	3
415	0.603318	65.7375	47	1.39867	-0.12759	0.0151776	-1	-1	3
416	0.603318	50.9157	47	1.08331	-0.153876	0.0146463	-1	-1	3
417	0.603318	39.3857	47	0.837993	-0.19531	0.0138491	-1	-1	3
418	0.603318	70.372	47	1.49728	-0.210779	0.0135757	-1	-1	3
419	0.603318	52.9239	47	1.12604	-0.24895	0.0128482	-1	-1	3
420	0.603318	58.9714	47	1.25471	0.098891	0.0199322	-1	-1	3
421	0.603318	51.7265	47	1.10056	0.048427	0.018842	-1	-1	3
422	0.603318	68.8291	47	1.46445	-0.022464	0.0173254	-1	-1	3
423	0.603318	47.6268	47	1.01334	-0.0461433	0.0168251	-1	-1	3
424	0.603318	37.3727	47	0.795164	-0.0559574	0.0166306	-1	-1	3
425	0.603318	50.8878	47	1.08272	-0.0680874	0.0163808	-1	-1	3
426	0.603318	40.8841	47	0.869875	-0.084185	0.015998	-1	-1	3
427	0.603318	29.2374	47	0.622073	-0.119789	0.0153005	-1	-1	3
428	0.603318	49.623	47	1.05581	-0.124414	0.0152052	-1	-1	3
429	0.603318	62.6529	47	1.33304	-0.147551	0.0147472	-1	-1	3
430	0.603318	47.7249	47	1.01542	-0.117542	0.0153665	-1	-1	3
431	0.603318	56.1599	47	1.19489	-0.155339	0.0146277	-1	-1	3
432	0.603318	48.9361	47	1.04119	-0.188277	0.0139533	-1	-1	3
433	0.603318	54.3263	47	1.15588	-0.185739	0.0140475	-1	-1	3
434	0.603318	55.3181	47	1.17698	-0.214536	0.013495	-1	-1	3
435	0.603318	36.8608	47	0.784273	0.0723147	0.0194061	-1	-1	3
436	0.603318	52.0355	47	1.10714	0.0676938	0.0192236	-1	-1	3
437	0.603318	48.3244	47	1.02818	8.81665e-05	0.0177745	-1	-1	3
438	0.603318	41.0928	47	0.874314	-0.0130475	0.0175214	-1	-1	3
439	0.603318	42.3977	47	0.902079	-0.0403677	0.0169517	-1	-1	3
440	0.603318	54.5474	47	1.16058	-0.0650142	0.016434	-1	-1	3
441	0.603318	49.838	47	1.06038	-0.0730338	0.0162617	-1	-1	3
442	0.603318	65.6067	47	1.39589	-0.0667266	0.0163855	-1	-1	3
443	0.603318	48.644	47	1.03498	-0.0920413	0.0158398	-1	-1	3
444	0.603318	50.7279	47	1.07932	-0.0901208	0.0158876	-1	-1	3
445	0.603318	51.9311	47	1.10492	-0.110721	0.0154433	-1	-1	3
446	0.603318	54.5565	47	1.16078	-0.150657	0.0146997	-1	-1	3
447	0.603318	53.863	47	1.14602	-0.134772	0.0149922	-1	-1	3
448	0.603318	52.8346	47	1.12414	-0.162116	0.0144775	-1	-1	3
449	0.603318	67.3772	47	1.43356	0.0902648	0.0196989	-1	-1	3
450	0.603318	44.6488	47	0.949974	0.00530134	0.0178743	-1	-1	3
451	0.603318	38.7883	47	0.825282	0.00960175	0.0179914	-1	-1	3
452	0.603318	55.4946	47	1.18074	-0.0282671	0.0171804	-1	-1	3
453	0.603318	37.46	47	0.797021	-0.0505175	0.0167136	-1	-1	3
454	0.603318	45.7567	47	0.973547	-0.040385	0.0169306	-1	-1	3
455	0.603318	36.9812	47	0.786834	-0.068552	0.0163312	-1	-1	3
456	0.603318	48.3208	47	1.0281	-0.0817373	0.0160643	-1	-1	3
457	0.603318	39.3447	47	0.83712	-0.101348	0.0156397	-1	-1	3
458	0.603318	31.3583	47	0.667198	-0.136387	0.0149485	-1	-1	3
459	0.603318	56.0269	47	1.19206	-0.146023	0.0147742	-1	-1	3
460	0.603318	65.9209	47	1.40257	-0.13873	0.0149094	-1	-1	3
461	0.603318	42.3939	47	0.901997	-0.00844349	0.0175789	-1	-1	3
462	0.603318	65.6811	47	1.39747	-0.0125619	0.0174794	-1	-1	3
463	0.603318	51.4682	47	1.09507	-0.0373518	0.0169619	-1	-1	3
464	0.603318	52.1234	47	1.10901	-0.0405316	0.0168906	-1	-1	3
465	0.603318	53.5348	47	1.13904	-0.0419662	0.0168652	-1	-1	3
466	0.603318	44.3238	47	0.943059	-0.0612933	0.0164996	-1	-1	3
467	0.603318	37.1494	47	0.790414	-0.0460692	0.0167908	-1	-1	3
468	0.603318	60.417	47	1.28547	-0.111774	0.0154786	-1	-1	3
469	0.603318	63.4743	47	1.35052	-0.0828184	0.0159933	-1	-1	3
470	0.603318	53.0548	47	1.12883	-0.0815864	0.0160397	-1	-1	3
471	0.603318	46.2824	47	0.984731	-0.127774	0.0151098	-1	-1	3
472	0.603318	53.0196	47	1.12808	-0.0105107	0.0175091	-1	-1	3
473	0.603318	63.0545	47	1.34158	-0.00942396	0.0175666	-1	-1	3
474	0.603318	55.1896	47	1.17425	-0.00446677	0.0176548	-1	-1	3
475	0.603318	68.3677	47	1.45463	-0.0490711	0.0167411	-1	-1	3
476	0.603318	43.7796	47	0.931482	-0.0591881	0.0164982	-1	-1	3
477	0.603318	55.2602	47	1.17575	-0.058405	0.0165236	-1	-1	3
478	0.603318	36.9943	47	0.787113	-0.058026	0.0165508	-1	-1	3
479	0.603318	55.9604	47	1.19065	-0.10484	0.0155911	-1	-1	3
480	0.603318	43.6069	47	0.927806	0.00134519	0.0177549	-1	-1	3
481	0.603318	46.1341	47	0.981577	-0.015563	0.0173995	-1	-1	3
482	0.603318	50.5188	47	1.07487	-0.0256511	0.0171532	-1	-1	3
483	0.603318	52.5677	47	1.11846	-0.0542715	0.0166005	-1	-1	3
484	0.603318	42.7406	47	0.909373	-0.0651227	0.0163844	-1	-1	3
485	0.603318	38.0082	47	0.808686	-0.0817573	0.0160426	-1	-1	3
486	0.603318	53.3524	47	1.13516	-0.0680739	0.0163261	-1	-1	3
487	0.603318	56.4507	47	1.20108	-0.0836557	0.0160034	-1	-1	3
488	0.603318	43.6182	47	0.928046	-0.129037	0.0151033	-1	-1	3
489	0.603318	48.5747	47	1.03351	-0.00992005	0.0175389	-1	-1	3
490	0.603318	67.5161	47	1.43651	-0.0233201	0.0172154	-1	-1	3
491	0.603318	55.0288	47	1.17083	-0.0208627	0.0172912	-1	-1	3
492	0.603318	43.544	47	0.926467	-0.0688064	0.0163221	-1	-1	3
493	0.603318	46.242	47	0.983872	-0.0363353	0.0169718	-1	-1	3
494	0.603318	46.2066	47	0.98312	0.0315166	0.0185117	-1	-1	3
