0	0.631261	1.39035	54	0.061098	0.322367	0.918182	121	482555
2	0.631826	1.32736	54	0.0579053	0.187136	0.918182	121	444940
3	0.631824	2.72851	54	0.246958	0.111898	0.918182	121	322625
4	0.631757	2.66234	54	0.0597205	0.00487854	0.918182	121	265835
5	0.631295	1.18503	54	0.0484853	0.0863098	0.918182	121	671342
6	0.630901	1.30575	54	0.0662335	0.345233	0.918182	121	668560
7	0.630968	2.63954	54	0.0521337	0.11877	0.918182	121	660213
8	0.631295	1.05367	54	0.0537042	0.0889905	0.918182	121	575798
10	0.630943	1.60443	54	0.0496208	0.257213	0.918182	121	583632
12	0.631248	2.56925	54	0.0478868	0.063999	0.918182	121	544623
13	0.631086	1.24462	54	0.0505646	0.150535	0.918182	121	585393
14	0.631225	1.27813	54	0.0488333	0.132361	0.918182	121	592374
15	0.63079	1.04951	54	0.0416779	0.0189399	0.918182	121	720474
16	0.630873	1.44062	54	0.0417986	-0.0113334	0.918182	121	720474
17	0.630681	1.18805	54	0.0448672	0.0685714	0.918182	121	707331
18	0.631039	1.78376	54	0.0427229	-0.012173	0.918182	121	711018
19	0.631187	1.5669	54	0.0429113	-0.0154014	0.918182	121	699157
21	0.630814	1.38851	54	0.0429032	0.0122209	0.918182	121	752136
22	0.630918	1.16348	54	0.0455647	0.0993896	0.918182	121	764424
23	0.630918	2.04047	54	0.0527991	0.162095	0.918182	121	284367
24	0.630746	1.21532	54	0.0457082	0.0404191	0.918182	121	750023
25	0.630435	1.72204	54	0.0454383	-0.0129414	0.918182	121	680125
26	0.630632	0.698869	54	0.0526757	0.264438	0.918182	121	750511
27	0.63091	0.873177	54	0.0505135	0.161445	0.918182	121	692463
28	0.6311	2.18662	54	0.254276	0.259868	0.918182	121	349003
29	0.630842	0.836815	54	0.0499793	0.221553	0.918182	121	767423
30	0.630766	2.18878	54	0.050976	0.118992	0.918182	121	516052
31	0.630847	2.02022	54	0.0454284	0.0741574	0.918182	121	687108
32	0.630939	1.13368	54	0.0413592	0.121267	0.918182	121	992008
33	0.631264	1.25374	54	0.0408712	0.0313194	0.918182	121	918687
34	0.631132	0.827173	54	0.0419493	0.0916635	0.918182	121	931988
35	0.631421	0.805153	54	0.0422372	0.0943129	0.918182	121	950698
36	0.631309	1.10159	54	0.0428267	0.15406	0.918182	121	962690
37	0.631465	0.851599	54	0.0393112	0.033722	0.918182	121	968154
40	0.630912	1.37432	54	0.0393887	0.0114398	0.918182	121	905884
41	0.631118	1.24229	54	0.0444777	0.0761648	0.918182	121	690438
42	0.631025	1.22655	54	0.0437737	0.10104	0.918182	121	909446
43	0.630991	1.22972	54	0.053848	0.110122	0.918182	121	891185
44	0.631206	1.00441	54	0.0429226	0.0973557	0.918182	121	912115
45	0.631118	0.781929	54	0.0432754	0.109628	0.918182	121	851793
46	0.630888	1.21995	54	0.0444046	0.179599	0.918182	121	715193
47	0.63097	0.870511	54	0.0661135	0.366673	0.918182	121	703329
48	0.631189	0.964212	54	0.0500633	0.152922	0.918182	121	730711
49	0.631349	0.930785	54	0.0488829	0.109098	0.918182	121	723681
50	0.630938	1.17505	54	0.0635365	0.331485	0.918182	121	527868
51	0.631288	1.45052	54	0.0545215	0.136243	0.918182	121	539548
52	0.630992	0.717493	54	0.0583606	0.274762	0.918182	121	780503
53	0.631183	1.2609	54	0.0467847	0.0730123	0.918182	121	752325
54	0.630859	1.33252	54	0.0518022	0.198357	0.918182	121	724208
55	0.631038	0.796409	54	0.0499622	0.118478	0.918182	121	681476
56	0.631011	1.13506	54	0.0456862	0.0476643	0.918182	121	707863
57	0.631007	1.07861	54	0.0504931	0.172796	0.918182	121	743075
58	0.630917	1.3322	54	0.0490773	0.129499	0.918182	121	732316
0	0.205139	0.631335	0.0110961	54	0.443902	0.918182	121	-100
2	-0.0585494	0.631585	0.181042	54	0.402623	0.918182	121	-100
3	0.0357051	0.631473	0.0171334	54	1.92903	0.918182	121	-100
4	-0.07931	0.631601	0.0170072	54	0.432125	0.918182	121	-100
5	-0.0164336	0.631322	0.0099113	54	0.362884	0.918182	121	-100
6	1.58456	0.63109	nan	54	0.00424881	0.918182	121	-499
7	0.0787049	0.631143	0.0120411	54	0.396091	0.918182	121	0
8	-0.0576488	0.63121	0.00996734	54	0.345671	0.918182	121	-100
10	0.210631	0.631139	0.0126252	54	0.391493	0.918182	121	-100
11	-0.164796	0.631317	0.165592	54	0.322989	0.918182	121	-100
12	0.0169387	0.631196	0.00832176	54	0.364558	0.918182	121	-100
13	1.58433	0.631182	nan	54	0.00361215	0.918182	121	-587
14	0.0808084	0.631171	0.0104147	54	0.378	0.918182	121	-100
15	-0.03292	0.630951	0.00997845	54	0.319661	0.918182	121	-100
16	-0.0814594	0.630862	0.0109652	54	0.316101	0.918182	121	0
17	-0.0494221	0.630807	0.0115006	54	0.3266	0.918182	121	-100
18	-0.0674291	0.630969	0.0128386	54	0.324096	0.918182	121	-100
19	-0.0715446	0.630996	0.0119376	54	0.32171	0.918182	121	0
20	-0.131825	0.630861	0.00924342	54	0.306157	0.918182	121	-100
21	-0.0480044	0.630837	0.0119577	54	0.32567	0.918182	121	-100
22	0.0907206	0.630838	0.0104994	54	0.355139	0.918182	121	0
23	0.172197	0.630895	0.0242705	54	1.98008	0.918182	121	-100
24	-0.0219059	0.630661	0.0107172	54	0.346288	0.918182	121	0
25	-0.104873	0.630564	0.0104527	54	0.343183	0.918182	121	-100
26	0.176036	0.630815	0.00639884	54	0.435619	0.918182	121	0
27	0.122431	0.631041	0.0104971	54	0.387793	0.918182	121	-100
28	0.155955	0.631112	0.0180898	54	0.626792	0.918182	121	-100
29	0.149908	0.630837	0.00576452	54	0.377331	0.918182	121	0
30	0.0303911	0.630902	0.0137101	54	0.374043	0.918182	121	-100
31	0.0250625	0.630909	0.0091581	54	0.346042	0.918182	121	-100
32	0.143982	0.631111	0.0133082	54	0.323858	0.918182	121	-100
33	0.026359	0.631156	0.0105585	54	0.31882	0.918182	121	-100
34	1.58434	0.631176	nan	54	0.00313273	0.918182	121	-688
35	0.0373308	0.631396	0.00648296	54	0.316352	0.918182	121	0
36	0.0796913	0.631243	0.00896321	54	0.323131	0.918182	121	0
37	-0.0447314	0.631371	0.00923005	54	0.294599	0.918182	121	0
39	0.12185	0.630929	0.00981407	54	0.37037	0.918182	121	-100
40	-0.0827568	0.6311	0.0106979	54	0.400943	0.918182	121	0
41	0.0164645	0.631204	0.0100378	54	0.339836	0.918182	121	-100
42	0.0603887	0.631081	0.0093426	54	0.330265	0.918182	121	0
43	0.0832851	0.631107	0.00650422	54	0.336916	0.918182	121	0
44	0.0403528	0.631188	0.00763713	54	0.326302	0.918182	121	-100
45	0.0717869	0.631031	0.00811195	54	0.338604	0.918182	121	-100
46	0.0933062	0.630971	0.00821046	54	0.352917	0.918182	121	0
47	0.286678	0.631024	0.00670096	54	0.441123	0.918182	121	-100
48	1.58437	0.631167	nan	54	0.0040753	0.918182	121	-522
49	1.58398	0.631319	nan	54	0.00405	0.918182	121	-527
50	0.265795	0.631045	0.00777735	54	0.476024	0.918182	121	0
51	0.0989239	0.631058	0.0134963	54	0.417717	0.918182	121	0
52	0.16749	0.631086	0.00594767	54	0.382669	0.918182	121	0
53	1.58426	0.631211	nan	54	0.00388225	0.918182	121	-544
54	1.58472	0.631026	nan	54	0.00409021	0.918182	121	-519
55	0.0454844	0.631144	0.00518861	54	0.380358	0.918182	121	0
56	-0.124813	0.63105	0.0143755	54	0.290437	0.918182	121	-100
57	0.0965658	0.631073	0.00648715	54	0.377509	0.918182	121	0
58	0.0989958	0.630946	0.00766266	54	0.377993	0.918182	121	-100
0	0.205139	0.631335	0.0110961	54	0.443902	0.918182	121	-100
2	-0.0585494	0.631585	0.181042	54	0.402623	0.918182	121	-100
3	0.0357051	0.631473	0.0171334	54	1.92903	0.918182	121	-100
4	-0.07931	0.631601	0.0170072	54	0.432125	0.918182	121	-100
5	-0.0164336	0.631322	0.0099113	54	0.362884	0.918182	121	-100
6	1.58456	0.63109	nan	54	0.00424881	0.918182	121	-499
7	0.0787175	0.631143	0.0120409	54	0.396094	0.918182	121	0
8	-0.0576488	0.63121	0.00996734	54	0.345671	0.918182	121	-100
10	0.210631	0.631139	0.0126252	54	0.391493	0.918182	121	-100
11	-0.164796	0.631317	0.165592	54	0.322989	0.918182	121	-100
12	0.0169387	0.631196	0.00832176	54	0.364558	0.918182	121	-100
13	1.58433	0.631182	nan	54	0.00361215	0.918182	121	-587
14	0.0808084	0.631171	0.0104147	54	0.378	0.918182	121	-100
15	-0.03292	0.630951	0.00997845	54	0.319661	0.918182	121	-100
16	1.58513	0.630862	nan	54	0.00336056	0.918182	121	-637
17	-0.0494221	0.630807	0.0115006	54	0.3266	0.918182	121	-100
18	-0.0674291	0.630969	0.0128386	54	0.324096	0.918182	121	-100
19	-0.0782515	0.630996	0.0119573	54	0.321918	0.918182	121	0
20	-0.131825	0.630861	0.00924342	54	0.306157	0.918182	121	-100
21	-0.0480044	0.630837	0.0119577	54	0.32567	0.918182	121	-100
22	0.0907206	0.630838	0.0104994	54	0.355139	0.918182	121	0
23	0.172197	0.630895	0.0242705	54	1.98008	0.918182	121	-100
24	1.58564	0.630661	nan	54	0.00389817	0.918182	121	-544
25	-0.104873	0.630564	0.0104527	54	0.343183	0.918182	121	-100
26	0.17796	0.630815	0.00639593	54	0.395226	0.918182	121	0
27	0.122431	0.631041	0.0104971	54	0.387793	0.918182	121	-100
28	0.155955	0.631112	0.0180898	54	0.626792	0.918182	121	-100
29	0.154202	0.630837	0.00579286	54	0.378522	0.918182	121	0
30	0.0303911	0.630902	0.0137101	54	0.374043	0.918182	121	-100
31	0.0250625	0.630909	0.0091581	54	0.346042	0.918182	121	-100
32	0.143982	0.631111	0.0133082	54	0.323858	0.918182	121	-100
33	0.026359	0.631156	0.0105585	54	0.31882	0.918182	121	-100
34	1.58434	0.631176	nan	54	0.00313273	0.918182	121	-688
35	0.0373308	0.631396	0.00648296	54	0.316352	0.918182	121	0
36	0.0796913	0.631243	0.00896321	54	0.323131	0.918182	121	0
37	-0.0447314	0.631371	0.00923005	54	0.294599	0.918182	121	0
39	0.12185	0.630929	0.00981407	54	0.37037	0.918182	121	-100
40	-0.0827568	0.6311	0.0106979	54	0.400943	0.918182	121	0
41	0.0164645	0.631204	0.0100378	54	0.339836	0.918182	121	-100
42	0.0603887	0.631081	0.0093426	54	0.330265	0.918182	121	0
43	0.0832851	0.631107	0.00650422	54	0.336916	0.918182	121	0
44	0.0403528	0.631188	0.00763713	54	0.326302	0.918182	121	-100
45	0.0717869	0.631031	0.00811195	54	0.338604	0.918182	121	-100
46	1.58486	0.630971	nan	54	0.00329928	0.918182	121	-652
47	0.286678	0.631024	0.00670096	54	0.441123	0.918182	121	-100
48	1.58437	0.631167	nan	54	0.0040753	0.918182	121	-522
49	1.58398	0.631319	nan	54	0.00405	0.918182	121	-527
50	0.265795	0.631045	0.00777735	54	0.476024	0.918182	121	0
51	1.58464	0.631058	nan	54	0.00453633	0.918182	121	-464
52	0.180771	0.631086	0.00597338	54	0.386086	0.918182	121	0
53	1.58426	0.631211	nan	54	0.00388225	0.918182	121	-544
54	0.109325	0.631026	0.0100491	54	0.38622	0.918182	121	0
55	1.58442	0.631144	nan	54	0.00429059	0.918182	121	-495
56	-0.124813	0.63105	0.0143755	54	0.290437	0.918182	121	-100
57	0.129386	0.631073	0.00632757	54	0.388452	0.918182	121	0
58	0.0989958	0.630946	0.00766266	54	0.377993	0.918182	121	-100
