0	-5	0.003	0	0	-5	0.003	0	0
1	-5	0.013	0	0	-5	0.013	0	0
2	-5	0.026	-2.5e-05	0	-5	0.026	-2.5e-05	0
3	-5	0.042	-5e-05	0	-5	0.042	-5e-05	0
4	-5	0.043	-5e-05	0	-5	0.043	-5e-05	0
5	-4	0.015	-2.5e-05	0	-4	0.015	-2.5e-05	0
6	-4	0.02	-2.5e-05	0	-4	0.02	-2.5e-05	0
7	-4	0.021	-2.5e-05	0	-4	0.021	-2.5e-05	0
8	-4	0.024	-2.5e-05	0	-4	0.024	-2.5e-05	0
9	-4	0.027	-2.5e-05	0	-4	0.027	-2.5e-05	0
10	-4	0.03	-2.5e-05	0	-4	0.03	-2.5e-05	0
11	-3	-0.006	0	0	-3	-0.006	0	0
12	-3	0.005	0	0	-3	0.005	0	0
13	-3	0.006	0	0	-3	0.006	0	0
14	-3	0.007	0	0	-3	0.007	0	0
15	-3	0.008	0	0	-3	0.008	0	0
16	-3	0.009	0	0	-3	0.009	0	0
17	-3	0.013	0	0	-3	0.013	0	0
18	-3	0.02	-2.5e-05	0	-3	0.02	-2.5e-05	0
19	-3	0.021	-2.5e-05	0	-3	0.021	-2.5e-05	0
20	-3	0.022	-2.5e-05	0	-3	0.022	-2.5e-05	0
21	-3	0.023	-2.5e-05	0	-3	0.023	-2.5e-05	0
22	-3	0.024	-2.5e-05	0	-3	0.024	-2.5e-05	0
23	-3	0.025	-2.5e-05	0	-3	0.025	-2.5e-05	0
24	-3	0.026	-2.5e-05	0	-3	0.026	-2.5e-05	0
25	-3	0.046	-5e-05	0	-3	0.046	-5e-05	0
26	-2	-0.022	2.5e-05	0	-2	-0.022	2.5e-05	0
27	-2	-0.017	2.5e-05	0	-2	-0.017	2.5e-05	0
28	-2	-0.009	2.5e-05	0	-2	-0.009	2.5e-05	0
29	-2	-0.003	0	0	-2	-0.003	0	0
30	-2	-0.002	0	0	-2	-0.002	0	0
31	-2	-0.001	0	0	-2	-0.001	0	0
32	-2	0	0	0	-2	0	0	0
33	-2	0.001	0	0	-2	0.001	0	0
34	-2	0.002	0	0	-2	0.002	0	0
35	-2	0.003	0	0	-2	0.003	0	0
36	-2	0.004	0	0	-2	0.004	0	0
37	-2	0.005	0	0	-2	0.005	0	0
38	-2	0.006	0	0	-2	0.006	0	0
39	-2	0.007	0	0	-2	0.007	0	0
40	-2	0.008	0	0	-2	0.008	0	0
41	-2	0.01	0	0	-2	0.01	0	0
42	-2	0.014	-2.5e-05	0	-2	0.014	-2.5e-05	0
43	-2	0.019	-2.5e-05	0	-2	0.019	-2.5e-05	0
44	-2	0.02	-2.5e-05	0	-2	0.02	-2.5e-05	0
45	-2	0.021	-2.5e-05	0	-2	0.021	-2.5e-05	0
46	-2	0.022	-2.5e-05	0	-2	0.022	-2.5e-05	0
47	-2	0.023	-2.5e-05	0	-2	0.023	-2.5e-05	0
48	-2	0.024	-2.5e-05	0	-2	0.024	-2.5e-05	0
49	-1	-0.013	2.5e-05	0	-1	-0.013	2.5e-05	0
50	-1	-0.011	2.5e-05	0	-1	-0.011	2.5e-05	0
51	-1	-0.004	0	0	-1	-0.004	0	0
52	-1	-0.003	0	0	-1	-0.003	0	0
53	-1	-0.002	0	0	-1	-0.002	0	0
54	-1	-0.001	0	0	-1	-0.001	0	0
55	-1	0	0	0	-1	0	0	0
56	-1	0.001	0	0	-1	0.001	0	0
57	-1	0.002	0	0	-1	0.002	0	0
58	-1	0.003	0	0	-1	0.003	0	0
59	-1	0.004	0	0	-1	0.004	0	0
60	-1	0.005	0	0	-1	0.005	0	0
61	-1	0.006	0	0	-1	0.006	0	0
62	-1	0.007	0	0	-1	0.007	0	0
63	-1	0.009	0	0	-1	0.009	0	0
64	-1	0.011	0	0	-1	0.011	0	0
65	-1	0.012	0	0	-1	0.012	0	0
66	-1	0.018	-2.5e-05	0	-1	0.018	-2.5e-05	0
67	-1	0.019	-2.5e-05	0	-1	0.019	-2.5e-05	0
68	-1	0.02	-2.5e-05	0	-1	0.02	-2.5e-05	0
69	-1	0.021	-2.5e-05	0	-1	0.021	-2.5e-05	0
70	-1	0.022	-2.5e-05	0	-1	0.022	-2.5e-05	0
71	-1	0.029	-2.5e-05	0	-1	0.029	-2.5e-05	0
72	-1	0.038	-5e-05	0	-1	0.038	-5e-05	0
73	0	-0.027	2.5e-05	0	0	-0.027	2.5e-05	0
74	0	-0.018	2.5e-05	0	0	-0.018	2.5e-05	0
75	0	-0.017	2.5e-05	0	0	-0.017	2.5e-05	0
76	0	-0.016	2.5e-05	0	0	-0.016	2.5e-05	0
77	0	-0.013	2.5e-05	0	0	-0.013	2.5e-05	0
78	0	-0.005	0	0	0	-0.005	0	0
79	0	-0.004	0	0	0	-0.004	0	0
80	0	-0.003	0	0	0	-0.003	0	0
81	0	-0.002	0	0	0	-0.002	0	0
82	0	-0.001	0	0	0	-0.001	0	0
83	0	0	0	0	0	0	0	0
84	0	0.001	0	0	0	0.001	0	0
85	0	0.002	0	0	0	0.002	0	0
86	0	0.003	0	0	0	0.003	0	0
87	0	0.004	0	0	0	0.004	0	0
88	0	0.005	0	0	0	0.005	0	0
89	0	0.015	-2.5e-05	0	0	0.015	-2.5e-05	0
90	0	0.016	-2.5e-05	0	0	0.016	-2.5e-05	0
91	0	0.017	-2.5e-05	0	0	0.017	-2.5e-05	0
92	0	0.018	-2.5e-05	0	0	0.018	-2.5e-05	0
93	0	0.022	-2.5e-05	0	0	0.022	-2.5e-05	0
94	1	-0.028	2.5e-05	0	1	-0.028	2.5e-05	0
95	1	-0.022	2.5e-05	0	1	-0.022	2.5e-05	0
96	1	-0.021	2.5e-05	0	1	-0.021	2.5e-05	0
97	1	-0.02	2.5e-05	0	1	-0.02	2.5e-05	0
98	1	-0.019	2.5e-05	0	1	-0.019	2.5e-05	0
99	1	-0.018	2.5e-05	0	1	-0.018	2.5e-05	0
100	1	-0.007	0	0	1	-0.007	0	0
101	1	-0.006	0	0	1	-0.006	0	0
102	1	-0.005	0	0	1	-0.005	0	0
103	1	-0.004	0	0	1	-0.004	0	0
104	1	-0.003	0	0	1	-0.003	0	0
105	1	-0.002	0	0	1	-0.002	0	0
106	1	-0.001	0	0	1	-0.001	0	0
107	1	0	0	0	1	0	0	0
108	1	0.001	0	0	1	0.001	0	0
109	1	0.002	0	0	1	0.002	0	0
110	1	0.003	0	0	1	0.003	0	0
111	1	0.004	0	0	1	0.004	0	0
112	1	0.016	-2.5e-05	0	1	0.016	-2.5e-05	0
113	1	0.021	-2.5e-05	0	1	0.021	-2.5e-05	0
114	2	-0.024	2.5e-05	0	2	-0.024	2.5e-05	0
115	2	-0.023	2.5e-05	0	2	-0.023	2.5e-05	0
116	2	-0.022	2.5e-05	0	2	-0.022	2.5e-05	0
117	2	-0.021	2.5e-05	0	2	-0.021	2.5e-05	0
118	2	-0.02	2.5e-05	0	2	-0.02	2.5e-05	0
119	2	-0.019	2.5e-05	0	2	-0.019	2.5e-05	0
120	2	-0.008	0	0	2	-0.008	0	0
121	2	-0.007	0	0	2	-0.007	0	0
122	2	-0.006	0	0	2	-0.006	0	0
123	2	-0.005	0	0	2	-0.005	0	0
124	2	-0.004	0	0	2	-0.004	0	0
125	2	-0.003	0	0	2	-0.003	0	0
126	2	-0.002	0	0	2	-0.002	0	0
127	2	-0.001	0	0	2	-0.001	0	0
128	2	0	0	0	2	0	0	0
129	2	0.001	0	0	2	0.001	0	0
130	2	0.002	0	0	2	0.002	0	0
131	2	0.003	0	0	2	0.003	0	0
132	2	0.013	-2.5e-05	0	2	0.013	-2.5e-05	0
133	3	-0.044	5e-05	0	3	-0.044	5e-05	0
134	3	-0.04	5e-05	0	3	-0.04	5e-05	0
135	3	-0.026	2.5e-05	0	3	-0.026	2.5e-05	0
136	3	-0.025	2.5e-05	0	3	-0.025	2.5e-05	0
137	3	-0.024	2.5e-05	0	3	-0.024	2.5e-05	0
138	3	-0.023	2.5e-05	0	3	-0.023	2.5e-05	0
139	3	-0.022	2.5e-05	0	3	-0.022	2.5e-05	0
140	3	-0.021	2.5e-05	0	3	-0.021	2.5e-05	0
141	3	-0.02	2.5e-05	0	3	-0.02	2.5e-05	0
142	3	-0.019	2.5e-05	0	3	-0.019	2.5e-05	0
143	3	-0.011	0	0	3	-0.011	0	0
144	3	-0.009	0	0	3	-0.009	0	0
145	3	-0.008	0	0	3	-0.008	0	0
146	3	-0.007	0	0	3	-0.007	0	0
147	3	-0.006	0	0	3	-0.006	0	0
148	3	-0.005	0	0	3	-0.005	0	0
149	3	0.001	0	0	3	0.001	0	0
150	3	0.002	0	0	3	0.002	0	0
151	3	0.003	0	0	3	0.003	0	0
152	3	0.005	0	0	3	0.005	0	0
153	3	0.013	-2.5e-05	0	3	0.013	-2.5e-05	0
154	4	-0.049	5e-05	0	4	-0.049	5e-05	0
155	4	-0.046	5e-05	0	4	-0.046	5e-05	0
156	4	-0.039	5e-05	0	4	-0.039	5e-05	0
157	4	-0.038	5e-05	0	4	-0.038	5e-05	0
158	4	0.002	0	0	4	0.002	0	0
159	5	-0.046	5e-05	0	5	-0.046	5e-05	0
160	-5	0.018	-2.5e-05	0	-5	0.018	-2.5e-05	0
161	-4	0.005	0	0	-4	0.005	0	0
162	-4	0.009	0	0	-4	0.009	0	0
163	-4	0.046	-5e-05	0	-4	0.046	-5e-05	0
164	-3	-0.002	0	0	-3	-0.002	0	0
165	-3	0.005	0	0	-3	0.005	0	0
166	-3	0.006	0	0	-3	0.006	0	0
167	-3	0.007	0	0	-3	0.007	0	0
168	-3	0.008	0	0	-3	0.008	0	0
169	-3	0.009	0	0	-3	0.009	0	0
170	-3	0.012	0	0	-3	0.012	0	0
171	-3	0.014	0	0	-3	0.014	0	0
172	-3	0.02	-2.5e-05	0	-3	0.02	-2.5e-05	0
173	-3	0.021	-2.5e-05	0	-3	0.021	-2.5e-05	0
174	-3	0.022	-2.5e-05	0	-3	0.022	-2.5e-05	0
175	-3	0.023	-2.5e-05	0	-3	0.023	-2.5e-05	0
176	-3	0.024	-2.5e-05	0	-3	0.024	-2.5e-05	0
177	-3	0.025	-2.5e-05	0	-3	0.025	-2.5e-05	0
178	-3	0.026	-2.5e-05	0	-3	0.026	-2.5e-05	0
179	-3	0.044	-5e-05	0	-3	0.044	-5e-05	0
180	-2	-0.019	2.5e-05	0	-2	-0.019	2.5e-05	0
181	-2	-0.006	0	0	-2	-0.006	0	0
182	-2	-0.003	0	0	-2	-0.003	0	0
183	-2	-0.002	0	0	-2	-0.002	0	0
184	-2	-0.001	0	0	-2	-0.001	0	0
185	-2	0	0	0	-2	0	0	0
186	-2	0.001	0	0	-2	0.001	0	0
187	-2	0.002	0	0	-2	0.002	0	0
188	-2	0.003	0	0	-2	0.003	0	0
189	-2	0.004	0	0	-2	0.004	0	0
190	-2	0.005	0	0	-2	0.005	0	0
191	-2	0.006	0	0	-2	0.006	0	0
192	-2	0.007	0	0	-2	0.007	0	0
193	-2	0.008	0	0	-2	0.008	0	0
194	-2	0.019	-2.5e-05	0	-2	0.019	-2.5e-05	0
195	-2	0.02	-2.5e-05	0	-2	0.02	-2.5e-05	0
196	-2	0.021	-2.5e-05	0	-2	0.021	-2.5e-05	0
197	-2	0.022	-2.5e-05	0	-2	0.022	-2.5e-05	0
198	-2	0.023	-2.5e-05	0	-2	0.023	-2.5e-05	0
199	-2	0.024	-2.5e-05	0	-2	0.024	-2.5e-05	0
200	-2	0.028	-2.5e-05	0	-2	0.028	-2.5e-05	0
201	-1	-0.026	2.5e-05	0	-1	-0.026	2.5e-05	0
202	-1	-0.025	2.5e-05	0	-1	-0.025	2.5e-05	0
203	-1	-0.005	0	0	-1	-0.005	0	0
204	-1	-0.004	0	0	-1	-0.004	0	0
205	-1	-0.003	0	0	-1	-0.003	0	0
206	-1	-0.002	0	0	-1	-0.002	0	0
207	-1	-0.001	0	0	-1	-0.001	0	0
208	-1	0	0	0	-1	0	0	0
209	-1	0.001	0	0	-1	0.001	0	0
210	-1	0.002	0	0	-1	0.002	0	0
211	-1	0.003	0	0	-1	0.003	0	0
212	-1	0.004	0	0	-1	0.004	0	0
213	-1	0.005	0	0	-1	0.005	0	0
214	-1	0.006	0	0	-1	0.006	0	0
215	-1	0.007	0	0	-1	0.007	0	0
216	-1	0.018	-2.5e-05	0	-1	0.018	-2.5e-05	0
217	-1	0.019	-2.5e-05	0	-1	0.019	-2.5e-05	0
218	-1	0.02	-2.5e-05	0	-1	0.02	-2.5e-05	0
219	-1	0.021	-2.5e-05	0	-1	0.021	-2.5e-05	0
220	-1	0.022	-2.5e-05	0	-1	0.022	-2.5e-05	0
221	-1	0.028	-2.5e-05	0	-1	0.028	-2.5e-05	0
222	0	-0.034	5e-05	0	0	-0.034	5e-05	0
223	0	-0.02	2.5e-05	0	0	-0.02	2.5e-05	0
224	0	-0.018	2.5e-05	0	0	-0.018	2.5e-05	0
225	0	-0.017	2.5e-05	0	0	-0.017	2.5e-05	0
226	0	-0.016	2.5e-05	0	0	-0.016	2.5e-05	0
227	0	-0.005	0	0	0	-0.005	0	0
228	0	-0.004	0	0	0	-0.004	0	0
229	0	-0.003	0	0	0	-0.003	0	0
230	0	-0.002	0	0	0	-0.002	0	0
231	0	-0.001	0	0	0	-0.001	0	0
232	0	0	0	0	0	0	0	0
233	0	0.001	0	0	0	0.001	0	0
234	0	0.002	0	0	0	0.002	0	0
235	0	0.003	0	0	0	0.003	0	0
236	0	0.004	0	0	0	0.004	0	0
237	0	0.005	0	0	0	0.005	0	0
238	0	0.016	-2.5e-05	0	0	0.016	-2.5e-05	0
239	0	0.017	-2.5e-05	0	0	0.017	-2.5e-05	0
240	0	0.018	-2.5e-05	0	0	0.018	-2.5e-05	0
241	1	-0.036	5e-05	0	1	-0.036	5e-05	0
242	1	-0.022	2.5e-05	0	1	-0.022	2.5e-05	0
243	1	-0.021	2.5e-05	0	1	-0.021	2.5e-05	0
244	1	-0.02	2.5e-05	0	1	-0.02	2.5e-05	0
245	1	-0.019	2.5e-05	0	1	-0.019	2.5e-05	0
246	1	-0.018	2.5e-05	0	1	-0.018	2.5e-05	0
247	1	-0.007	0	0	1	-0.007	0	0
248	1	-0.006	0	0	1	-0.006	0	0
249	1	-0.005	0	0	1	-0.005	0	0
250	1	-0.004	0	0	1	-0.004	0	0
251	1	-0.003	0	0	1	-0.003	0	0
252	1	-0.002	0	0	1	-0.002	0	0
253	1	-0.001	0	0	1	-0.001	0	0
254	1	0	0	0	1	0	0	0
255	1	0.001	0	0	1	0.001	0	0
256	1	0.002	0	0	1	0.002	0	0
257	1	0.003	0	0	1	0.003	0	0
258	1	0.004	0	0	1	0.004	0	0
259	1	0.031	-5e-05	0	1	0.031	-5e-05	0
260	2	-0.042	5e-05	0	2	-0.042	5e-05	0
261	2	-0.037	5e-05	0	2	-0.037	5e-05	0
262	2	-0.024	2.5e-05	0	2	-0.024	2.5e-05	0
263	2	-0.023	2.5e-05	0	2	-0.023	2.5e-05	0
264	2	-0.022	2.5e-05	0	2	-0.022	2.5e-05	0
265	2	-0.021	2.5e-05	0	2	-0.021	2.5e-05	0
266	2	-0.02	2.5e-05	0	2	-0.02	2.5e-05	0
267	2	-0.019	2.5e-05	0	2	-0.019	2.5e-05	0
268	2	-0.015	2.5e-05	0	2	-0.015	2.5e-05	0
269	2	-0.014	2.5e-05	0	2	-0.014	2.5e-05	0
270	2	-0.008	0	0	2	-0.008	0	0
271	2	-0.007	0	0	2	-0.007	0	0
272	2	-0.006	0	0	2	-0.006	0	0
273	2	-0.005	0	0	2	-0.005	0	0
274	2	-0.004	0	0	2	-0.004	0	0
275	2	-0.003	0	0	2	-0.003	0	0
276	2	-0.002	0	0	2	-0.002	0	0
277	2	-0.001	0	0	2	-0.001	0	0
278	2	0	0	0	2	0	0	0
279	2	0.001	0	0	2	0.001	0	0
280	2	0.002	0	0	2	0.002	0	0
281	2	0.003	0	0	2	0.003	0	0
282	2	0.02	-2.5e-05	0	2	0.02	-2.5e-05	0
283	3	-0.026	2.5e-05	0	3	-0.026	2.5e-05	0
284	3	-0.025	2.5e-05	0	3	-0.025	2.5e-05	0
285	3	-0.024	2.5e-05	0	3	-0.024	2.5e-05	0
286	3	-0.023	2.5e-05	0	3	-0.023	2.5e-05	0
287	3	-0.022	2.5e-05	0	3	-0.022	2.5e-05	0
288	3	-0.021	2.5e-05	0	3	-0.021	2.5e-05	0
289	3	-0.02	2.5e-05	0	3	-0.02	2.5e-05	0
290	3	-0.009	0	0	3	-0.009	0	0
291	3	-0.008	0	0	3	-0.008	0	0
292	3	-0.007	0	0	3	-0.007	0	0
293	3	-0.006	0	0	3	-0.006	0	0
294	3	-0.005	0	0	3	-0.005	0	0
295	3	0.013	-2.5e-05	0	3	0.013	-2.5e-05	0
296	3	0.016	-2.5e-05	0	3	0.016	-2.5e-05	0
297	4	-0.025	2.5e-05	0	4	-0.025	2.5e-05	0
298	5	-0.009	0	0	5	-0.009	0	0
299	-5	0.026	-2.5e-05	0	-5	0.026	-2.5e-05	0
300	-5	0.03	-2.5e-05	0	-5	0.03	-2.5e-05	0
301	-5	0.042	-5e-05	0	-5	0.042	-5e-05	0
302	-5	0.05	-5e-05	0	-5	0.05	-5e-05	0
303	-4	0.015	-2.5e-05	0	-4	0.015	-2.5e-05	0
304	-4	0.017	-2.5e-05	0	-4	0.017	-2.5e-05	0
305	-4	0.028	-2.5e-05	0	-4	0.028	-2.5e-05	0
306	-3	0.005	0	0	-3	0.005	0	0
307	-3	0.006	0	0	-3	0.006	0	0
308	-3	0.007	0	0	-3	0.007	0	0
309	-3	0.008	0	0	-3	0.008	0	0
310	-3	0.009	0	0	-3	0.009	0	0
311	-3	0.02	-2.5e-05	0	-3	0.02	-2.5e-05	0
312	-3	0.021	-2.5e-05	0	-3	0.021	-2.5e-05	0
313	-3	0.022	-2.5e-05	0	-3	0.022	-2.5e-05	0
314	-3	0.023	-2.5e-05	0	-3	0.023	-2.5e-05	0
315	-3	0.024	-2.5e-05	0	-3	0.024	-2.5e-05	0
316	-3	0.025	-2.5e-05	0	-3	0.025	-2.5e-05	0
317	-3	0.026	-2.5e-05	0	-3	0.026	-2.5e-05	0
318	-3	0.041	-5e-05	0	-3	0.041	-5e-05	0
319	-2	-0.003	0	0	-2	-0.003	0	0
320	-2	-0.002	0	0	-2	-0.002	0	0
321	-2	-0.001	0	0	-2	-0.001	0	0
322	-2	0	0	0	-2	0	0	0
323	-2	0.001	0	0	-2	0.001	0	0
324	-2	0.002	0	0	-2	0.002	0	0
325	-2	0.003	0	0	-2	0.003	0	0
326	-2	0.004	0	0	-2	0.004	0	0
327	-2	0.005	0	0	-2	0.005	0	0
328	-2	0.006	0	0	-2	0.006	0	0
329	-2	0.007	0	0	-2	0.007	0	0
330	-2	0.008	0	0	-2	0.008	0	0
331	-2	0.01	0	0	-2	0.01	0	0
332	-2	0.015	-2.5e-05	0	-2	0.015	-2.5e-05	0
333	-2	0.019	-2.5e-05	0	-2	0.019	-2.5e-05	0
334	-2	0.02	-2.5e-05	0	-2	0.02	-2.5e-05	0
335	-2	0.021	-2.5e-05	0	-2	0.021	-2.5e-05	0
336	-2	0.022	-2.5e-05	0	-2	0.022	-2.5e-05	0
337	-2	0.023	-2.5e-05	0	-2	0.023	-2.5e-05	0
338	-2	0.024	-2.5e-05	0	-2	0.024	-2.5e-05	0
339	-2	0.028	-2.5e-05	0	-2	0.028	-2.5e-05	0
340	-1	-0.006	0	0	-1	-0.006	0	0
341	-1	-0.004	0	0	-1	-0.004	0	0
342	-1	-0.003	0	0	-1	-0.003	0	0
343	-1	-0.002	0	0	-1	-0.002	0	0
344	-1	-0.001	0	0	-1	-0.001	0	0
345	-1	0	0	0	-1	0	0	0
346	-1	0.001	0	0	-1	0.001	0	0
347	-1	0.002	0	0	-1	0.002	0	0
348	-1	0.003	0	0	-1	0.003	0	0
349	-1	0.004	0	0	-1	0.004	0	0
350	-1	0.005	0	0	-1	0.005	0	0
351	-1	0.006	0	0	-1	0.006	0	0
352	-1	0.007	0	0	-1	0.007	0	0
353	-1	0.018	-2.5e-05	0	-1	0.018	-2.5e-05	0
354	-1	0.019	-2.5e-05	0	-1	0.019	-2.5e-05	0
355	-1	0.02	-2.5e-05	0	-1	0.02	-2.5e-05	0
356	-1	0.021	-2.5e-05	0	-1	0.021	-2.5e-05	0
357	-1	0.022	-2.5e-05	0	-1	0.022	-2.5e-05	0
358	0	-0.035	5e-05	0	0	-0.035	5e-05	0
359	0	-0.024	2.5e-05	0	0	-0.024	2.5e-05	0
360	0	-0.018	2.5e-05	0	0	-0.018	2.5e-05	0
361	0	-0.017	2.5e-05	0	0	-0.017	2.5e-05	0
362	0	-0.016	2.5e-05	0	0	-0.016	2.5e-05	0
363	0	-0.005	0	0	0	-0.005	0	0
364	0	-0.004	0	0	0	-0.004	0	0
365	0	-0.003	0	0	0	-0.003	0	0
366	0	-0.002	0	0	0	-0.002	0	0
367	0	-0.001	0	0	0	-0.001	0	0
368	0	0	0	0	0	0	0	0
369	0	0.001	0	0	0	0.001	0	0
370	0	0.002	0	0	0	0.002	0	0
371	0	0.003	0	0	0	0.003	0	0
372	0	0.004	0	0	0	0.004	0	0
373	0	0.005	0	0	0	0.005	0	0
374	0	0.016	-2.5e-05	0	0	0.016	-2.5e-05	0
375	0	0.017	-2.5e-05	0	0	0.017	-2.5e-05	0
376	0	0.018	-2.5e-05	0	0	0.018	-2.5e-05	0
377	1	-0.026	2.5e-05	0	1	-0.026	2.5e-05	0
378	1	-0.022	2.5e-05	0	1	-0.022	2.5e-05	0
379	1	-0.021	2.5e-05	0	1	-0.021	2.5e-05	0
380	1	-0.02	2.5e-05	0	1	-0.02	2.5e-05	0
381	1	-0.019	2.5e-05	0	1	-0.019	2.5e-05	0
382	1	-0.018	2.5e-05	0	1	-0.018	2.5e-05	0
383	1	-0.011	0	0	1	-0.011	0	0
384	1	-0.007	0	0	1	-0.007	0	0
385	1	-0.006	0	0	1	-0.006	0	0
386	1	-0.005	0	0	1	-0.005	0	0
387	1	-0.004	0	0	1	-0.004	0	0
388	1	-0.003	0	0	1	-0.003	0	0
389	1	-0.002	0	0	1	-0.002	0	0
390	1	-0.001	0	0	1	-0.001	0	0
391	1	0	0	0	1	0	0	0
392	1	0.001	0	0	1	0.001	0	0
393	1	0.002	0	0	1	0.002	0	0
394	1	0.003	0	0	1	0.003	0	0
395	1	0.004	0	0	1	0.004	0	0
396	2	-0.044	5e-05	0	2	-0.044	5e-05	0
397	2	-0.028	2.5e-05	0	2	-0.028	2.5e-05	0
398	2	-0.024	2.5e-05	0	2	-0.024	2.5e-05	0
399	2	-0.023	2.5e-05	0	2	-0.023	2.5e-05	0
400	2	-0.022	2.5e-05	0	2	-0.022	2.5e-05	0
401	2	-0.021	2.5e-05	0	2	-0.021	2.5e-05	0
402	2	-0.02	2.5e-05	0	2	-0.02	2.5e-05	0
403	2	-0.019	2.5e-05	0	2	-0.019	2.5e-05	0
404	2	-0.017	2.5e-05	0	2	-0.017	2.5e-05	0
405	2	-0.013	0	0	2	-0.013	0	0
406	2	-0.008	0	0	2	-0.008	0	0
407	2	-0.007	0	0	2	-0.007	0	0
408	2	-0.006	0	0	2	-0.006	0	0
409	2	-0.005	0	0	2	-0.005	0	0
410	2	-0.004	0	0	2	-0.004	0	0
411	2	-0.003	0	0	2	-0.003	0	0
412	2	-0.002	0	0	2	-0.002	0	0
413	2	-0.001	0	0	2	-0.001	0	0
414	2	0	0	0	2	0	0	0
415	2	0.001	0	0	2	0.001	0	0
416	2	0.002	0	0	2	0.002	0	0
417	2	0.003	0	0	2	0.003	0	0
418	2	0.022	-2.5e-05	0	2	0.022	-2.5e-05	0
419	3	-0.047	5e-05	0	3	-0.047	5e-05	0
420	3	-0.026	2.5e-05	0	3	-0.026	2.5e-05	0
421	3	-0.025	2.5e-05	0	3	-0.025	2.5e-05	0
422	3	-0.024	2.5e-05	0	3	-0.024	2.5e-05	0
423	3	-0.023	2.5e-05	0	3	-0.023	2.5e-05	0
424	3	-0.022	2.5e-05	0	3	-0.022	2.5e-05	0
425	3	-0.021	2.5e-05	0	3	-0.021	2.5e-05	0
426	3	-0.02	2.5e-05	0	3	-0.02	2.5e-05	0
427	3	-0.009	0	0	3	-0.009	0	0
428	3	-0.008	0	0	3	-0.008	0	0
429	3	-0.007	0	0	3	-0.007	0	0
430	3	-0.006	0	0	3	-0.006	0	0
431	3	-0.005	0	0	3	-0.005	0	0
432	3	0.017	-2.5e-05	0	3	0.017	-2.5e-05	0
433	4	-0.03	2.5e-05	0	4	-0.03	2.5e-05	0
434	4	-0.023	2.5e-05	0	4	-0.023	2.5e-05	0
435	4	-0.009	0	0	4	-0.009	0	0
436	4	0	0	0	4	0	0	0
437	5	-0.061	7.5e-05	0	5	-0.061	7.5e-05	0
438	5	-0.047	5e-05	0	5	-0.047	5e-05	0
439	5	-0.036	2.5e-05	0	5	-0.036	2.5e-05	0
440	5	-0.031	2.5e-05	0	5	-0.031	2.5e-05	0
441	5	-0.017	2.5e-05	0	5	-0.017	2.5e-05	0
442	5	-0.016	0	0	5	-0.016	0	0
443	5	-0.013	0	0	5	-0.013	0	0
444	5	-0.004	0	0	5	-0.004	0	0
445	5	-0.001	0	0	5	-0.001	0	0
446	-5	0	0	0	-5	0	0	0
447	-5	0.021	-2.5e-05	0	-5	0.021	-2.5e-05	0
448	-5	0.045	-5e-05	0	-5	0.045	-5e-05	0
449	-5	0.06	-7.5e-05	0	-5	0.06	-7.5e-05	0
450	-4	-0.004	0	0	-4	-0.004	0	0
451	-4	0.017	-2.5e-05	0	-4	0.017	-2.5e-05	0
452	-4	0.023	-2.5e-05	0	-4	0.023	-2.5e-05	0
453	-4	0.034	-2.5e-05	0	-4	0.034	-2.5e-05	0
454	-3	-0.007	2.5e-05	0	-3	-0.007	2.5e-05	0
455	-3	-0.006	0	0	-3	-0.006	0	0
456	-3	0.002	0	0	-3	0.002	0	0
457	-3	0.005	0	0	-3	0.005	0	0
458	-3	0.006	0	0	-3	0.006	0	0
459	-3	0.007	0	0	-3	0.007	0	0
460	-3	0.008	0	0	-3	0.008	0	0
461	-3	0.009	0	0	-3	0.009	0	0
462	-3	0.01	0	0	-3	0.01	0	0
463	-3	0.02	-2.5e-05	0	-3	0.02	-2.5e-05	0
464	-3	0.021	-2.5e-05	0	-3	0.021	-2.5e-05	0
465	-3	0.022	-2.5e-05	0	-3	0.022	-2.5e-05	0
466	-3	0.023	-2.5e-05	0	-3	0.023	-2.5e-05	0
467	-3	0.024	-2.5e-05	0	-3	0.024	-2.5e-05	0
468	-3	0.025	-2.5e-05	0	-3	0.025	-2.5e-05	0
469	-3	0.026	-2.5e-05	0	-3	0.026	-2.5e-05	0
470	-3	0.028	-2.5e-05	0	-3	0.028	-2.5e-05	0
471	-3	0.032	-2.5e-05	0	-3	0.032	-2.5e-05	0
472	-3	0.036	-5e-05	0	-3	0.036	-5e-05	0
473	-3	0.044	-5e-05	0	-3	0.044	-5e-05	0
474	-2	-0.021	2.5e-05	0	-2	-0.021	2.5e-05	0
475	-2	-0.011	2.5e-05	0	-2	-0.011	2.5e-05	0
476	-2	-0.003	0	0	-2	-0.003	0	0
477	-2	-0.002	0	0	-2	-0.002	0	0
478	-2	-0.001	0	0	-2	-0.001	0	0
479	-2	0	0	0	-2	0	0	0
480	-2	0.001	0	0	-2	0.001	0	0
481	-2	0.002	0	0	-2	0.002	0	0
482	-2	0.003	0	0	-2	0.003	0	0
483	-2	0.004	0	0	-2	0.004	0	0
484	-2	0.005	0	0	-2	0.005	0	0
485	-2	0.006	0	0	-2	0.006	0	0
486	-2	0.007	0	0	-2	0.007	0	0
487	-2	0.008	0	0	-2	0.008	0	0
488	-2	0.013	0	0	-2	0.013	0	0
489	-2	0.019	-2.5e-05	0	-2	0.019	-2.5e-05	0
490	-2	0.02	-2.5e-05	0	-2	0.02	-2.5e-05	0
491	-2	0.021	-2.5e-05	0	-2	0.021	-2.5e-05	0
492	-2	0.022	-2.5e-05	0	-2	0.022	-2.5e-05	0
493	-2	0.023	-2.5e-05	0	-2	0.023	-2.5e-05	0
494	-2	0.024	-2.5e-05	0	-2	0.024	-2.5e-05	0
495	-1	-0.022	2.5e-05	0	-1	-0.022	2.5e-05	0
496	-1	-0.012	2.5e-05	0	-1	-0.012	2.5e-05	0
497	-1	-0.011	2.5e-05	0	-1	-0.011	2.5e-05	0
498	-1	-0.004	0	0	-1	-0.004	0	0
499	-1	-0.003	0	0	-1	-0.003	0	0
500	-1	-0.002	0	0	-1	-0.002	0	0
501	-1	-0.001	0	0	-1	-0.001	0	0
502	-1	0	0	0	-1	0	0	0
503	-1	0.001	0	0	-1	0.001	0	0
504	-1	0.002	0	0	-1	0.002	0	0
505	-1	0.003	0	0	-1	0.003	0	0
506	-1	0.004	0	0	-1	0.004	0	0
507	-1	0.005	0	0	-1	0.005	0	0
508	-1	0.006	0	0	-1	0.006	0	0
509	-1	0.007	0	0	-1	0.007	0	0
510	-1	0.01	0	0	-1	0.01	0	0
511	-1	0.018	-2.5e-05	0	-1	0.018	-2.5e-05	0
512	-1	0.019	-2.5e-05	0	-1	0.019	-2.5e-05	0
513	-1	0.02	-2.5e-05	0	-1	0.02	-2.5e-05	0
514	-1	0.021	-2.5e-05	0	-1	0.021	-2.5e-05	0
515	-1	0.022	-2.5e-05	0	-1	0.022	-2.5e-05	0
516	0	-0.036	5e-05	0	0	-0.036	5e-05	0
517	0	-0.032	5e-05	0	0	-0.032	5e-05	0
518	0	-0.025	2.5e-05	0	0	-0.025	2.5e-05	0
519	0	-0.018	2.5e-05	0	0	-0.018	2.5e-05	0
520	0	-0.017	2.5e-05	0	0	-0.017	2.5e-05	0
521	0	-0.016	2.5e-05	0	0	-0.016	2.5e-05	0
522	0	-0.014	2.5e-05	0	0	-0.014	2.5e-05	0
523	0	-0.013	2.5e-05	0	0	-0.013	2.5e-05	0
524	0	-0.005	0	0	0	-0.005	0	0
525	0	-0.004	0	0	0	-0.004	0	0
526	0	-0.003	0	0	0	-0.003	0	0
527	0	-0.002	0	0	0	-0.002	0	0
528	0	-0.001	0	0	0	-0.001	0	0
529	0	0	0	0	0	0	0	0
530	0	0.001	0	0	0	0.001	0	0
531	0	0.002	0	0	0	0.002	0	0
532	0	0.003	0	0	0	0.003	0	0
533	0	0.004	0	0	0	0.004	0	0
534	0	0.005	0	0	0	0.005	0	0
535	0	0.011	-2.5e-05	0	0	0.011	-2.5e-05	0
536	0	0.016	-2.5e-05	0	0	0.016	-2.5e-05	0
537	0	0.017	-2.5e-05	0	0	0.017	-2.5e-05	0
538	0	0.018	-2.5e-05	0	0	0.018	-2.5e-05	0
539	1	-0.037	5e-05	0	1	-0.037	5e-05	0
540	1	-0.023	2.5e-05	0	1	-0.023	2.5e-05	0
541	1	-0.022	2.5e-05	0	1	-0.022	2.5e-05	0
542	1	-0.021	2.5e-05	0	1	-0.021	2.5e-05	0
543	1	-0.02	2.5e-05	0	1	-0.02	2.5e-05	0
544	1	-0.019	2.5e-05	0	1	-0.019	2.5e-05	0
545	1	-0.018	2.5e-05	0	1	-0.018	2.5e-05	0
546	1	-0.007	0	0	1	-0.007	0	0
547	1	-0.006	0	0	1	-0.006	0	0
548	1	-0.005	0	0	1	-0.005	0	0
549	1	-0.004	0	0	1	-0.004	0	0
550	1	-0.003	0	0	1	-0.003	0	0
551	1	-0.002	0	0	1	-0.002	0	0
552	1	-0.001	0	0	1	-0.001	0	0
553	1	0	0	0	1	0	0	0
554	1	0.001	0	0	1	0.001	0	0
555	1	0.002	0	0	1	0.002	0	0
556	1	0.003	0	0	1	0.003	0	0
557	1	0.004	0	0	1	0.004	0	0
558	1	0.01	-2.5e-05	0	1	0.01	-2.5e-05	0
559	1	0.012	-2.5e-05	0	1	0.012	-2.5e-05	0
560	1	0.022	-2.5e-05	0	1	0.022	-2.5e-05	0
561	2	-0.035	5e-05	0	2	-0.035	5e-05	0
562	2	-0.027	2.5e-05	0	2	-0.027	2.5e-05	0
563	2	-0.024	2.5e-05	0	2	-0.024	2.5e-05	0
564	2	-0.023	2.5e-05	0	2	-0.023	2.5e-05	0
565	2	-0.022	2.5e-05	0	2	-0.022	2.5e-05	0
566	2	-0.021	2.5e-05	0	2	-0.021	2.5e-05	0
567	2	-0.02	2.5e-05	0	2	-0.02	2.5e-05	0
568	2	-0.019	2.5e-05	0	2	-0.019	2.5e-05	0
569	2	-0.008	0	0	2	-0.008	0	0
570	2	-0.007	0	0	2	-0.007	0	0
571	2	-0.006	0	0	2	-0.006	0	0
572	2	-0.005	0	0	2	-0.005	0	0
573	2	-0.004	0	0	2	-0.004	0	0
574	2	-0.003	0	0	2	-0.003	0	0
575	2	-0.002	0	0	2	-0.002	0	0
576	2	-0.001	0	0	2	-0.001	0	0
577	2	0	0	0	2	0	0	0
578	2	0.001	0	0	2	0.001	0	0
579	2	0.002	0	0	2	0.002	0	0
580	2	0.003	0	0	2	0.003	0	0
581	3	-0.047	5e-05	0	3	-0.047	5e-05	0
582	3	-0.033	2.5e-05	0	3	-0.033	2.5e-05	0
583	3	-0.026	2.5e-05	0	3	-0.026	2.5e-05	0
584	3	-0.025	2.5e-05	0	3	-0.025	2.5e-05	0
585	3	-0.024	2.5e-05	0	3	-0.024	2.5e-05	0
586	3	-0.023	2.5e-05	0	3	-0.023	2.5e-05	0
587	3	-0.022	2.5e-05	0	3	-0.022	2.5e-05	0
588	3	-0.021	2.5e-05	0	3	-0.021	2.5e-05	0
589	3	-0.02	2.5e-05	0	3	-0.02	2.5e-05	0
590	3	-0.009	0	0	3	-0.009	0	0
591	3	-0.008	0	0	3	-0.008	0	0
592	3	-0.007	0	0	3	-0.007	0	0
593	3	-0.006	0	0	3	-0.006	0	0
594	3	-0.005	0	0	3	-0.005	0	0
595	3	0.001	0	0	3	0.001	0	0
596	3	0.011	-2.5e-05	0	3	0.011	-2.5e-05	0
597	3	0.017	-2.5e-05	0	3	0.017	-2.5e-05	0
598	4	-0.031	2.5e-05	0	4	-0.031	2.5e-05	0
599	4	-0.03	2.5e-05	0	4	-0.03	2.5e-05	0
600	4	-0.01	0	0	4	-0.01	0	0
601	4	-0.008	0	0	4	-0.008	0	0
602	4	0.011	-2.5e-05	0	4	0.011	-2.5e-05	0
603	5	-0.06	7.5e-05	0	5	-0.06	7.5e-05	0
604	5	-0.051	5e-05	0	5	-0.051	5e-05	0
605	5	-0.044	5e-05	0	5	-0.044	5e-05	0
