0	3	47.8744	56	0.854899	47.8711	56	0.854841	47.1102	54	0.872411	0.00286886	0.0300281	0.00146749	0.024448
1	3	36.8096	56	0.657314	35.1821	56	0.628252	36.9527	54	0.684308	-0.162038	0.0241013	-0.136391	0.0205918
2	3	70.9038	56	1.26614	70.8546	56	1.26526	70.7868	54	1.31087	-0.0567144	0.0308586	-0.0513566	0.0247222
3	3	52.9395	56	0.945347	51.079	56	0.912126	51.6798	54	0.957033	-0.171514	0.0293238	-0.138686	0.0248426
4	3	52.2935	56	0.933813	49.7202	56	0.88786	51.7162	54	0.957708	-0.247732	0.0301006	-0.207922	0.0257892
5	3	68.0723	56	1.21558	64.7983	56	1.15711	66.5861	54	1.23308	-0.176989	0.0208825	-0.146148	0.0176571
6	3	56.2557	56	1.00457	55.9488	56	0.999086	50.751	54	0.939833	0.062354	0.0294547	0.0493171	0.0234821
7	3	35.9028	56	0.641121	35.404	56	0.632214	36.1878	54	0.670145	-0.0701256	0.0259591	-0.0553806	0.0211857
8	3	29.0844	56	0.519364	26.7248	56	0.477229	26.3953	54	0.488802	-0.170897	0.0251585	-0.139293	0.0211435
10	3	65.9479	56	1.17764	65.9112	56	1.17699	67.9827	54	1.25894	-0.00612451	0.0256252	-0.0101694	0.0209846
11	3	61.1046	56	1.09115	59.2994	56	1.05892	61.6226	54	1.14116	-0.171588	0.0222817	-0.146653	0.0191509
12	3	53.4371	56	0.954235	52.5738	56	0.938818	46.7804	54	0.866304	-0.132935	0.0236818	-0.115021	0.0197049
13	3	46.5533	56	0.831309	44.6784	56	0.797829	46.6681	54	0.864224	-0.148921	0.0224489	-0.123748	0.0188516
14	3	41.2021	56	0.735751	38.4702	56	0.686968	38.9606	54	0.721492	-0.153093	0.0217996	-0.123518	0.0183732
15	3	45.8045	56	0.817937	37.5228	56	0.670051	37.5755	54	0.695842	-0.226106	0.0174781	-0.184539	0.0149848
16	3	58.039	56	1.03641	49.7153	56	0.887774	48.9305	54	0.906121	-0.254276	0.017057	-0.213217	0.0148375
17	3	59.5308	56	1.06305	51.4618	56	0.91896	54.7221	54	1.01337	-0.247059	0.0175961	-0.205786	0.0151387
18	3	60.7847	56	1.08544	53.3693	56	0.953024	54.5555	54	1.01029	-0.231339	0.0184766	-0.19034	0.0157006
19	3	64.7366	56	1.15601	57.3989	56	1.02498	60.2491	54	1.11572	-0.238379	0.017525	-0.199188	0.0150798
20	3	78.491	56	1.40162	63.9903	56	1.14268	58.6161	54	1.08548	-0.32778	0.0147596	-0.280277	0.0131533
21	3	71.9548	56	1.28491	63.8624	56	1.1404	66.6262	54	1.23382	-0.244839	0.0171568	-0.204602	0.014785
22	3	56.3756	56	1.00671	54.6731	56	0.976305	57.7175	54	1.06884	-0.140763	0.0193617	-0.119892	0.016428
23	3	56.7307	56	1.01305	56.3668	56	1.00655	57.5518	54	1.06577	-0.10118	0.02878	-0.0868024	0.0243113
24	3	69.1981	56	1.23568	65.7062	56	1.17332	69.496	54	1.28696	-0.185746	0.0188736	-0.156425	0.0162082
25	3	69.1229	56	1.23434	58.0107	56	1.03591	58.2504	54	1.07871	-0.292593	0.0172169	-0.244778	0.015072
26	3	35.3801	56	0.631788	35.1846	56	0.628297	35.3662	54	0.65493	-0.0528333	0.0223998	-0.0447305	0.0185341
27	3	55.0878	56	0.983711	54.3617	56	0.970744	41.5031	54	0.768575	-0.119305	0.0217136	-0.104107	0.0182088
28	3	67.5504	56	1.20626	67.4837	56	1.20507	69.5047	54	1.28712	-0.0387575	0.0337834	-0.0316792	0.0277704
29	3	35.0999	56	0.626785	33.7336	56	0.602385	34.2541	54	0.634336	-0.09634	0.021439	-0.0761166	0.0176354
30	3	83.8687	56	1.49765	80.3031	56	1.43398	82.1973	54	1.52217	-0.20016	0.0210206	-0.167466	0.0180074
31	3	47.0768	56	0.840658	42.1222	56	0.752183	38.2933	54	0.709136	-0.173979	0.0187938	-0.13953	0.0159779
32	3	64.5602	56	1.15286	59.4739	56	1.06203	57.8757	54	1.07177	-0.176696	0.0158379	-0.147067	0.0136162
33	3	70.105	56	1.25188	64.3695	56	1.14946	51.5512	54	0.954651	-0.206985	0.0161942	-0.17526	0.0137871
34	3	57.9177	56	1.03425	53.7939	56	0.960605	48.1284	54	0.891266	-0.181329	0.0165684	-0.153561	0.0141105
35	3	48.802	56	0.871464	44.7344	56	0.798828	44.6622	54	0.827078	-0.159086	0.0170054	-0.130759	0.0144353
36	3	53.7806	56	0.960368	52.1726	56	0.931653	55.9484	54	1.03608	-0.122691	0.0176666	-0.104609	0.0145943
37	3	76.9218	56	1.3736	71.1452	56	1.27045	69.5199	54	1.28741	-0.193325	0.015675	-0.162185	0.0134508
38	3	54.9576	56	0.981387	54.6829	56	0.976479	56.3792	54	1.04406	-0.0586048	0.0197725	-0.0501026	0.0164839
39	3	50.3254	56	0.898668	48.9108	56	0.873406	51.4941	54	0.953594	-0.144102	0.020643	-0.123467	0.017718
40	3	89.2237	56	1.59328	79.1115	56	1.4127	70.8762	54	1.31252	-0.254264	0.0150905	-0.214446	0.0131395
41	3	60.5783	56	1.08176	56.6456	56	1.01153	58.6471	54	1.08606	-0.186534	0.0186535	-0.155967	0.0159461
42	3	48.6198	56	0.868211	43.7045	56	0.780437	45.3619	54	0.840036	-0.176262	0.0177095	-0.144049	0.014982
43	3	40.522	56	0.723608	37.65	56	0.672321	35.2959	54	0.653628	-0.150485	0.0187771	-0.124477	0.01575
44	3	57.3738	56	1.02453	53.5318	56	0.955925	54.7309	54	1.01353	-0.16729	0.0175172	-0.138761	0.0150025
45	3	50.4908	56	0.901621	47.3822	56	0.846111	48.339	54	0.895167	-0.149231	0.0182773	-0.122639	0.0155176
46	3	51.143	56	0.913268	49.4224	56	0.882543	50.8747	54	0.942124	-0.127859	0.0202161	-0.106477	0.0166951
47	3	41.7165	56	0.744938	41.5656	56	0.742242	42.3236	54	0.78377	0.0365572	0.0298413	0.0272662	0.0238718
48	3	80.2338	56	1.43275	78.0665	56	1.39405	77.7932	54	1.44062	-0.125233	0.0230568	-0.0976074	0.0193206
49	3	33.7163	56	0.602077	31.9725	56	0.570938	32.069	54	0.593871	-0.130383	0.0228319	-0.105502	0.0192664
50	3	34.4172	56	0.614593	34.3481	56	0.613359	34.7039	54	0.642665	0.0191022	0.0333234	0.0120739	0.0266632
51	3	51.8184	56	0.925329	50.8649	56	0.908302	51.7099	54	0.95759	-0.121404	0.0272214	-0.09937	0.0231028
52	3	28.7218	56	0.512889	28.0281	56	0.500502	27.4387	54	0.508124	-0.0744346	0.0228698	-0.0588385	0.0189785
53	3	62.1318	56	1.1095	57.677	56	1.02995	56.5098	54	1.04648	-0.189353	0.0201746	-0.153943	0.0173709
54	3	36.0656	56	0.644028	34.9069	56	0.623338	33.5896	54	0.622029	-0.0990995	0.0235338	-0.0783474	0.0196473
55	3	34.1716	56	0.610208	32.6316	56	0.582707	33.0766	54	0.612529	-0.147205	0.0227638	-0.123644	0.0194265
56	3	66.2233	56	1.18256	61.4907	56	1.09805	62.8672	54	1.16421	-0.221591	0.0203061	-0.185198	0.0173674
57	3	42.2868	56	0.755121	41.1532	56	0.734878	39.7549	54	0.736202	-0.099241	0.0251029	-0.0772831	0.0210312
58	3	37.1505	56	0.663402	34.242	56	0.611464	33.0276	54	0.611621	-0.165119	0.0212084	-0.134891	0.0182265
