0	0.603318	62.7406	47	1.33491	0.0631313	0.0191326	-1	-1	3
1	0.603318	51.4756	47	1.09522	0.0818968	0.0195901	-1	-1	3
2	0.603318	33.3602	47	0.709791	0.0468561	0.0188531	-1	-1	3
3	0.603318	39.2322	47	0.834729	0.020647	0.0182471	-1	-1	3
4	0.603318	41.0188	47	0.87274	0.0425979	0.0187499	-1	-1	3
5	0.603318	32.0638	47	0.682208	0.0381041	0.0186317	-1	-1	3
6	0.603318	72.6825	47	1.54644	-0.197356	0.0138427	-1	-1	3
7	0.603318	66.6469	47	1.41802	0.0287058	0.0183549	-1	-1	3
8	0.603318	31.7355	47	0.675223	0.0491906	0.0188189	-1	-1	3
9	0.603318	47.003	47	1.00006	0.033723	0.0184849	-1	-1	3
10	0.603318	64.8672	47	1.38015	0.0553558	0.0189618	-1	-1	3
11	0.603318	38.7672	47	0.824834	0.00995945	0.0180099	-1	-1	3
12	0.603318	59.7881	47	1.27209	-0.0260474	0.0172335	-1	-1	3
13	0.603318	50.8957	47	1.08289	-0.018954	0.0174138	-1	-1	3
14	0.603318	54.8284	47	1.16656	0.0666326	0.0192042	-1	-1	3
15	0.603318	67.9185	47	1.44507	0.0696305	0.0193001	-1	-1	3
16	0.603318	60.5829	47	1.289	0.0316901	0.018445	-1	-1	3
17	0.603318	47.3147	47	1.0067	0.0192465	0.0181691	-1	-1	3
18	0.603318	41.3927	47	0.880696	0.0277377	0.018361	-1	-1	3
19	0.603318	45.616	47	0.970554	0.027191	0.0183418	-1	-1	3
20	0.603318	40.4669	47	0.860997	-0.00375883	0.0176994	-1	-1	3
21	0.603318	36.8948	47	0.784995	-0.0245169	0.0172673	-1	-1	3
22	0.603318	40.9774	47	0.87186	-0.0265375	0.0172349	-1	-1	3
23	0.603318	61.0267	47	1.29844	-0.0260866	0.0172639	-1	-1	3
24	0.603318	59.1507	47	1.25853	0.0344112	0.018477	-1	-1	3
25	0.603318	63.4133	47	1.34922	0.0383964	0.0185717	-1	-1	3
26	0.603318	45.3545	47	0.96499	-0.00970645	0.0175357	-1	-1	3
27	0.603318	67.4375	47	1.43484	-0.0327477	0.0170645	-1	-1	3
28	0.603318	56.4674	47	1.20143	-0.0176932	0.0173932	-1	-1	3
29	0.603318	40.455	47	0.860744	-0.00316375	0.0176892	-1	-1	3
30	0.603318	45.3674	47	0.965263	-0.049781	0.0167538	-1	-1	3
31	0.603318	47.1538	47	1.00327	-0.00628643	0.0176719	-1	-1	3
32	0.603318	76.4544	47	1.62669	-0.0565621	0.0166087	-1	-1	3
33	0.603318	64.4244	47	1.37073	0.0256165	0.0182525	-1	-1	3
34	0.603318	75.1724	47	1.59941	0.0176315	0.0180829	-1	-1	3
35	0.603318	60.8713	47	1.29513	-0.0118296	0.0174646	-1	-1	3
36	0.603318	56.5699	47	1.20362	-0.0142745	0.0174433	-1	-1	3
37	0.603318	49.4982	47	1.05315	-0.00316971	0.0176855	-1	-1	3
38	0.603318	54.3357	47	1.15608	-0.0035345	0.0176644	-1	-1	3
39	0.603318	42.3989	47	0.902105	-0.00262275	0.0177163	-1	-1	3
40	0.603318	70.3373	47	1.49654	-0.0357406	0.0170418	-1	-1	3
41	0.603318	53.5954	47	1.14033	-0.0402894	0.0169383	-1	-1	3
42	0.603318	49.3848	47	1.05074	-0.0512447	0.0167209	-1	-1	3
43	0.603318	35.6591	47	0.758704	-0.0727832	0.0162688	-1	-1	3
44	0.603318	47.4295	47	1.00914	0.00800094	0.0178774	-1	-1	3
45	0.603318	44.9847	47	0.95712	-0.0155519	0.0173991	-1	-1	3
46	0.603318	37.9772	47	0.808026	-0.0297217	0.0170811	-1	-1	3
47	0.603318	32.4332	47	0.690068	-0.0463764	0.0167806	-1	-1	3
48	0.603318	55.442	47	1.17962	-0.0165291	0.0174248	-1	-1	3
49	0.603318	42.0751	47	0.895215	-0.0494599	0.0167149	-1	-1	3
50	0.603318	67.9807	47	1.4464	-0.042251	0.0168879	-1	-1	3
51	0.603318	63.3991	47	1.34892	-0.0235609	0.0172569	-1	-1	3
52	0.603318	47.6908	47	1.0147	-0.0726885	0.0162493	-1	-1	3
53	0.603318	56.5708	47	1.20363	-0.0943655	0.0158224	-1	-1	3
54	0.603318	37.4278	47	0.796337	-0.00909231	0.0175197	-1	-1	3
55	0.603318	52.497	47	1.11696	-0.0514114	0.0166252	-1	-1	3
56	0.603318	60.0071	47	1.27675	-0.0452513	0.01674	-1	-1	3
57	0.603318	60.9867	47	1.29759	-0.0438469	0.0167869	-1	-1	3
58	0.603318	33.6389	47	0.715722	-0.0645513	0.0163811	-1	-1	3
59	0.603318	60.2912	47	1.28279	-0.0338067	0.0170525	-1	-1	3
60	0.603318	55.965	47	1.19074	-0.0411043	0.0168441	-1	-1	3
61	0.603318	56.294	47	1.19775	-0.0481451	0.0167337	-1	-1	3
62	0.603318	48.1659	47	1.02481	-0.0711368	0.016278	-1	-1	3
63	0.603318	39.4215	47	0.838755	-0.105118	0.0155813	-1	-1	3
64	0.603318	43.9907	47	0.935973	-0.101967	0.0156494	-1	-1	3
65	0.603318	66.1222	47	1.40686	-0.0608206	0.0164436	-1	-1	3
66	0.603318	42.5274	47	0.904838	-0.0677744	0.0163427	-1	-1	3
67	0.603318	54.0829	47	1.1507	-0.0518193	0.0166566	-1	-1	3
68	0.603318	29.2452	47	0.622238	-0.0763646	0.0161685	-1	-1	3
69	0.603318	64.0746	47	1.36329	-0.07784	0.0161759	-1	-1	3
70	0.603318	69.3097	47	1.47468	-0.0581055	0.0165682	-1	-1	3
71	0.603318	46.7304	47	0.994263	-0.102711	0.0156543	-1	-1	3
72	0.603318	53.6213	47	1.14088	-0.103102	0.0156318	-1	-1	3
73	0.603318	46.6777	47	0.993142	-0.0436084	0.0168601	-1	-1	3
74	0.603318	41.8518	47	0.890464	-0.0709741	0.0163021	-1	-1	3
75	0.603318	54.669	47	1.16317	-0.0592846	0.0165459	-1	-1	3
76	0.603318	37.8928	47	0.80623	-0.0831996	0.0160676	-1	-1	3
77	0.603318	41.0772	47	0.873982	-0.0848	0.0160174	-1	-1	3
78	0.603318	49.2458	47	1.04778	-0.0915048	0.0159004	-1	-1	3
79	0.603318	44.7842	47	0.952856	-0.10718	0.0155934	-1	-1	3
80	0.603318	44.0902	47	0.938089	-0.0942873	0.0158548	-1	-1	3
81	0.603318	34.4682	47	0.733366	-0.119734	0.0153709	-1	-1	3
82	0.603318	32.3696	47	0.688715	-0.108451	0.0155921	-1	-1	3
83	0.603318	69.9654	47	1.48863	-0.120556	0.0153571	-1	-1	3
84	0.603318	62.676	47	1.33353	-0.0733863	0.0162747	-1	-1	3
85	0.603318	49.6078	47	1.05549	-0.0891138	0.015971	-1	-1	3
86	0.603318	34.7206	47	0.738737	-0.0938336	0.0159006	-1	-1	3
87	0.603318	27.2648	47	0.580102	-0.107831	0.0155925	-1	-1	3
88	0.603318	39.446	47	0.839276	-0.109373	0.0155782	-1	-1	3
89	0.603318	50.057	47	1.06504	-0.0993049	0.0157732	-1	-1	3
90	0.603318	58.2266	47	1.23886	-0.121433	0.0153548	-1	-1	3
91	0.603318	40.8615	47	0.869394	-0.116881	0.0154493	-1	-1	3
92	0.603318	41.0668	47	0.873762	-0.140941	0.0149641	-1	-1	3
93	0.603318	59.4987	47	1.26593	-0.082888	0.0161286	-1	-1	3
94	0.603318	31.1542	47	0.662856	-0.0947583	0.0158934	-1	-1	3
95	0.603318	52.6388	47	1.11998	-0.133054	0.0150951	-1	-1	3
96	0.603318	46.3613	47	0.986411	-0.0994001	0.0158224	-1	-1	3
97	0.603318	37.914	47	0.80668	-0.113569	0.015511	-1	-1	3
98	0.603318	67.9975	47	1.44675	-0.144567	0.0149043	-1	-1	3
99	0.603318	35.1953	47	0.748835	-0.135241	0.0151027	-1	-1	3
100	0.603318	66.163	47	1.40772	-0.130527	0.0152161	-1	-1	3
101	0.603318	56.35	47	1.19894	-0.154467	0.0147464	-1	-1	3
102	0.603318	72.5974	47	1.54463	-0.140761	0.0150044	-1	-1	3
103	0.603318	55.8133	47	1.18752	-0.140611	0.014983	-1	-1	3
104	0.603318	43.717	47	0.930148	-0.117064	0.0154734	-1	-1	3
105	0.603318	33.91	47	0.721489	-0.135491	0.0151092	-1	-1	3
106	0.603318	67.5445	47	1.43712	-0.134517	0.0151336	-1	-1	3
107	0.603318	52.9719	47	1.12706	-0.154834	0.0147466	-1	-1	3
108	0.603318	26.8143	47	0.570516	-0.126679	0.0153002	-1	-1	3
109	0.603318	104.944	47	2.23284	-0.159507	0.0146915	-1	-1	3
110	0.603318	79.6229	47	1.6941	0.0843404	0.0197545	-1	-1	3
111	0.603318	47.2943	47	1.00626	-0.119702	0.0154187	-1	-1	3
112	0.603318	34.6802	47	0.737877	-0.11429	0.0155497	-1	-1	3
113	0.603318	46.1947	47	0.982867	-0.127071	0.0153122	-1	-1	3
114	0.603318	65.513	47	1.39389	-0.141259	0.0150086	-1	-1	3
115	0.603318	71.3692	47	1.51849	-0.175686	0.0143719	-1	-1	3
116	0.603318	45.9265	47	0.977159	0.086398	0.019678	-1	-1	3
117	0.603318	31.0455	47	0.660543	0.0874083	0.0197052	-1	-1	3
118	0.603318	52.1275	47	1.1091	0.0483761	0.0188505	-1	-1	3
119	0.603318	72.5658	47	1.54395	-0.194868	0.0138932	-1	-1	3
120	0.603318	69.5395	47	1.47956	0.0977205	0.0199074	-1	-1	3
121	0.603318	70.2406	47	1.49448	0.0614657	0.019073	-1	-1	3
122	0.603318	45.6206	47	0.970652	0.0558734	0.0189937	-1	-1	3
123	0.603318	42.9136	47	0.913056	0.0390677	0.0186145	-1	-1	3
124	0.603318	49.2635	47	1.04816	0.0355885	0.0185668	-1	-1	3
125	0.603318	46.3257	47	0.985653	0.0328717	0.018534	-1	-1	3
126	0.603318	47.9805	47	1.02086	0.0239916	0.0183236	-1	-1	3
127	0.603318	40.5346	47	0.862438	-0.0120424	0.0175443	-1	-1	3
128	0.603318	44.7818	47	0.952804	0.00422358	0.0179264	-1	-1	3
129	0.603318	58.648	47	1.24783	0.0489545	0.018795	-1	-1	3
130	0.603318	70.5229	47	1.50049	0.0124398	0.0180141	-1	-1	3
131	0.603318	51.1877	47	1.0891	0.0298131	0.0183663	-1	-1	3
132	0.603318	50.6099	47	1.07681	0.0280955	0.018359	-1	-1	3
133	0.603318	44.7209	47	0.951509	0.0179014	0.0181668	-1	-1	3
134	0.603318	48.1975	47	1.02548	-0.014078	0.0174846	-1	-1	3
135	0.603318	60.5816	47	1.28897	-0.00205555	0.0177561	-1	-1	3
136	0.603318	45.9309	47	0.977254	-0.0159183	0.0174545	-1	-1	3
137	0.603318	35.8411	47	0.762576	0.000548861	0.0178226	-1	-1	3
138	0.603318	45.1289	47	0.960189	0.0573702	0.0189696	-1	-1	3
139	0.603318	36.5592	47	0.777855	0.0466815	0.018754	-1	-1	3
140	0.603318	48.9773	47	1.04207	0.0146014	0.0180681	-1	-1	3
141	0.603318	54.3876	47	1.15718	-0.0210435	0.0173156	-1	-1	3
142	0.603318	32.4532	47	0.690493	-0.0304439	0.0171197	-1	-1	3
143	0.603318	51.1919	47	1.08919	-0.00854483	0.0175852	-1	-1	3
144	0.603318	45.8552	47	0.975643	-0.0313016	0.017109	-1	-1	3
145	0.603318	59.5933	47	1.26794	-0.0448345	0.0168475	-1	-1	3
146	0.603318	42.6491	47	0.907428	-0.0466965	0.0168338	-1	-1	3
147	0.603318	55.4682	47	1.18017	0.0452696	0.0186968	-1	-1	3
148	0.603318	69.5593	47	1.47998	0.00961771	0.0178998	-1	-1	3
149	0.603318	46.8524	47	0.996859	0.000309232	0.0177301	-1	-1	3
150	0.603318	40.0708	47	0.85257	-0.0155558	0.0174201	-1	-1	3
151	0.603318	46.697	47	0.993553	-0.0352444	0.0169963	-1	-1	3
152	0.603318	40.1917	47	0.855142	-0.0152154	0.0174442	-1	-1	3
153	0.603318	58.2614	47	1.23961	-0.0211746	0.0173214	-1	-1	3
154	0.603318	33.6508	47	0.715975	-0.0247129	0.0172645	-1	-1	3
155	0.603318	36.3541	47	0.773492	-0.0493015	0.0167404	-1	-1	3
156	0.603318	49.1421	47	1.04558	-0.0295418	0.0171749	-1	-1	3
157	0.603318	60.1384	47	1.27954	-0.0372765	0.0169974	-1	-1	3
158	0.603318	43.0366	47	0.915671	0.0313912	0.0183947	-1	-1	3
159	0.603318	42.7344	47	0.909242	-0.0241261	0.0172027	-1	-1	3
160	0.603318	52.1968	47	1.11057	-0.019223	0.0173122	-1	-1	3
161	0.603318	43.8809	47	0.933635	-0.0120962	0.0174949	-1	-1	3
162	0.603318	51.2498	47	1.09042	-0.0285307	0.017113	-1	-1	3
163	0.603318	45.2047	47	0.961802	-0.0517197	0.0166456	-1	-1	3
164	0.603318	26.2857	47	0.559271	-0.0357969	0.0170153	-1	-1	3
165	0.603318	33.1421	47	0.705151	-0.0690002	0.0163139	-1	-1	3
166	0.603318	37.6766	47	0.80163	-0.0554552	0.0165966	-1	-1	3
167	0.603318	53.5978	47	1.14038	-0.0593479	0.0165285	-1	-1	3
168	0.603318	42.3339	47	0.900722	-0.025317	0.0171727	-1	-1	3
169	0.603318	66.0321	47	1.40494	-0.0416177	0.0168217	-1	-1	3
170	0.603318	28.9664	47	0.616306	-0.0435315	0.0168197	-1	-1	3
171	0.603318	72.8326	47	1.54963	-0.0304459	0.017057	-1	-1	3
172	0.603318	27.3493	47	0.5819	-0.0521937	0.0166451	-1	-1	3
173	0.603318	16.9995	47	0.361692	-0.0696793	0.016282	-1	-1	3
174	0.603318	55.9883	47	1.19124	-0.0721164	0.0162495	-1	-1	3
175	0.603318	34.5692	47	0.735516	-0.0782746	0.0161248	-1	-1	3
176	0.603318	57.6992	47	1.22764	-0.0511469	0.0166792	-1	-1	3
177	0.603318	43.7639	47	0.931147	-0.0922866	0.0158458	-1	-1	3
178	0.603318	78.9964	47	1.68077	-0.0932929	0.0158305	-1	-1	3
179	0.603318	47.9248	47	1.01968	-0.0204978	0.0172952	-1	-1	3
180	0.603318	46.8614	47	0.997052	-0.0373826	0.0169252	-1	-1	3
181	0.603318	36.8102	47	0.783196	-0.0508247	0.0166839	-1	-1	3
182	0.603318	41.7424	47	0.888136	-0.0840158	0.0160245	-1	-1	3
183	0.603318	34.0521	47	0.724513	-0.0841652	0.0160154	-1	-1	3
184	0.603318	47.8143	47	1.01733	-0.0908075	0.0158904	-1	-1	3
185	0.603318	47.888	47	1.01889	-0.0782276	0.0161307	-1	-1	3
186	0.603318	52.2129	47	1.11091	-0.0928192	0.0158547	-1	-1	3
187	0.603318	49.667	47	1.05674	-0.0413599	0.0169142	-1	-1	3
188	0.603318	60.4039	47	1.28519	-0.0514182	0.0166982	-1	-1	3
189	0.603318	53.4281	47	1.13677	-0.0699303	0.0163334	-1	-1	3
190	0.603318	32.8054	47	0.697986	-0.0711275	0.0162993	-1	-1	3
191	0.603318	75.0354	47	1.5965	-0.0884727	0.015952	-1	-1	3
192	0.603318	51.6921	47	1.09983	-0.0728479	0.0162622	-1	-1	3
193	0.603318	71.0245	47	1.51116	-0.0750861	0.0162593	-1	-1	3
194	0.603318	38.093	47	0.81049	-0.0922493	0.0158922	-1	-1	3
195	0.603318	49.8989	47	1.06168	-0.0645187	0.0164839	-1	-1	3
196	0.603318	22.7093	47	0.483176	-0.0904806	0.0159395	-1	-1	3
197	0.603318	53.914	47	1.14711	-0.113975	0.0154872	-1	-1	3
198	0.603318	40.7764	47	0.867582	-0.118654	0.015378	-1	-1	3
199	0.603318	32.8622	47	0.699196	-0.0922973	0.015919	-1	-1	3
200	0.603318	39.1549	47	0.833082	-0.11908	0.0153753	-1	-1	3
201	0.603318	60.4162	47	1.28545	-0.122632	0.0153211	-1	-1	3
202	0.603318	42.322	47	0.900469	-0.107014	0.0156167	-1	-1	3
203	0.603318	60.6164	47	1.28971	-0.0681992	0.0164245	-1	-1	3
204	0.603318	61.3315	47	1.30493	-0.0940961	0.0159068	-1	-1	3
205	0.603318	50.9273	47	1.08356	-0.087055	0.0160596	-1	-1	3
206	0.603318	42.2249	47	0.898401	-0.0911467	0.0159551	-1	-1	3
207	0.603318	59.8823	47	1.27409	-0.120859	0.0153984	-1	-1	3
208	0.603318	68.6902	47	1.46149	-0.125726	0.0153056	-1	-1	3
209	0.603318	52.8205	47	1.12384	-0.153946	0.0147434	-1	-1	3
210	0.603318	62.2545	47	1.32456	-0.0864664	0.0160677	-1	-1	3
211	0.603318	46.2749	47	0.984573	-0.136615	0.0150744	-1	-1	3
212	0.603318	45.015	47	0.957765	-0.120441	0.0154535	-1	-1	3
213	0.603318	54.8763	47	1.16758	-0.137236	0.0151157	-1	-1	3
214	0.603318	83.2009	47	1.77023	0.103344	0.0202001	-1	-1	3
215	0.603318	59.4644	47	1.2652	-0.106523	0.0156969	-1	-1	3
216	0.603318	39.153	47	0.833042	-0.143438	0.014973	-1	-1	3
217	0.603318	37.8718	47	0.805784	-0.117661	0.0155026	-1	-1	3
218	0.603318	39.3172	47	0.836537	-0.14707	0.0149053	-1	-1	3
219	0.603318	52.7998	47	1.1234	-0.136895	0.015118	-1	-1	3
220	0.603318	52.5587	47	1.11827	-0.188897	0.0141098	-1	-1	3
221	0.603318	49.0142	47	1.04286	-0.187575	0.0141443	-1	-1	3
222	0.603318	46.0807	47	0.98044	0.0889627	0.0197214	-1	-1	3
223	0.603318	54.1818	47	1.1528	0.0392147	0.0186057	-1	-1	3
224	0.603318	38.4571	47	0.818237	0.0413776	0.0186907	-1	-1	3
225	0.603318	37.2884	47	0.79337	0.0475455	0.0188358	-1	-1	3
226	0.603318	47.6488	47	1.0138	0.0158118	0.0181125	-1	-1	3
227	0.603318	45.4463	47	0.966942	0.0141491	0.0180999	-1	-1	3
228	0.603318	33.4227	47	0.711121	0.00877759	0.0180069	-1	-1	3
229	0.603318	74.6346	47	1.58797	-0.182335	0.0141397	-1	-1	3
230	0.603318	63.1145	47	1.34286	0.0605886	0.0190452	-1	-1	3
231	0.603318	39.5087	47	0.840611	0.0595852	0.0190607	-1	-1	3
232	0.603318	35.9178	47	0.764209	0.0437634	0.0187242	-1	-1	3
233	0.603318	49.2156	47	1.04714	0.0204659	0.0182358	-1	-1	3
234	0.603318	54.8221	47	1.16643	-0.0150454	0.0174653	-1	-1	3
235	0.603318	44.4908	47	0.946612	0.0274914	0.0184024	-1	-1	3
236	0.603318	58.54	47	1.24553	0.0319806	0.0184041	-1	-1	3
237	0.603318	42.5968	47	0.906314	-0.00162855	0.0177436	-1	-1	3
238	0.603318	57.4092	47	1.22147	0.0153574	0.0180833	-1	-1	3
239	0.603318	40.3359	47	0.858211	-0.00168204	0.017728	-1	-1	3
240	0.603318	38.7024	47	0.823455	0.0128067	0.0180621	-1	-1	3
241	0.603318	41.7477	47	0.888249	0.0128592	0.0180435	-1	-1	3
242	0.603318	59.0432	47	1.25624	-0.0142991	0.0174754	-1	-1	3
243	0.603318	67.0131	47	1.42581	-0.0262246	0.0172596	-1	-1	3
244	0.603318	58.2728	47	1.23985	-0.0337739	0.0170786	-1	-1	3
245	0.603318	48.2205	47	1.02597	-0.0108833	0.0175556	-1	-1	3
246	0.603318	61.6837	47	1.31242	0.0203619	0.0181623	-1	-1	3
247	0.603318	73.5373	47	1.56462	0.0209489	0.0181621	-1	-1	3
248	0.603318	63.4439	47	1.34987	-0.00570412	0.0175964	-1	-1	3
249	0.603318	59.2189	47	1.25998	-0.00867021	0.0175658	-1	-1	3
250	0.603318	34.989	47	0.744446	-0.0110656	0.0175415	-1	-1	3
251	0.603318	34.2403	47	0.728516	-0.0199128	0.0173752	-1	-1	3
252	0.603318	39.2523	47	0.835155	-0.0542723	0.016635	-1	-1	3
253	0.603318	43.6858	47	0.929485	-0.0543664	0.0166392	-1	-1	3
254	0.603318	42.0025	47	0.89367	-0.0480811	0.0167807	-1	-1	3
255	0.603318	35.4234	47	0.75369	0.00814503	0.017894	-1	-1	3
256	0.603318	35.7435	47	0.7605	-0.0176631	0.0173583	-1	-1	3
257	0.603318	49.9934	47	1.06369	0.0476883	0.0187579	-1	-1	3
258	0.603318	83.4984	47	1.77656	-0.0196873	0.0172982	-1	-1	3
259	0.603318	40.9495	47	0.871267	0.0152288	0.0180698	-1	-1	3
260	0.603318	50.2364	47	1.06886	-0.0361636	0.0169852	-1	-1	3
261	0.603318	32.4514	47	0.690456	-0.0119781	0.017517	-1	-1	3
262	0.603318	48.8572	47	1.03951	-0.0461506	0.016813	-1	-1	3
263	0.603318	45.8269	47	0.975041	-0.0199401	0.0173685	-1	-1	3
264	0.603318	72.9334	47	1.55178	-0.0312226	0.0171184	-1	-1	3
265	0.603318	46.3612	47	0.986409	-0.049656	0.0167361	-1	-1	3
266	0.603318	55.396	47	1.17864	0.0095749	0.0179047	-1	-1	3
267	0.603318	47.499	47	1.01062	-0.0116614	0.0174586	-1	-1	3
268	0.603318	49.1059	47	1.04481	0.000485052	0.0177291	-1	-1	3
269	0.603318	38.9316	47	0.828332	-0.0243826	0.0172356	-1	-1	3
270	0.603318	36.6919	47	0.780679	-0.0310044	0.0170728	-1	-1	3
271	0.603318	52.5648	47	1.1184	-0.0338434	0.0170412	-1	-1	3
272	0.603318	51.8521	47	1.10324	-0.0362588	0.0169944	-1	-1	3
273	0.603318	54.124	47	1.15157	-0.0374729	0.0169713	-1	-1	3
274	0.603318	61.1569	47	1.30121	-0.0489865	0.0167393	-1	-1	3
275	0.603318	31.5454	47	0.671179	-0.0507079	0.0167267	-1	-1	3
276	0.603318	50.9368	47	1.08376	-0.0939721	0.0158262	-1	-1	3
277	0.603318	40.3799	47	0.859146	-0.0324884	0.0170364	-1	-1	3
278	0.603318	48.8994	47	1.04041	-0.0218473	0.0172482	-1	-1	3
279	0.603318	60.1484	47	1.27975	-0.0521929	0.0166182	-1	-1	3
280	0.603318	32.1597	47	0.684248	-0.0269181	0.0171699	-1	-1	3
281	0.603318	73.5288	47	1.56444	-0.0845924	0.0159882	-1	-1	3
282	0.603318	50.1345	47	1.06669	-0.0575399	0.0165488	-1	-1	3
283	0.603318	29.2876	47	0.623141	-0.0947667	0.0157845	-1	-1	3
284	0.603318	41.5528	47	0.884103	-0.0815551	0.0160278	-1	-1	3
285	0.603318	35.4436	47	0.75412	-0.108518	0.0155334	-1	-1	3
286	0.603318	59.0948	47	1.25734	-0.0469835	0.0167247	-1	-1	3
287	0.603318	62.9198	47	1.33872	-0.0457293	0.0167839	-1	-1	3
288	0.603318	30.205	47	0.642661	-0.0613211	0.0164595	-1	-1	3
289	0.603318	62.0502	47	1.32022	-0.054283	0.0166113	-1	-1	3
290	0.603318	45.619	47	0.970616	-0.0724696	0.0162693	-1	-1	3
291	0.603318	43.8491	47	0.93296	-0.0909303	0.0158927	-1	-1	3
292	0.603318	36.1322	47	0.768769	-0.0880988	0.0159369	-1	-1	3
293	0.603318	51.0169	47	1.08547	-0.0767707	0.0161887	-1	-1	3
294	0.603318	52.272	47	1.11217	-0.149395	0.0147387	-1	-1	3
295	0.603318	40.19	47	0.855107	-0.092622	0.0158463	-1	-1	3
296	0.603318	54.8489	47	1.167	-0.038101	0.0169581	-1	-1	3
297	0.603318	61.8335	47	1.31561	-0.0781622	0.0161349	-1	-1	3
298	0.603318	36.8402	47	0.783834	-0.0559027	0.0166224	-1	-1	3
299	0.603318	52.5798	47	1.11872	-0.0565667	0.016588	-1	-1	3
300	0.603318	40.5651	47	0.863086	-0.0837635	0.0160465	-1	-1	3
301	0.603318	54.3006	47	1.15533	-0.0943674	0.0158622	-1	-1	3
302	0.603318	58.4849	47	1.24436	-0.0971606	0.0157936	-1	-1	3
303	0.603318	45.8374	47	0.975264	-0.0972371	0.0157982	-1	-1	3
304	0.603318	39.4184	47	0.83869	-0.0948093	0.0158418	-1	-1	3
305	0.603318	40.4705	47	0.861074	-0.139211	0.0149975	-1	-1	3
306	0.603318	53.491	47	1.13811	-0.0460732	0.0168248	-1	-1	3
307	0.603318	51.1086	47	1.08742	-0.0891338	0.0159577	-1	-1	3
308	0.603318	62.5114	47	1.33003	-0.0753541	0.0162536	-1	-1	3
309	0.603318	44.6139	47	0.949233	-0.0995315	0.0157763	-1	-1	3
310	0.603318	61.3462	47	1.30524	-0.102166	0.0156844	-1	-1	3
311	0.603318	43.8464	47	0.932901	-0.0965079	0.0158203	-1	-1	3
312	0.603318	27.1854	47	0.578413	-0.117612	0.0153914	-1	-1	3
313	0.603318	52.9473	47	1.12654	-0.126134	0.0152603	-1	-1	3
314	0.603318	37.2339	47	0.792212	-0.139095	0.0150114	-1	-1	3
315	0.603318	61.9946	47	1.31903	-0.126715	0.0152672	-1	-1	3
316	0.603318	56.2788	47	1.19742	-0.0690937	0.0163924	-1	-1	3
317	0.603318	32.1697	47	0.684462	-0.0899297	0.0159729	-1	-1	3
318	0.603318	33.7041	47	0.717108	-0.113869	0.0155204	-1	-1	3
319	0.603318	51.3322	47	1.09217	-0.12118	0.0153499	-1	-1	3
320	0.603318	47.6417	47	1.01365	-0.120136	0.0153857	-1	-1	3
321	0.603318	50.3812	47	1.07194	-0.126455	0.0152719	-1	-1	3
322	0.603318	57.142	47	1.21579	-0.129919	0.0152126	-1	-1	3
323	0.603318	51.0701	47	1.0866	-0.150467	0.0148251	-1	-1	3
324	0.603318	64.4998	47	1.37234	-0.13565	0.0151072	-1	-1	3
325	0.603318	59.2925	47	1.26154	-0.102615	0.015716	-1	-1	3
326	0.603318	72.344	47	1.53923	-0.122333	0.0153546	-1	-1	3
327	0.603318	40.6389	47	0.864657	-0.132646	0.0151701	-1	-1	3
328	0.603318	70.0089	47	1.48955	-0.131492	0.0151986	-1	-1	3
329	0.603318	73.7609	47	1.56938	-0.122088	0.0153707	-1	-1	3
330	0.603318	42.6251	47	0.906916	-0.153331	0.0147719	-1	-1	3
331	0.603318	53.6023	47	1.14047	-0.134312	0.0151383	-1	-1	3
332	0.603318	52.1287	47	1.10912	-0.168489	0.0144949	-1	-1	3
333	0.603318	71.8161	47	1.528	-0.180945	0.0142619	-1	-1	3
334	0.603318	40.986	47	0.872044	-0.13507	0.015137	-1	-1	3
335	0.603318	53.7414	47	1.14343	-0.153509	0.0147747	-1	-1	3
336	0.603318	52.9627	47	1.12687	-0.146169	0.0149234	-1	-1	3
337	0.603318	51.5261	47	1.0963	-0.150397	0.0148429	-1	-1	3
338	0.603318	43.0412	47	0.91577	-0.181811	0.0142408	-1	-1	3
339	0.603318	51.0689	47	1.08657	-0.179106	0.0143107	-1	-1	3
340	0.603318	44.0794	47	0.93786	0.0998237	0.0199803	-1	-1	3
341	0.603318	52.8721	47	1.12494	0.075899	0.0194236	-1	-1	3
342	0.603318	66.1901	47	1.4083	0.0549203	0.0189571	-1	-1	3
343	0.603318	56.2302	47	1.19639	0.0233185	0.018316	-1	-1	3
344	0.603318	37.2628	47	0.792826	0.0374278	0.0186347	-1	-1	3
345	0.603318	38.1922	47	0.8126	0.025202	0.0183625	-1	-1	3
346	0.603318	70.7068	47	1.5044	-0.204872	0.0136949	-1	-1	3
347	0.603318	61.7289	47	1.31338	0.0772253	0.0194381	-1	-1	3
348	0.603318	33.9372	47	0.722068	0.0797762	0.0195306	-1	-1	3
349	0.603318	44.9739	47	0.956892	0.0573432	0.0190439	-1	-1	3
350	0.603318	37.7351	47	0.802875	0.0214505	0.0182475	-1	-1	3
351	0.603318	49.3284	47	1.04954	0.0565801	0.0189814	-1	-1	3
352	0.603318	37.031	47	0.787895	0.0379401	0.0186125	-1	-1	3
353	0.603318	35.4358	47	0.753953	-0.00182079	0.017771	-1	-1	3
354	0.603318	58.0809	47	1.23576	-0.00689773	0.017669	-1	-1	3
355	0.603318	34.2316	47	0.728333	0.0231937	0.0183133	-1	-1	3
356	0.603318	67.4741	47	1.43562	0.00396301	0.0178209	-1	-1	3
357	0.603318	76.4888	47	1.62742	0.0148306	0.0180664	-1	-1	3
358	0.603318	67.0046	47	1.42563	0.0279192	0.0183855	-1	-1	3
359	0.603318	37.2011	47	0.791512	-0.0151499	0.0174774	-1	-1	3
360	0.603318	49.4883	47	1.05294	0.00634317	0.0179308	-1	-1	3
361	0.603318	64.1727	47	1.36538	-0.0130584	0.0175324	-1	-1	3
362	0.603318	32.7409	47	0.696615	-0.0135102	0.0175216	-1	-1	3
363	0.603318	41.521	47	0.883425	-0.00970834	0.0175945	-1	-1	3
364	0.603318	59.6601	47	1.26936	0.0419695	0.0186453	-1	-1	3
365	0.603318	63.4204	47	1.34937	-0.00524692	0.017613	-1	-1	3
366	0.603318	33.8585	47	0.720393	-0.016453	0.0174072	-1	-1	3
367	0.603318	34.6625	47	0.737501	0.017941	0.0181296	-1	-1	3
368	0.603318	42.6197	47	0.906801	-0.00993742	0.0175507	-1	-1	3
369	0.603318	45.0221	47	0.957916	0.00380149	0.0178856	-1	-1	3
370	0.603318	56.8497	47	1.20957	-0.021435	0.017329	-1	-1	3
371	0.603318	48.2512	47	1.02662	-0.0450233	0.0168306	-1	-1	3
372	0.603318	56.0022	47	1.19154	-0.0581414	0.0165822	-1	-1	3
373	0.603318	46.6808	47	0.993208	0.00742266	0.0179008	-1	-1	3
374	0.603318	39.5735	47	0.84199	-0.000304322	0.0177346	-1	-1	3
375	0.603318	51.4375	47	1.09441	-0.00701485	0.0175856	-1	-1	3
376	0.603318	36.5569	47	0.777807	-0.0180418	0.0173658	-1	-1	3
377	0.603318	52.566	47	1.11843	-0.048886	0.0167011	-1	-1	3
378	0.603318	39.6559	47	0.843743	-0.0456609	0.0168	-1	-1	3
379	0.603318	48.2891	47	1.02743	-0.0638308	0.0164388	-1	-1	3
380	0.603318	42.1221	47	0.896215	-0.0607187	0.0165094	-1	-1	3
381	0.603318	35.0122	47	0.744941	-0.072638	0.016277	-1	-1	3
382	0.603318	37.5368	47	0.798655	0.00902256	0.0179205	-1	-1	3
383	0.603318	57.0488	47	1.21381	-0.0114339	0.0174679	-1	-1	3
384	0.603318	51.9643	47	1.10562	-0.0463704	0.0167418	-1	-1	3
385	0.603318	41.0018	47	0.872379	-0.0154453	0.0174271	-1	-1	3
386	0.603318	46.656	47	0.99268	-0.0543342	0.0166118	-1	-1	3
387	0.603318	47.7276	47	1.01548	-0.0337098	0.0170546	-1	-1	3
388	0.603318	31.4699	47	0.669573	-0.0556553	0.0166096	-1	-1	3
389	0.603318	66.451	47	1.41385	-0.0691565	0.0163452	-1	-1	3
390	0.603318	56.8898	47	1.21042	-0.051415	0.0166992	-1	-1	3
391	0.603318	43.1324	47	0.917711	-0.0601991	0.0164908	-1	-1	3
392	0.603318	42.1429	47	0.896657	-0.00906956	0.0175178	-1	-1	3
393	0.603318	42.8814	47	0.912369	-0.048089	0.0167321	-1	-1	3
394	0.603318	40.7949	47	0.867976	-0.0487938	0.0167204	-1	-1	3
395	0.603318	76.1698	47	1.62063	-0.0267193	0.0171708	-1	-1	3
396	0.603318	34.3355	47	0.730542	-0.0664571	0.0163512	-1	-1	3
397	0.603318	50.0194	47	1.06424	-0.0761736	0.0161611	-1	-1	3
398	0.603318	38.942	47	0.828553	-0.0698101	0.0163083	-1	-1	3
399	0.603318	41.5819	47	0.884722	-0.0584822	0.0165328	-1	-1	3
400	0.603318	39.3417	47	0.837057	-0.0641469	0.0164476	-1	-1	3
401	0.603318	41.1167	47	0.874824	-0.103204	0.0156397	-1	-1	3
402	0.603318	59.8337	47	1.27306	-0.0103337	0.0175309	-1	-1	3
403	0.603318	45.7686	47	0.9738	-0.0426361	0.0168468	-1	-1	3
404	0.603318	35.2975	47	0.75101	-0.0519244	0.0166532	-1	-1	3
405	0.603318	36.1468	47	0.769081	-0.0876624	0.0159271	-1	-1	3
406	0.603318	71.091	47	1.51257	-0.0780806	0.0161211	-1	-1	3
407	0.603318	48.5543	47	1.03307	-0.0524071	0.0166549	-1	-1	3
408	0.603318	31.8502	47	0.677665	-0.0878456	0.0159374	-1	-1	3
409	0.603318	42.244	47	0.898808	-0.108819	0.015502	-1	-1	3
410	0.603318	40.4132	47	0.859856	-0.0806111	0.0161111	-1	-1	3
411	0.603318	71.5867	47	1.52312	-0.0956729	0.015844	-1	-1	3
412	0.603318	60.1561	47	1.27992	-0.0370891	0.0169859	-1	-1	3
413	0.603318	49.3052	47	1.04905	-0.0873231	0.015948	-1	-1	3
414	0.603318	44.1421	47	0.939194	-0.0592545	0.0165372	-1	-1	3
415	0.603318	39.4012	47	0.838324	-0.0809676	0.0160997	-1	-1	3
416	0.603318	53.9929	47	1.14878	-0.103213	0.0156548	-1	-1	3
417	0.603318	31.9749	47	0.680318	-0.0687335	0.0163617	-1	-1	3
418	0.603318	49.4194	47	1.05148	-0.10629	0.0156235	-1	-1	3
419	0.603318	57.0058	47	1.21289	-0.110063	0.0155464	-1	-1	3
420	0.603318	41.3649	47	0.880104	-0.113199	0.0154798	-1	-1	3
421	0.603318	40.3413	47	0.858326	-0.115356	0.0154534	-1	-1	3
422	0.603318	56.1967	47	1.19568	-0.0738228	0.0162682	-1	-1	3
423	0.603318	42.6739	47	0.907956	-0.0966527	0.0158142	-1	-1	3
424	0.603318	48.7843	47	1.03796	-0.106387	0.0156184	-1	-1	3
425	0.603318	55.032	47	1.17089	-0.106355	0.0156378	-1	-1	3
426	0.603318	69.9215	47	1.48769	-0.0934166	0.0158963	-1	-1	3
427	0.603318	61.3916	47	1.3062	-0.117423	0.0154142	-1	-1	3
428	0.603318	51.7679	47	1.10144	-0.109748	0.0156076	-1	-1	3
429	0.603318	50.2443	47	1.06903	-0.145483	0.0148757	-1	-1	3
430	0.603318	39.5463	47	0.84141	-0.143496	0.014924	-1	-1	3
431	0.603318	50.797	47	1.08079	-0.13406	0.0151136	-1	-1	3
432	0.603318	35.4267	47	0.753759	-0.0821977	0.0161358	-1	-1	3
433	0.603318	73.1272	47	1.5559	-0.0989157	0.0157912	-1	-1	3
434	0.603318	55.9086	47	1.18954	-0.0999805	0.015776	-1	-1	3
435	0.603318	40.7369	47	0.866742	-0.14123	0.0149681	-1	-1	3
436	0.603318	49.0378	47	1.04336	-0.122377	0.0153436	-1	-1	3
437	0.603318	44.9453	47	0.956282	-0.136883	0.0150623	-1	-1	3
438	0.603318	40.5019	47	0.861742	-0.110974	0.0155928	-1	-1	3
439	0.603318	47.2698	47	1.00574	-0.158041	0.0146446	-1	-1	3
440	0.603318	53.6774	47	1.14207	-0.156161	0.0147083	-1	-1	3
441	0.603318	51.389	47	1.09338	-0.145926	0.0149157	-1	-1	3
442	0.603318	72.2772	47	1.53781	-0.10404	0.0157052	-1	-1	3
443	0.603318	43.4796	47	0.925097	-0.117851	0.0154678	-1	-1	3
444	0.603318	65.006	47	1.38311	-0.132311	0.0151732	-1	-1	3
445	0.603318	42.4363	47	0.902899	-0.124982	0.0153263	-1	-1	3
446	0.603318	41.5759	47	0.884594	-0.126355	0.0153086	-1	-1	3
447	0.603318	43.2998	47	0.921273	-0.129603	0.0152426	-1	-1	3
448	0.603318	67.0808	47	1.42725	-0.168702	0.0144759	-1	-1	3
449	0.603318	35.1974	47	0.748882	-0.125639	0.015326	-1	-1	3
450	0.603318	41.0479	47	0.873359	-0.0862725	0.0161129	-1	-1	3
451	0.603318	40.0071	47	0.851214	-0.12696	0.0152949	-1	-1	3
452	0.603318	56.0214	47	1.19194	-0.140642	0.0150383	-1	-1	3
453	0.603318	43.3875	47	0.923139	-0.171825	0.0144328	-1	-1	3
454	0.603318	52.6551	47	1.12032	-0.158929	0.014695	-1	-1	3
455	0.603318	48.6403	47	1.0349	-0.166418	0.0145368	-1	-1	3
456	0.603318	60.7034	47	1.29156	-0.182145	0.0142365	-1	-1	3
457	0.603318	43.2835	47	0.920925	-0.170128	0.0144933	-1	-1	3
