0	0.603786	41.2656	47	0.877991	-0.0110322	0.0185955	-1	-1	3
1	0.603786	46.9725	47	0.999415	-0.121809	0.0162186	-1	-1	3
2	0.603786	44.5809	47	0.948529	-0.243066	0.0137177	-1	-1	3
3	0.603786	74.8409	47	1.59236	-0.318027	0.0122841	-1	-1	3
4	0.603786	67.881	47	1.44428	-0.335249	0.0119773	-1	-1	3
5	0.603786	39.9996	47	0.851055	-0.116817	0.0162064	-1	-1	3
6	0.603786	41.8414	47	0.890244	-0.198192	0.0145636	-1	-1	3
7	0.603786	60.9558	47	1.29693	-0.204137	0.0144301	-1	-1	3
8	0.603786	42.7473	47	0.909518	-0.226264	0.0140109	-1	-1	3
9	0.603786	66.1548	47	1.40755	-0.273084	0.0131432	-1	-1	3
10	0.603786	61.1836	47	1.30178	-0.306498	0.0125048	-1	-1	3
11	0.603786	52.9143	47	1.12584	0.063505	0.0202224	-1	-1	3
12	0.603786	61.6886	47	1.31252	-0.10175	0.0165605	-1	-1	3
13	0.603786	45.02	47	0.957873	-0.125468	0.0160597	-1	-1	3
14	0.603786	45.5696	47	0.969567	-0.106027	0.0164852	-1	-1	3
15	0.603786	48.4735	47	1.03135	-0.144552	0.0156962	-1	-1	3
16	0.603786	58.8972	47	1.25313	-0.162356	0.0153016	-1	-1	3
17	0.603786	63.0011	47	1.34045	-0.198927	0.0145776	-1	-1	3
18	0.603786	40.0182	47	0.851451	-0.193089	0.0146639	-1	-1	3
19	0.603786	75.9392	47	1.61573	-0.208504	0.014367	-1	-1	3
20	0.603786	66.595	47	1.41691	-0.229659	0.0139408	-1	-1	3
21	0.603786	51.73	47	1.10064	-0.227895	0.0139851	-1	-1	3
22	0.603786	67.292	47	1.43174	-0.248234	0.0135994	-1	-1	3
23	0.603786	54.3744	47	1.1569	-0.254732	0.0134589	-1	-1	3
24	0.603786	58.9772	47	1.25483	-0.278268	0.0130142	-1	-1	3
25	0.603786	56.6867	47	1.2061	-0.396028	0.0108702	-1	-1	3
26	0.603786	79.2364	47	1.68588	0.228043	0.0242669	-1	-1	3
27	0.603786	55.6829	47	1.18474	0.135573	0.0219553	-1	-1	3
28	0.603786	45.6838	47	0.971997	-0.0484249	0.017742	-1	-1	3
29	0.603786	68.2553	47	1.45224	-0.0262349	0.0181613	-1	-1	3
30	0.603786	50.932	47	1.08366	-0.0626185	0.0173718	-1	-1	3
31	0.603786	54.1758	47	1.15268	-0.0249664	0.0181834	-1	-1	3
32	0.603786	49.945	47	1.06266	-0.0571039	0.0175035	-1	-1	3
33	0.603786	60.6214	47	1.28982	-0.0817021	0.0169546	-1	-1	3
34	0.603786	28.3275	47	0.602712	-0.0624411	0.0173843	-1	-1	3
35	0.603786	62.6223	47	1.33239	-0.113099	0.016332	-1	-1	3
36	0.603786	44.6455	47	0.949905	-0.148677	0.0155667	-1	-1	3
37	0.603786	47.8499	47	1.01808	-0.147961	0.0155898	-1	-1	3
38	0.603786	58.0324	47	1.23473	-0.172179	0.0150788	-1	-1	3
39	0.603786	39.9292	47	0.849558	-0.147142	0.0155899	-1	-1	3
40	0.603786	62.3676	47	1.32697	-0.186986	0.0148264	-1	-1	3
41	0.603786	52.4932	47	1.11688	-0.224025	0.0140506	-1	-1	3
42	0.603786	72.4077	47	1.54059	-0.173028	0.0150283	-1	-1	3
43	0.603786	56.4676	47	1.20144	-0.237549	0.0137583	-1	-1	3
44	0.603786	53.5588	47	1.13955	-0.230027	0.0139158	-1	-1	3
45	0.603786	50.0293	47	1.06445	-0.266137	0.0132135	-1	-1	3
46	0.603786	67.8531	47	1.44368	-0.249168	0.0135575	-1	-1	3
47	0.603786	43.8117	47	0.932164	-0.263814	0.0132623	-1	-1	3
48	0.603786	44.8824	47	0.954945	-0.297025	0.0126305	-1	-1	3
49	0.603786	55.2222	47	1.17494	-0.00807883	0.0186404	-1	-1	3
50	0.603786	45.9904	47	0.978519	-0.0123204	0.0185453	-1	-1	3
51	0.603786	46.9685	47	0.99933	-0.0235531	0.0182146	-1	-1	3
52	0.603786	48.7794	47	1.03786	-0.0816158	0.016956	-1	-1	3
53	0.603786	40.2051	47	0.855428	-0.0867903	0.0168387	-1	-1	3
54	0.603786	55.7733	47	1.18667	-0.0858231	0.0168612	-1	-1	3
55	0.603786	48.1399	47	1.02425	-0.10751	0.0163896	-1	-1	3
56	0.603786	43.5734	47	0.927094	-0.121795	0.0161025	-1	-1	3
57	0.603786	47.5821	47	1.01239	-0.125124	0.0160563	-1	-1	3
58	0.603786	45.6387	47	0.971036	-0.166122	0.015217	-1	-1	3
59	0.603786	48.5039	47	1.032	-0.152968	0.015433	-1	-1	3
60	0.603786	45.5698	47	0.96957	-0.165803	0.0152032	-1	-1	3
61	0.603786	29.3123	47	0.623666	-0.15472	0.0154369	-1	-1	3
62	0.603786	48.4558	47	1.03097	-0.196144	0.0146055	-1	-1	3
63	0.603786	70.07	47	1.49085	-0.222058	0.0140835	-1	-1	3
64	0.603786	66.2579	47	1.40974	-0.238759	0.0137889	-1	-1	3
65	0.603786	62.0158	47	1.31949	-0.280624	0.0129695	-1	-1	3
66	0.603786	43.2129	47	0.919424	-0.227458	0.0139503	-1	-1	3
67	0.603786	45.9038	47	0.976677	-0.269915	0.0131108	-1	-1	3
68	0.603786	53.9501	47	1.14787	-0.277742	0.012988	-1	-1	3
69	0.603786	54.8462	47	1.16694	-0.280885	0.0129386	-1	-1	3
70	0.603786	42.5309	47	0.904912	-0.286971	0.0128197	-1	-1	3
71	0.603786	72.314	47	1.5386	-0.350322	0.01167	-1	-1	3
72	0.603786	80.1206	47	1.70469	-0.379498	0.0111321	-1	-1	3
73	0.603786	82.99	47	1.76574	0.21175	0.0237775	-1	-1	3
74	0.603786	42.8472	47	0.911643	0.0611965	0.0201697	-1	-1	3
75	0.603786	49.4083	47	1.05124	0.0165317	0.0191336	-1	-1	3
76	0.603786	55.2198	47	1.17489	-0.00719562	0.0185645	-1	-1	3
77	0.603786	43.1146	47	0.917332	-0.0337618	0.0180304	-1	-1	3
78	0.603786	49.1116	47	1.04493	-0.0707499	0.0171208	-1	-1	3
79	0.603786	39.1949	47	0.833935	-0.10552	0.0163973	-1	-1	3
80	0.603786	51.6827	47	1.09963	-0.0731197	0.0171062	-1	-1	3
81	0.603786	40.8978	47	0.870165	-0.0959232	0.0165954	-1	-1	3
82	0.603786	45.4564	47	0.967158	-0.127688	0.0159733	-1	-1	3
83	0.603786	56.461	47	1.2013	-0.0959441	0.0166451	-1	-1	3
84	0.603786	40.7757	47	0.867568	-0.118413	0.0161703	-1	-1	3
85	0.603786	48.7109	47	1.0364	-0.171848	0.0150556	-1	-1	3
86	0.603786	44.3436	47	0.943481	-0.144234	0.015612	-1	-1	3
87	0.603786	60.203	47	1.28092	-0.151557	0.0154714	-1	-1	3
88	0.603786	59.1073	47	1.2576	-0.195768	0.0145951	-1	-1	3
89	0.603786	55.3987	47	1.17869	-0.237535	0.0137277	-1	-1	3
90	0.603786	61.7377	47	1.31357	-0.243774	0.0136293	-1	-1	3
91	0.603786	38.5633	47	0.820495	-0.248986	0.0134981	-1	-1	3
92	0.603786	59.7394	47	1.27105	-0.283352	0.012857	-1	-1	3
93	0.603786	58.6503	47	1.24788	-0.320044	0.0122016	-1	-1	3
94	0.603786	58.9424	47	1.25409	0.148937	0.0222132	-1	-1	3
95	0.603786	49.5952	47	1.05522	0.0599742	0.0200902	-1	-1	3
96	0.603786	42.2541	47	0.899023	0.0569204	0.0200273	-1	-1	3
97	0.603786	45.2782	47	0.963365	0.0352382	0.0195624	-1	-1	3
98	0.603786	48.5451	47	1.03287	0.00755338	0.0189193	-1	-1	3
99	0.603786	39.6067	47	0.842695	0.00234181	0.0188152	-1	-1	3
100	0.603786	55.2781	47	1.17613	-0.063708	0.0172763	-1	-1	3
101	0.603786	60.1273	47	1.2793	-0.107084	0.0163311	-1	-1	3
102	0.603786	48.7102	47	1.03639	-0.0906396	0.0166942	-1	-1	3
103	0.603786	43.3883	47	0.923155	-0.110455	0.0162773	-1	-1	3
104	0.603786	34.8939	47	0.742424	-0.164362	0.0151963	-1	-1	3
105	0.603786	39.1218	47	0.832378	-0.143168	0.0156033	-1	-1	3
106	0.603786	45.4638	47	0.967315	-0.12728	0.0159747	-1	-1	3
107	0.603786	42.0731	47	0.895173	-0.159352	0.0152979	-1	-1	3
108	0.603786	49.3907	47	1.05087	-0.181688	0.0148581	-1	-1	3
109	0.603786	53.3395	47	1.13488	-0.183983	0.0147953	-1	-1	3
110	0.603786	53.1003	47	1.12979	-0.207504	0.0143185	-1	-1	3
111	0.603786	35.1037	47	0.746886	-0.186338	0.0147742	-1	-1	3
112	0.603786	54.0909	47	1.15087	-0.272741	0.0130295	-1	-1	3
113	0.603786	70.3921	47	1.4977	-0.322721	0.0121504	-1	-1	3
114	0.603786	52.2121	47	1.1109	0.0674454	0.0202685	-1	-1	3
115	0.603786	59.8849	47	1.27415	0.0315757	0.0194365	-1	-1	3
116	0.603786	58.2562	47	1.23949	0.0219226	0.0191981	-1	-1	3
117	0.603786	45.0032	47	0.957515	-0.000263077	0.0186941	-1	-1	3
118	0.603786	37.2815	47	0.793223	-0.0358708	0.0179476	-1	-1	3
119	0.603786	52.764	47	1.12264	-0.03048	0.0180504	-1	-1	3
120	0.603786	55.3343	47	1.17733	-0.0747299	0.0170587	-1	-1	3
121	0.603786	61.0426	47	1.29878	-0.100692	0.0164595	-1	-1	3
122	0.603786	44.4246	47	0.945203	-0.0977466	0.0165618	-1	-1	3
123	0.603786	62.3994	47	1.32765	-0.112275	0.0162436	-1	-1	3
124	0.603786	48.3875	47	1.02952	-0.125032	0.0160108	-1	-1	3
125	0.603786	59.2951	47	1.2616	-0.162383	0.015235	-1	-1	3
126	0.603786	49.2854	47	1.04863	-0.169159	0.0150631	-1	-1	3
127	0.603786	36.3979	47	0.774424	-0.176605	0.0149339	-1	-1	3
128	0.603786	41.0489	47	0.873381	-0.173263	0.0149939	-1	-1	3
129	0.603786	35.708	47	0.759745	-0.201471	0.0144327	-1	-1	3
130	0.603786	59.3545	47	1.26286	-0.213351	0.014221	-1	-1	3
131	0.603786	41.8776	47	0.891012	-0.233385	0.0138209	-1	-1	3
132	0.603786	45.819	47	0.974873	-0.248383	0.013501	-1	-1	3
133	0.603786	85.4252	47	1.81756	0.324317	0.0267338	-1	-1	3
134	0.603786	63.2663	47	1.34609	0.147444	0.022199	-1	-1	3
135	0.603786	67.4061	47	1.43417	0.0436979	0.019707	-1	-1	3
136	0.603786	56.4409	47	1.20087	0.0240856	0.0192619	-1	-1	3
137	0.603786	46.8411	47	0.996619	0.0376181	0.0195809	-1	-1	3
138	0.603786	58.3182	47	1.24081	0.0281378	0.0193508	-1	-1	3
139	0.603786	47.3148	47	1.0067	-0.0162404	0.018356	-1	-1	3
140	0.603786	55.1321	47	1.17302	-0.0296059	0.0180722	-1	-1	3
141	0.603786	36.2367	47	0.770993	-0.012571	0.0184434	-1	-1	3
142	0.603786	46.0651	47	0.980109	-0.0586257	0.0174325	-1	-1	3
143	0.603786	60.3903	47	1.2849	-0.0659272	0.0172213	-1	-1	3
144	0.603786	56.1009	47	1.19364	-0.108621	0.016323	-1	-1	3
145	0.603786	46.8387	47	0.996568	-0.127834	0.0158999	-1	-1	3
146	0.603786	41.3603	47	0.880007	-0.121907	0.0160451	-1	-1	3
147	0.603786	42.5863	47	0.906091	-0.161764	0.0152041	-1	-1	3
148	0.603786	53.7824	47	1.14431	-0.178702	0.0148847	-1	-1	3
149	0.603786	51.7257	47	1.10055	-0.245189	0.0135902	-1	-1	3
150	0.603786	36.923	47	0.785597	-0.253173	0.0134306	-1	-1	3
151	0.603786	49.9878	47	1.06357	-0.256744	0.0133803	-1	-1	3
152	0.603786	56.6139	47	1.20455	-0.280989	0.0129242	-1	-1	3
153	0.603786	30.4586	47	0.648056	-0.285558	0.0128016	-1	-1	3
154	0.603786	87.1654	47	1.85458	0.337829	0.0270764	-1	-1	3
155	0.603786	87.1363	47	1.85396	0.292428	0.025893	-1	-1	3
156	0.603786	59.9245	47	1.27499	0.113925	0.0214184	-1	-1	3
157	0.603786	29.3441	47	0.624342	0.0643803	0.0202768	-1	-1	3
158	0.603786	49.5616	47	1.0545	-0.257488	0.0133684	-1	-1	3
159	0.603786	90.0868	47	1.91674	0.254761	0.024879	-1	-1	3
160	0.603786	54.2794	47	1.15488	-0.114087	0.0162813	-1	-1	3
161	0.603786	43.9654	47	0.935434	-0.0691443	0.017243	-1	-1	3
162	0.603786	35.474	47	0.754767	-0.132147	0.0159394	-1	-1	3
163	0.603786	90.3349	47	1.92202	-0.384188	0.0111048	-1	-1	3
164	0.603786	67.7547	47	1.44159	0.00613857	0.0189275	-1	-1	3
165	0.603786	39.5303	47	0.841071	-0.147234	0.0156065	-1	-1	3
166	0.603786	40.2838	47	0.857101	-0.115218	0.0162921	-1	-1	3
167	0.603786	55.5277	47	1.18144	-0.118254	0.0162423	-1	-1	3
168	0.603786	46.9975	47	0.999948	-0.142985	0.0156943	-1	-1	3
169	0.603786	55.0671	47	1.17164	-0.117685	0.0162588	-1	-1	3
170	0.603786	83.8435	47	1.7839	-0.191833	0.0147521	-1	-1	3
171	0.603786	58.3444	47	1.24137	-0.21146	0.0143549	-1	-1	3
172	0.603786	52.2743	47	1.11222	-0.212631	0.0142569	-1	-1	3
173	0.603786	34.146	47	0.72651	-0.227897	0.0139524	-1	-1	3
174	0.603786	48.2328	47	1.02623	-0.210342	0.0143064	-1	-1	3
175	0.603786	55.0048	47	1.17032	-0.244608	0.0136353	-1	-1	3
176	0.603786	59.11	47	1.25766	-0.280089	0.0129793	-1	-1	3
177	0.603786	64.2893	47	1.36786	-0.273372	0.0131197	-1	-1	3
178	0.603786	38.8424	47	0.826435	-0.281926	0.0129457	-1	-1	3
179	0.603786	77.2677	47	1.64399	-0.388681	0.0109962	-1	-1	3
180	0.603786	47.4689	47	1.00998	0.137908	0.0220541	-1	-1	3
181	0.603786	45.9529	47	0.977722	0.0436282	0.0197491	-1	-1	3
182	0.603786	40.6937	47	0.865823	-0.0496278	0.0176308	-1	-1	3
183	0.603786	46.925	47	0.998404	-0.0225654	0.0182415	-1	-1	3
184	0.603786	41.8183	47	0.88975	-0.0492039	0.017681	-1	-1	3
185	0.603786	53.0844	47	1.12946	-0.0596639	0.0174218	-1	-1	3
186	0.603786	57.465	47	1.22266	-0.0756585	0.0171087	-1	-1	3
187	0.603786	42.1377	47	0.896546	-0.0931779	0.0167207	-1	-1	3
188	0.603786	60.9869	47	1.29759	-0.123389	0.0160849	-1	-1	3
189	0.603786	57.2226	47	1.2175	-0.112965	0.0163218	-1	-1	3
190	0.603786	51.9004	47	1.10426	-0.114409	0.0162997	-1	-1	3
191	0.603786	40.0909	47	0.852997	-0.159357	0.0153697	-1	-1	3
192	0.603786	48.8154	47	1.03863	-0.144052	0.0156894	-1	-1	3
193	0.603786	42.6036	47	0.90646	-0.180498	0.0149497	-1	-1	3
194	0.603786	47.0398	47	1.00085	-0.223902	0.0140265	-1	-1	3
195	0.603786	43.3232	47	0.921771	-0.253309	0.0134459	-1	-1	3
196	0.603786	53.6305	47	1.14107	-0.239885	0.0137219	-1	-1	3
197	0.603786	54.911	47	1.16832	-0.255614	0.0134084	-1	-1	3
198	0.603786	77.8865	47	1.65716	-0.268974	0.0131861	-1	-1	3
199	0.603786	52.2423	47	1.11154	-0.276818	0.0130331	-1	-1	3
200	0.603786	45.9552	47	0.977769	-0.313051	0.0123465	-1	-1	3
201	0.603786	112.076	47	2.3846	0.212677	0.0238134	-1	-1	3
202	0.603786	44.3877	47	0.94442	0.230709	0.0243266	-1	-1	3
203	0.603786	46.8656	47	0.997141	-0.019363	0.0182941	-1	-1	3
204	0.603786	65.0209	47	1.38342	-0.0451972	0.0177436	-1	-1	3
205	0.603786	41.412	47	0.881107	-0.055238	0.0175329	-1	-1	3
206	0.603786	53.8698	47	1.14617	-0.0564671	0.0174955	-1	-1	3
207	0.603786	41.3404	47	0.879584	-0.0911755	0.016755	-1	-1	3
208	0.603786	36.9455	47	0.786074	-0.0910971	0.0167597	-1	-1	3
209	0.603786	42.7925	47	0.910479	-0.119161	0.0161665	-1	-1	3
210	0.603786	51.7888	47	1.10189	-0.135592	0.0157976	-1	-1	3
211	0.603786	31.8118	47	0.676846	-0.132287	0.0158914	-1	-1	3
212	0.603786	39.7763	47	0.846305	-0.145144	0.0156299	-1	-1	3
213	0.603786	50.4027	47	1.0724	-0.161911	0.0152954	-1	-1	3
214	0.603786	40.6286	47	0.864439	-0.160165	0.0153318	-1	-1	3
215	0.603786	51.2126	47	1.08963	-0.195634	0.014607	-1	-1	3
216	0.603786	37.3239	47	0.794126	-0.254489	0.0134123	-1	-1	3
217	0.603786	52.2473	47	1.11165	-0.233253	0.0138366	-1	-1	3
218	0.603786	49.4153	47	1.05139	-0.277474	0.0129893	-1	-1	3
219	0.603786	50.3381	47	1.07102	-0.264672	0.0132388	-1	-1	3
220	0.603786	59.9291	47	1.27509	-0.276053	0.0130261	-1	-1	3
221	0.603786	61.6807	47	1.31235	-0.344649	0.0117842	-1	-1	3
222	0.603786	65.9603	47	1.40341	0.214182	0.0239446	-1	-1	3
223	0.603786	39.5402	47	0.841281	0.0939921	0.0209363	-1	-1	3
224	0.603786	44.6115	47	0.94918	0.028327	0.0193976	-1	-1	3
225	0.603786	41.034	47	0.873063	0.0106256	0.0190074	-1	-1	3
226	0.603786	46.1082	47	0.981026	0.0175237	0.0191635	-1	-1	3
227	0.603786	35.7265	47	0.760138	-0.0782334	0.0169806	-1	-1	3
228	0.603786	54.3494	47	1.15637	-0.052852	0.0175214	-1	-1	3
229	0.603786	52.292	47	1.1126	-0.0739679	0.017103	-1	-1	3
230	0.603786	45.5756	47	0.969694	-0.0891541	0.0167721	-1	-1	3
231	0.603786	39.427	47	0.838872	-0.112732	0.0162486	-1	-1	3
232	0.603786	44.5787	47	0.948482	-0.131691	0.0158866	-1	-1	3
233	0.603786	32.0999	47	0.682976	-0.127485	0.0159573	-1	-1	3
234	0.603786	45.69	47	0.972128	-0.161044	0.0152714	-1	-1	3
235	0.603786	57.215	47	1.21734	-0.151616	0.0154819	-1	-1	3
236	0.603786	40.6887	47	0.865717	-0.186182	0.0147697	-1	-1	3
237	0.603786	41.9848	47	0.893294	-0.199964	0.0144852	-1	-1	3
238	0.603786	39.4397	47	0.839144	-0.245146	0.0135968	-1	-1	3
239	0.603786	61.366	47	1.30566	-0.266969	0.0131776	-1	-1	3
240	0.603786	40.6825	47	0.865586	-0.25166	0.0134708	-1	-1	3
241	0.603786	47.5728	47	1.01219	0.21632	0.0239742	-1	-1	3
242	0.603786	52.5782	47	1.11869	0.0688583	0.0203069	-1	-1	3
243	0.603786	57.3003	47	1.21915	0.041824	0.0196723	-1	-1	3
244	0.603786	55.5324	47	1.18154	0.000574852	0.0187444	-1	-1	3
245	0.603786	48.0615	47	1.02259	0.063568	0.0201747	-1	-1	3
246	0.603786	27.6595	47	0.5885	0.02718	0.0193741	-1	-1	3
247	0.603786	51.462	47	1.09494	-0.0599042	0.0173539	-1	-1	3
248	0.603786	60.9785	47	1.29742	-0.0667986	0.0172123	-1	-1	3
249	0.603786	51.5489	47	1.09679	-0.0947003	0.0166246	-1	-1	3
250	0.603786	45.9982	47	0.978686	-0.0848387	0.0168447	-1	-1	3
251	0.603786	64.0301	47	1.36234	-0.139107	0.0157089	-1	-1	3
252	0.603786	58.4445	47	1.2435	-0.113001	0.0162308	-1	-1	3
253	0.603786	37.138	47	0.790171	-0.154958	0.0153949	-1	-1	3
254	0.603786	42.8411	47	0.911514	-0.133247	0.0158516	-1	-1	3
255	0.603786	38.2372	47	0.813558	-0.146576	0.0155749	-1	-1	3
256	0.603786	38.1036	47	0.810715	-0.167203	0.0151448	-1	-1	3
257	0.603786	48.6946	47	1.03606	-0.199777	0.0144824	-1	-1	3
258	0.603786	42.1641	47	0.897109	-0.220327	0.0140849	-1	-1	3
259	0.603786	64.4402	47	1.37107	-0.356372	0.0115104	-1	-1	3
260	0.603786	73.6061	47	1.56609	0.294605	0.0259895	-1	-1	3
261	0.603786	43.5362	47	0.926301	0.197549	0.0234694	-1	-1	3
262	0.603786	48.9509	47	1.04151	0.0756466	0.0204685	-1	-1	3
263	0.603786	48.4078	47	1.02995	0.0207905	0.0191782	-1	-1	3
264	0.603786	45.3328	47	0.964527	0.0574044	0.0200401	-1	-1	3
265	0.603786	53.3042	47	1.13413	0.0282888	0.019363	-1	-1	3
266	0.603786	32.1287	47	0.683589	-0.0020704	0.0186829	-1	-1	3
267	0.603786	44.1369	47	0.939083	-0.00597484	0.0186101	-1	-1	3
268	0.603786	52.696	47	1.12119	-0.0790146	0.0170029	-1	-1	3
269	0.603786	55.5706	47	1.18235	-0.101704	0.0165433	-1	-1	3
270	0.603786	60.0541	47	1.27775	-0.0541048	0.0174642	-1	-1	3
271	0.603786	42.5114	47	0.904497	-0.133438	0.0158	-1	-1	3
272	0.603786	40.2862	47	0.857154	-0.139254	0.0156871	-1	-1	3
273	0.603786	55.9095	47	1.18956	-0.12079	0.0160824	-1	-1	3
274	0.603786	40.6743	47	0.865411	-0.12845	0.0159114	-1	-1	3
275	0.603786	56.6461	47	1.20524	-0.154012	0.015395	-1	-1	3
276	0.603786	43.8792	47	0.9336	-0.197973	0.0145206	-1	-1	3
277	0.603786	40.4206	47	0.860012	-0.166666	0.015159	-1	-1	3
278	0.603786	40.7299	47	0.866594	-0.197708	0.0145262	-1	-1	3
279	0.603786	68.388	47	1.45506	-0.195297	0.0145542	-1	-1	3
280	0.603786	53.5143	47	1.1386	-0.227684	0.0139325	-1	-1	3
281	0.603786	48.4773	47	1.03143	-0.230108	0.013892	-1	-1	3
282	0.603786	54.4814	47	1.15918	-0.369466	0.0112811	-1	-1	3
283	0.603786	64.4147	47	1.37053	0.0458628	0.0197206	-1	-1	3
284	0.603786	56.4704	47	1.2015	0.0190713	0.0191098	-1	-1	3
285	0.603786	45.2655	47	0.963096	0.0299807	0.0194001	-1	-1	3
286	0.603786	67.7664	47	1.44184	-0.00773829	0.0185349	-1	-1	3
287	0.603786	44.7546	47	0.952226	0.0115098	0.0189885	-1	-1	3
288	0.603786	54.9014	47	1.16811	-0.0164708	0.0183685	-1	-1	3
289	0.603786	54.0305	47	1.14959	-0.0191081	0.0183037	-1	-1	3
290	0.603786	42.9226	47	0.913247	-0.115825	0.0161447	-1	-1	3
291	0.603786	59.8634	47	1.27369	-0.11829	0.016109	-1	-1	3
292	0.603786	53.636	47	1.14119	-0.120651	0.0160605	-1	-1	3
293	0.603786	54.1621	47	1.15239	-0.142172	0.0156136	-1	-1	3
294	0.603786	68.3198	47	1.45361	-0.154325	0.0153705	-1	-1	3
295	0.603786	47.9189	47	1.01955	-0.30809	0.0123778	-1	-1	3
296	0.603786	32.8114	47	0.698115	-0.31651	0.0122333	-1	-1	3
297	0.603786	44.3519	47	0.943658	-0.000692798	0.0186932	-1	-1	3
298	0.603786	46.4962	47	0.98928	-0.160432	0.0152504	-1	-1	3
299	0.603786	30.6428	47	0.651975	-0.224263	0.0140828	-1	-1	3
300	0.603786	67.3518	47	1.43302	-0.26452	0.0132952	-1	-1	3
301	0.603786	64.8349	47	1.37947	-0.332463	0.0120198	-1	-1	3
302	0.603786	102.413	47	2.17899	-0.423187	0.0104476	-1	-1	3
303	0.603786	66.5409	47	1.41576	-0.108025	0.0164004	-1	-1	3
304	0.603786	43.86	47	0.933193	-0.11089	0.0163478	-1	-1	3
305	0.603786	60.3247	47	1.2835	-0.299203	0.0126325	-1	-1	3
306	0.603786	37.5817	47	0.799611	-0.120532	0.0161844	-1	-1	3
307	0.603786	60.0052	47	1.27671	-0.0859163	0.0169108	-1	-1	3
308	0.603786	65.1906	47	1.38703	-0.162268	0.0153188	-1	-1	3
309	0.603786	60.102	47	1.27877	-0.150302	0.015542	-1	-1	3
310	0.603786	61.8859	47	1.31672	-0.11175	0.0163962	-1	-1	3
311	0.603786	49.5992	47	1.0553	-0.207439	0.0143668	-1	-1	3
312	0.603786	69.2081	47	1.47251	-0.229253	0.0139453	-1	-1	3
313	0.603786	47.3421	47	1.00728	-0.240472	0.0137168	-1	-1	3
314	0.603786	44.8124	47	0.953455	-0.21574	0.0142404	-1	-1	3
315	0.603786	44.3827	47	0.944313	-0.259108	0.0133761	-1	-1	3
316	0.603786	75.2523	47	1.60111	-0.2637	0.0132885	-1	-1	3
317	0.603786	47.6255	47	1.01331	-0.254929	0.0134559	-1	-1	3
318	0.603786	62.9343	47	1.33903	-0.359946	0.0114924	-1	-1	3
319	0.603786	60.7805	47	1.2932	0.013962	0.0190687	-1	-1	3
320	0.603786	49.6021	47	1.05536	-0.00486194	0.0186474	-1	-1	3
321	0.603786	50.8138	47	1.08114	-0.0232334	0.0182486	-1	-1	3
322	0.603786	54.9514	47	1.16918	-0.0737846	0.0171169	-1	-1	3
323	0.603786	57.7292	47	1.22828	-0.0990946	0.0165868	-1	-1	3
324	0.603786	42.541	47	0.905128	-0.0525672	0.0175976	-1	-1	3
325	0.603786	55.2171	47	1.17483	-0.125754	0.0160258	-1	-1	3
326	0.603786	40.547	47	0.862703	-0.103701	0.0165113	-1	-1	3
327	0.603786	65.1056	47	1.38523	-0.13856	0.0157744	-1	-1	3
328	0.603786	35.541	47	0.756192	-0.158319	0.0153706	-1	-1	3
329	0.603786	60.2222	47	1.28132	-0.16742	0.0151964	-1	-1	3
330	0.603786	44.5082	47	0.946982	-0.148916	0.0155803	-1	-1	3
331	0.603786	89.5455	47	1.90522	-0.201033	0.0145436	-1	-1	3
332	0.603786	49.8551	47	1.06075	-0.191183	0.0146425	-1	-1	3
333	0.603786	38.2257	47	0.813312	-0.236086	0.0137963	-1	-1	3
334	0.603786	40.5172	47	0.862068	-0.241936	0.0136939	-1	-1	3
335	0.603786	45.9439	47	0.977531	-0.256367	0.0134082	-1	-1	3
336	0.603786	47.0847	47	1.0018	-0.254116	0.0134691	-1	-1	3
337	0.603786	57.0651	47	1.21415	-0.281484	0.0129141	-1	-1	3
338	0.603786	61.588	47	1.31038	-0.257231	0.0134088	-1	-1	3
339	0.603786	62.7485	47	1.33507	-0.317932	0.0122683	-1	-1	3
340	0.603786	49.9782	47	1.06337	0.00707297	0.0188853	-1	-1	3
341	0.603786	45.1438	47	0.960506	-0.090408	0.0167649	-1	-1	3
342	0.603786	55.816	47	1.18758	-0.0343321	0.017961	-1	-1	3
343	0.603786	51.9571	47	1.10547	-0.101319	0.0165144	-1	-1	3
344	0.603786	35.7616	47	0.760884	-0.0880072	0.0168153	-1	-1	3
345	0.603786	51.9838	47	1.10604	-0.114008	0.0162516	-1	-1	3
346	0.603786	49.0682	47	1.044	-0.136	0.0157919	-1	-1	3
347	0.603786	37.2739	47	0.793061	-0.140541	0.0157153	-1	-1	3
348	0.603786	41.7403	47	0.888091	-0.169114	0.0151309	-1	-1	3
349	0.603786	50.5399	47	1.07532	-0.140137	0.0157443	-1	-1	3
350	0.603786	39.9501	47	0.850002	-0.154142	0.0154489	-1	-1	3
351	0.603786	44.9528	47	0.956443	-0.17108	0.0151028	-1	-1	3
352	0.603786	73.0068	47	1.55334	-0.194681	0.0146344	-1	-1	3
353	0.603786	44.0396	47	0.937013	-0.218787	0.0141262	-1	-1	3
354	0.603786	44.4709	47	0.94619	-0.256709	0.0133803	-1	-1	3
355	0.603786	38.8615	47	0.82684	-0.281228	0.0129184	-1	-1	3
356	0.603786	64.5408	47	1.37321	-0.295423	0.0126529	-1	-1	3
357	0.603786	44.5971	47	0.948874	-0.282906	0.0128976	-1	-1	3
358	0.603786	43.246	47	0.920128	0.224038	0.0242184	-1	-1	3
359	0.603786	62.1874	47	1.32314	0.146238	0.0221719	-1	-1	3
360	0.603786	46.7357	47	0.994377	0.0764625	0.0205181	-1	-1	3
361	0.603786	43.7935	47	0.931776	0.0382624	0.0196362	-1	-1	3
362	0.603786	63.7512	47	1.35641	0.0249817	0.0193137	-1	-1	3
363	0.603786	74.1837	47	1.57838	-0.0424533	0.0177694	-1	-1	3
364	0.603786	40.6978	47	0.865912	-0.0691868	0.0171964	-1	-1	3
365	0.603786	32.2257	47	0.685654	-0.086599	0.0168264	-1	-1	3
366	0.603786	42.5231	47	0.904747	-0.10121	0.016523	-1	-1	3
367	0.603786	42.6868	47	0.908231	-0.0722197	0.0171384	-1	-1	3
368	0.603786	59.4732	47	1.26539	-0.140861	0.0156831	-1	-1	3
369	0.603786	50.519	47	1.07487	-0.164039	0.0151866	-1	-1	3
370	0.603786	44.1436	47	0.939225	-0.14291	0.0156607	-1	-1	3
371	0.603786	47.3635	47	1.00773	-0.173543	0.0150202	-1	-1	3
372	0.603786	52.1543	47	1.10967	-0.156784	0.0153824	-1	-1	3
373	0.603786	58.2874	47	1.24016	-0.204703	0.0143971	-1	-1	3
374	0.603786	51.8994	47	1.10424	-0.256835	0.01335	-1	-1	3
375	0.603786	40.7579	47	0.86719	-0.261112	0.0132679	-1	-1	3
376	0.603786	51.2247	47	1.08989	-0.261302	0.0132826	-1	-1	3
377	0.603786	56.4998	47	1.20212	0.14628	0.0221697	-1	-1	3
378	0.603786	51.4304	47	1.09426	0.104824	0.0211674	-1	-1	3
379	0.603786	69.2382	47	1.47315	0.0685759	0.0202937	-1	-1	3
380	0.603786	51.418	47	1.094	0.0129223	0.0190322	-1	-1	3
381	0.603786	51.7535	47	1.10114	0.00531268	0.0188268	-1	-1	3
382	0.603786	43.6105	47	0.927883	-0.00414307	0.0186714	-1	-1	3
383	0.603786	82.8541	47	1.76285	-0.0245763	0.0181169	-1	-1	3
384	0.603786	30.9863	47	0.659283	-0.0731249	0.017084	-1	-1	3
385	0.603786	58.3911	47	1.24236	-0.0893261	0.0167554	-1	-1	3
386	0.603786	39.6178	47	0.842932	-0.0952235	0.0166269	-1	-1	3
387	0.603786	37.5618	47	0.799188	-0.0936203	0.0166468	-1	-1	3
388	0.603786	42.3445	47	0.900947	-0.114423	0.0162025	-1	-1	3
389	0.603786	43.4236	47	0.923907	-0.165742	0.0151682	-1	-1	3
390	0.603786	46.789	47	0.99551	-0.145413	0.0155875	-1	-1	3
391	0.603786	63.9506	47	1.36065	-0.165238	0.0151689	-1	-1	3
392	0.603786	60.4438	47	1.28604	-0.164807	0.015188	-1	-1	3
393	0.603786	33.2427	47	0.707291	-0.188933	0.014689	-1	-1	3
394	0.603786	43.4549	47	0.924572	-0.196183	0.0145636	-1	-1	3
395	0.603786	42.2839	47	0.899658	-0.191583	0.014646	-1	-1	3
396	0.603786	59.2076	47	1.25974	0.342342	0.0272486	-1	-1	3
397	0.603786	94.7861	47	2.01672	0.194296	0.0233075	-1	-1	3
398	0.603786	52.8186	47	1.1238	0.0517771	0.0198923	-1	-1	3
399	0.603786	60.5508	47	1.28832	0.0842544	0.0206632	-1	-1	3
400	0.603786	40.5748	47	0.863294	0.0218122	0.0192373	-1	-1	3
401	0.603786	54.0164	47	1.14928	0.00329804	0.0188281	-1	-1	3
402	0.603786	42.2822	47	0.899622	-0.0224581	0.0182224	-1	-1	3
403	0.603786	61.1467	47	1.30099	-0.0152997	0.0183989	-1	-1	3
404	0.603786	46.7243	47	0.994134	-0.0366351	0.0179479	-1	-1	3
405	0.603786	84.8935	47	1.80624	-0.00102617	0.0186369	-1	-1	3
406	0.603786	71.592	47	1.52324	-0.0711769	0.0171155	-1	-1	3
407	0.603786	49.8708	47	1.06108	-0.10946	0.0162766	-1	-1	3
408	0.603786	45.7578	47	0.973569	-0.0893805	0.0167077	-1	-1	3
409	0.603786	48.1849	47	1.02521	-0.1367	0.0157496	-1	-1	3
410	0.603786	27.1773	47	0.57824	-0.124073	0.0160182	-1	-1	3
411	0.603786	56.0841	47	1.19328	-0.163212	0.0152021	-1	-1	3
412	0.603786	40.9399	47	0.871062	-0.151128	0.0154584	-1	-1	3
413	0.603786	52.2804	47	1.11235	-0.177209	0.0149165	-1	-1	3
414	0.603786	52.5538	47	1.11817	-0.182291	0.0148216	-1	-1	3
415	0.603786	50.4852	47	1.07415	-0.18998	0.0146905	-1	-1	3
416	0.603786	62.1054	47	1.32139	-0.218325	0.0141239	-1	-1	3
417	0.603786	58.7802	47	1.25064	-0.230143	0.0138826	-1	-1	3
418	0.603786	68.1226	47	1.44942	-0.373568	0.0112327	-1	-1	3
419	0.603786	129.493	47	2.75517	0.345162	0.0272292	-1	-1	3
420	0.603786	60.3399	47	1.28383	0.0662212	0.0202018	-1	-1	3
421	0.603786	67.1067	47	1.4278	0.0370278	0.0195542	-1	-1	3
422	0.603786	51.645	47	1.09883	0.0469244	0.0197806	-1	-1	3
423	0.603786	34.7199	47	0.738722	0.0140596	0.0190358	-1	-1	3
424	0.603786	47.0501	47	1.00107	0.00388899	0.0188052	-1	-1	3
425	0.603786	51.313	47	1.09177	-0.0538831	0.0175249	-1	-1	3
426	0.603786	30.6339	47	0.651785	-0.00777326	0.0185414	-1	-1	3
427	0.603786	47.5871	47	1.01249	-0.132946	0.0157719	-1	-1	3
428	0.603786	52.1536	47	1.10965	-0.107335	0.0163445	-1	-1	3
429	0.603786	49.8202	47	1.06	-0.121265	0.016076	-1	-1	3
430	0.603786	31.7669	47	0.675892	-0.180394	0.0148596	-1	-1	3
431	0.603786	52.3145	47	1.11307	-0.156022	0.015343	-1	-1	3
432	0.603786	43.2612	47	0.92045	-0.337018	0.0118672	-1	-1	3
433	0.603786	75.5668	47	1.6078	0.108675	0.021212	-1	-1	3
434	0.603786	41.0419	47	0.873231	-0.0250823	0.0181584	-1	-1	3
435	0.603786	53.6652	47	1.14181	-0.157152	0.0152973	-1	-1	3
436	0.603786	60.3535	47	1.28412	-0.243772	0.0136173	-1	-1	3
437	0.603786	74.9346	47	1.59435	0.446118	0.0302133	-1	-1	3
438	0.603786	82.77	47	1.76106	0.276833	0.0254962	-1	-1	3
439	0.603786	80.3981	47	1.7106	0.164882	0.0225675	-1	-1	3
440	0.603786	64.5208	47	1.37278	0.103298	0.0211225	-1	-1	3
441	0.603786	41.4044	47	0.880944	-0.142376	0.0156724	-1	-1	3
442	0.603786	70.7929	47	1.50623	-0.0930398	0.0166225	-1	-1	3
443	0.603786	86.5209	47	1.84087	-0.0925289	0.0166366	-1	-1	3
444	0.603786	28.5681	47	0.607832	-0.249713	0.0134992	-1	-1	3
445	0.603786	56.6302	47	1.2049	-0.266735	0.0131894	-1	-1	3
446	0.603786	78.1349	47	1.66244	0.0204995	0.0192702	-1	-1	3
447	0.603786	48.6741	47	1.03562	-0.171519	0.0151238	-1	-1	3
448	0.603786	54.6678	47	1.16314	-0.37144	0.0113251	-1	-1	3
449	0.603786	72.8772	47	1.55058	-0.427286	0.0103489	-1	-1	3
450	0.603786	75.8648	47	1.61415	0.127307	0.0217545	-1	-1	3
451	0.603786	43.847	47	0.932915	-0.149502	0.0155341	-1	-1	3
452	0.603786	58.0131	47	1.23432	-0.21357	0.0142548	-1	-1	3
453	0.603786	74.3992	47	1.58296	-0.316776	0.0123325	-1	-1	3
454	0.603786	70.6957	47	1.50416	-0.0596665	0.0175063	-1	-1	3
455	0.603786	65.7968	47	1.39993	0.0425588	0.0197258	-1	-1	3
456	0.603786	40.2253	47	0.855857	-0.0709143	0.0171939	-1	-1	3
457	0.603786	58.4781	47	1.24421	-0.125404	0.0160767	-1	-1	3
458	0.603786	46.7519	47	0.994721	-0.114862	0.0162888	-1	-1	3
459	0.603786	44.7745	47	0.952649	-0.137929	0.0158291	-1	-1	3
460	0.603786	41.9348	47	0.89223	-0.181485	0.014923	-1	-1	3
461	0.603786	57.2174	47	1.21739	-0.151123	0.0155497	-1	-1	3
462	0.603786	63.1392	47	1.34339	-0.188332	0.0148173	-1	-1	3
463	0.603786	34.4148	47	0.732231	-0.205734	0.0144025	-1	-1	3
464	0.603786	42.8577	47	0.911866	-0.245249	0.0136356	-1	-1	3
465	0.603786	50.8589	47	1.0821	-0.229011	0.0139528	-1	-1	3
466	0.603786	43.6704	47	0.929158	-0.245545	0.0136134	-1	-1	3
467	0.603786	39.4019	47	0.838339	-0.282032	0.0129266	-1	-1	3
468	0.603786	57.6645	47	1.2269	-0.260012	0.0133624	-1	-1	3
469	0.603786	62.295	47	1.32542	-0.300063	0.0126162	-1	-1	3
470	0.603786	73.8436	47	1.57114	-0.29626	0.0126785	-1	-1	3
471	0.603786	60.8881	47	1.29549	-0.337056	0.0119352	-1	-1	3
472	0.603786	33.9146	47	0.721587	-0.290575	0.0127465	-1	-1	3
473	0.603786	91.5426	47	1.94772	-0.403102	0.0107462	-1	-1	3
474	0.603786	66.4009	47	1.41279	0.198514	0.0235349	-1	-1	3
475	0.603786	53.4583	47	1.13741	-0.0162549	0.0184835	-1	-1	3
476	0.603786	44.06	47	0.937446	0.0240695	0.0193284	-1	-1	3
477	0.603786	48.4461	47	1.03077	-0.0205226	0.0183053	-1	-1	3
478	0.603786	27.5966	47	0.587161	-0.0521478	0.0176105	-1	-1	3
479	0.603786	49.9232	47	1.0622	-0.0666239	0.0172784	-1	-1	3
480	0.603786	40.8471	47	0.869087	-0.0898553	0.0167748	-1	-1	3
481	0.603786	44.6989	47	0.95104	-0.0869766	0.0168484	-1	-1	3
482	0.603786	65.6072	47	1.3959	-0.104999	0.0164728	-1	-1	3
483	0.603786	54.0053	47	1.14905	-0.10969	0.0163875	-1	-1	3
484	0.603786	39.6021	47	0.842598	-0.143177	0.0156825	-1	-1	3
485	0.603786	60.0756	47	1.2782	-0.161583	0.0153154	-1	-1	3
486	0.603786	56.5649	47	1.20351	-0.165723	0.0152222	-1	-1	3
487	0.603786	42.7409	47	0.909381	-0.148888	0.015587	-1	-1	3
488	0.603786	67.4789	47	1.43572	-0.249609	0.0135936	-1	-1	3
489	0.603786	45.8683	47	0.975922	-0.247411	0.01358	-1	-1	3
490	0.603786	39.8903	47	0.84873	-0.245703	0.013611	-1	-1	3
491	0.603786	50.5463	47	1.07545	-0.257556	0.0133926	-1	-1	3
492	0.603786	51.7843	47	1.10179	-0.258851	0.0133516	-1	-1	3
493	0.603786	58.9415	47	1.25407	-0.264032	0.0132715	-1	-1	3
494	0.603786	59.3826	47	1.26346	-0.283859	0.0129054	-1	-1	3
495	0.603786	50.8597	47	1.08212	0.191865	0.0233257	-1	-1	3
496	0.603786	44.2884	47	0.942307	-0.014814	0.0184442	-1	-1	3
497	0.603786	51.2473	47	1.09037	-0.0410471	0.0178728	-1	-1	3
498	0.603786	48.1825	47	1.02516	-0.0705472	0.0171719	-1	-1	3
499	0.603786	48.5602	47	1.03319	-0.0320165	0.0180213	-1	-1	3
500	0.603786	47.7061	47	1.01502	-0.112434	0.0162703	-1	-1	3
501	0.603786	61.9214	47	1.31748	-0.079638	0.0169873	-1	-1	3
502	0.603786	54.6337	47	1.16242	-0.0951955	0.016681	-1	-1	3
503	0.603786	30.5419	47	0.649827	-0.111154	0.0163265	-1	-1	3
504	0.603786	60.1376	47	1.27952	-0.13535	0.0158309	-1	-1	3
505	0.603786	42.416	47	0.902467	-0.135488	0.0158355	-1	-1	3
506	0.603786	55.3595	47	1.17786	-0.135198	0.015833	-1	-1	3
507	0.603786	43.5949	47	0.927552	-0.142601	0.0156943	-1	-1	3
508	0.603786	42.4726	47	0.903673	-0.170464	0.0151161	-1	-1	3
509	0.603786	49.8455	47	1.06054	-0.215742	0.0141996	-1	-1	3
510	0.603786	50.7782	47	1.08039	-0.224907	0.0140353	-1	-1	3
511	0.603786	41.4137	47	0.881143	-0.231492	0.0138564	-1	-1	3
512	0.603786	52.8642	47	1.12477	-0.260702	0.0132884	-1	-1	3
513	0.603786	69.5229	47	1.47921	-0.260469	0.0133144	-1	-1	3
514	0.603786	46.2884	47	0.98486	-0.288505	0.0127828	-1	-1	3
515	0.603786	59.7173	47	1.27058	-0.290115	0.0127705	-1	-1	3
516	0.603786	41.8407	47	0.890229	0.271297	0.0254551	-1	-1	3
517	0.603786	50.0528	47	1.06495	0.179534	0.0230999	-1	-1	3
518	0.603786	68.3338	47	1.45391	0.194884	0.0233962	-1	-1	3
519	0.603786	49.0504	47	1.04363	0.0545769	0.0200228	-1	-1	3
520	0.603786	43.4447	47	0.924356	0.0535398	0.019984	-1	-1	3
521	0.603786	44.1298	47	0.938933	0.0169161	0.0191186	-1	-1	3
522	0.603786	41.5855	47	0.884798	-0.0582534	0.0174719	-1	-1	3
523	0.603786	55.4048	47	1.17882	-0.0462575	0.0177255	-1	-1	3
524	0.603786	49.5396	47	1.05403	-0.0529226	0.0175185	-1	-1	3
525	0.603786	51.7229	47	1.10049	-0.0716886	0.0171488	-1	-1	3
526	0.603786	30.2686	47	0.644013	-0.0977246	0.0165922	-1	-1	3
527	0.603786	35.9245	47	0.764352	-0.111275	0.0163039	-1	-1	3
528	0.603786	46.0282	47	0.979323	-0.0977112	0.0165774	-1	-1	3
529	0.603786	48.2982	47	1.02762	-0.117763	0.0161578	-1	-1	3
530	0.603786	50.8803	47	1.08256	-0.151405	0.0154618	-1	-1	3
531	0.603786	47.1614	47	1.00343	-0.164059	0.0152096	-1	-1	3
532	0.603786	71.015	47	1.51096	-0.136518	0.015807	-1	-1	3
533	0.603786	47.7992	47	1.017	-0.181986	0.014852	-1	-1	3
534	0.603786	35.9258	47	0.764379	-0.214481	0.0142137	-1	-1	3
535	0.603786	48.1037	47	1.02348	-0.1699	0.0150715	-1	-1	3
536	0.603786	69.2096	47	1.47255	-0.274376	0.0130016	-1	-1	3
537	0.603786	49.7471	47	1.05845	-0.271716	0.0130979	-1	-1	3
538	0.603786	45.026	47	0.957999	-0.278836	0.0129537	-1	-1	3
539	0.603786	58.9587	47	1.25444	0.19582	0.023404	-1	-1	3
540	0.603786	43.3702	47	0.922771	0.122282	0.0215889	-1	-1	3
541	0.603786	52.1823	47	1.11026	0.0655882	0.0202257	-1	-1	3
542	0.603786	37.4014	47	0.795775	0.0804356	0.0206122	-1	-1	3
543	0.603786	51.2028	47	1.08942	0.0162097	0.0191195	-1	-1	3
544	0.603786	30.7137	47	0.653484	0.0132703	0.0190596	-1	-1	3
545	0.603786	64.7479	47	1.37761	-0.038854	0.0178699	-1	-1	3
546	0.603786	82.259	47	1.75019	-0.0890969	0.0167094	-1	-1	3
547	0.603786	46.5489	47	0.990401	-0.0817659	0.0168828	-1	-1	3
548	0.603786	39.4771	47	0.839938	-0.0561399	0.0174725	-1	-1	3
549	0.603786	55.6879	47	1.18485	-0.124173	0.0159981	-1	-1	3
550	0.603786	37.7697	47	0.803611	-0.137278	0.015751	-1	-1	3
551	0.603786	62.2146	47	1.32371	-0.124053	0.016012	-1	-1	3
552	0.603786	53.6354	47	1.14118	-0.120018	0.0160921	-1	-1	3
553	0.603786	65.0239	47	1.38349	-0.170871	0.0150546	-1	-1	3
554	0.603786	41.0259	47	0.872892	-0.182395	0.0148425	-1	-1	3
555	0.603786	61.2072	47	1.30228	-0.180574	0.0148687	-1	-1	3
556	0.603786	34.2805	47	0.729372	-0.204302	0.014408	-1	-1	3
557	0.603786	51.4025	47	1.09367	-0.214847	0.0141986	-1	-1	3
558	0.603786	58.4349	47	1.2433	-0.209591	0.0142148	-1	-1	3
559	0.603786	32.0323	47	0.681538	-0.227329	0.0139088	-1	-1	3
560	0.603786	69.0437	47	1.46901	-0.32724	0.0120496	-1	-1	3
561	0.603786	41.5636	47	0.884331	0.102742	0.0211664	-1	-1	3
562	0.603786	86.9649	47	1.85032	0.131785	0.0217784	-1	-1	3
563	0.603786	57.0395	47	1.21361	0.0485842	0.0198019	-1	-1	3
564	0.603786	53.6352	47	1.14118	0.047081	0.0197814	-1	-1	3
565	0.603786	56.8985	47	1.21061	0.0186865	0.0191221	-1	-1	3
566	0.603786	54.4965	47	1.1595	0.0169644	0.0191053	-1	-1	3
567	0.603786	56.6613	47	1.20556	-0.0010496	0.0187097	-1	-1	3
568	0.603786	41.9158	47	0.891827	-0.0294655	0.0180781	-1	-1	3
569	0.603786	55.6939	47	1.18498	-0.112016	0.0162296	-1	-1	3
570	0.603786	48.3932	47	1.02964	-0.104108	0.0163945	-1	-1	3
571	0.603786	54.8587	47	1.16721	-0.078179	0.0169856	-1	-1	3
572	0.603786	51.0481	47	1.08613	-0.104351	0.0164215	-1	-1	3
573	0.603786	34.0434	47	0.724328	-0.148235	0.015498	-1	-1	3
574	0.603786	48.5787	47	1.03359	-0.186836	0.0147229	-1	-1	3
575	0.603786	42.4368	47	0.902911	-0.169016	0.0150973	-1	-1	3
576	0.603786	66.1006	47	1.40639	-0.155429	0.0153768	-1	-1	3
577	0.603786	47.2	47	1.00425	-0.179472	0.0148802	-1	-1	3
578	0.603786	38.3349	47	0.815637	-0.228527	0.0138929	-1	-1	3
579	0.603786	53.4679	47	1.13761	-0.211958	0.0142493	-1	-1	3
580	0.603786	51.0547	47	1.08627	-0.213772	0.0141919	-1	-1	3
581	0.603786	61.5206	47	1.30895	0.365713	0.0278872	-1	-1	3
582	0.603786	77.3164	47	1.64503	0.206707	0.0236289	-1	-1	3
583	0.603786	60.4931	47	1.28709	0.0523819	0.0198797	-1	-1	3
584	0.603786	77.5219	47	1.6494	0.0639915	0.0201837	-1	-1	3
585	0.603786	66.8586	47	1.42252	0.058112	0.0200687	-1	-1	3
586	0.603786	40.928	47	0.870809	-0.00653657	0.018576	-1	-1	3
587	0.603786	44.8903	47	0.955112	-0.0300343	0.0180246	-1	-1	3
588	0.603786	47.8189	47	1.01742	-0.0326043	0.0179986	-1	-1	3
589	0.603786	54.8491	47	1.167	-0.0494956	0.0176175	-1	-1	3
590	0.603786	46.0034	47	0.978796	-0.0694826	0.0171428	-1	-1	3
591	0.603786	46.368	47	0.986553	-0.112655	0.0162201	-1	-1	3
592	0.603786	49.3379	47	1.04974	-0.133514	0.0157974	-1	-1	3
593	0.603786	47.7755	47	1.0165	-0.16095	0.0151959	-1	-1	3
594	0.603786	44.8627	47	0.954525	-0.126464	0.0159688	-1	-1	3
595	0.603786	41.3085	47	0.878903	-0.231188	0.0138555	-1	-1	3
596	0.603786	43.8919	47	0.933869	-0.282351	0.012825	-1	-1	3
597	0.603786	52.0376	47	1.10718	-0.347794	0.0116782	-1	-1	3
598	0.603786	72.1315	47	1.53471	0.131874	0.0217855	-1	-1	3
599	0.603786	85.2336	47	1.81348	0.0654254	0.0201835	-1	-1	3
600	0.603786	53.7654	47	1.14395	-0.131846	0.0158161	-1	-1	3
601	0.603786	51.1507	47	1.08831	-0.139919	0.0156743	-1	-1	3
602	0.603786	46.4735	47	0.988798	-0.281303	0.0128551	-1	-1	3
603	0.603786	31.8079	47	0.676764	0.415994	0.0293716	-1	-1	3
604	0.603786	103.729	47	2.207	0.334208	0.0270055	-1	-1	3
605	0.603786	59.4263	47	1.26439	0.178415	0.0230012	-1	-1	3
