1	-11.5	0.0385	-2e-05	0	-11.5	0.0385	-2e-05	0
9	-11.5	0.043	-3e-05	0	-11.5	0.043	-3e-05	0
11	-11.5	0.0435	-3e-05	0	-11.5	0.0435	-3e-05	0
27	-11.5	0.051	-5e-05	0	-11.5	0.051	-5e-05	0
28	-11.5	0.0515	-5e-05	0	-11.5	0.0515	-5e-05	0
59	-11.25	0.039	-3e-05	0	-11.25	0.039	-3e-05	0
62	-11.25	0.0405	-3e-05	0	-11.25	0.0405	-3e-05	0
70	-11.25	0.0465	-4e-05	0	-11.25	0.0465	-4e-05	0
114	-11	0.0375	-3e-05	0	-11	0.0375	-3e-05	0
117	-11	0.0405	-3e-05	0	-11	0.0405	-3e-05	0
130	-11	0.047	-4e-05	0	-11	0.047	-4e-05	0
172	-10.75	0.04	-4e-05	0	-10.75	0.04	-4e-05	0
174	-10.75	0.041	-4e-05	0	-10.75	0.041	-4e-05	0
176	-10.75	0.042	-3e-05	0	-10.75	0.042	-3e-05	0
181	-10.75	0.045	-4e-05	0	-10.75	0.045	-4e-05	0
199	-10.75	0.058	-6e-05	0	-10.75	0.058	-6e-05	0
206	-10.75	0.064	-6e-05	0	-10.75	0.064	-6e-05	0
213	-10.5	0.03	-2e-05	0	-10.5	0.03	-2e-05	0
236	-10.5	0.0415	-4e-05	0	-10.5	0.0415	-4e-05	0
250	-10.5	0.0495	-4e-05	0	-10.5	0.0495	-4e-05	0
310	-10.25	0.0485	-4e-05	0	-10.25	0.0485	-4e-05	0
315	-10.25	0.051	-6e-05	0	-10.25	0.051	-6e-05	0
317	-10.25	0.051	-4e-05	0	-10.25	0.051	-4e-05	0
318	-10.25	0.052	-5e-05	0	-10.25	0.052	-5e-05	0
321	-10.25	0.054	-5e-05	0	-10.25	0.054	-5e-05	0
347	-10	0.0345	-2e-05	0	-10	0.0345	-2e-05	0
356	-10	0.0405	-4e-05	0	-10	0.0405	-4e-05	0
362	-10	0.0425	-4e-05	0	-10	0.0425	-4e-05	0
371	-10	0.049	-4e-05	0	-10	0.049	-4e-05	0
377	-10	0.057	-5e-05	0	-10	0.057	-5e-05	0
397	-9.75	0.0285	-2e-05	0	-9.75	0.0285	-2e-05	0
407	-9.75	0.0345	-2e-05	0	-9.75	0.0345	-2e-05	0
413	-9.75	0.0385	-3e-05	0	-9.75	0.0385	-3e-05	0
417	-9.75	0.04	-3e-05	0	-9.75	0.04	-3e-05	0
419	-9.75	0.0415	-5e-05	0	-9.75	0.0415	-5e-05	0
421	-9.75	0.0415	-3e-05	0	-9.75	0.0415	-3e-05	0
460	-9.5	0.028	-2e-05	0	-9.5	0.028	-2e-05	0
466	-9.5	0.034	-3e-05	0	-9.5	0.034	-3e-05	0
468	-9.5	0.036	-3e-05	0	-9.5	0.036	-3e-05	0
477	-9.5	0.0415	-4e-05	0	-9.5	0.0415	-4e-05	0
479	-9.5	0.0425	-4e-05	0	-9.5	0.0425	-4e-05	0
481	-9.5	0.044	-5e-05	0	-9.5	0.044	-5e-05	0
528	-9.25	0.031	-2e-05	0	-9.25	0.031	-2e-05	0
531	-9.25	0.034	-3e-05	0	-9.25	0.034	-3e-05	0
538	-9.25	0.0375	-4e-05	0	-9.25	0.0375	-4e-05	0
543	-9.25	0.04	-4e-05	0	-9.25	0.04	-4e-05	0
552	-9.25	0.05	-5e-05	0	-9.25	0.05	-5e-05	0
556	-9.25	0.054	-5e-05	0	-9.25	0.054	-5e-05	0
558	-9.25	0.0555	-5e-05	0	-9.25	0.0555	-5e-05	0
580	-9	0.032	-2e-05	0	-9	0.032	-2e-05	0
583	-9	0.034	-2e-05	0	-9	0.034	-2e-05	0
596	-9	0.041	-4e-05	0	-9	0.041	-4e-05	0
609	-9	0.0475	-4e-05	0	-9	0.0475	-4e-05	0
641	-8.75	0.0265	-2e-05	0	-8.75	0.0265	-2e-05	0
651	-8.75	0.0305	-2e-05	0	-8.75	0.0305	-2e-05	0
668	-8.75	0.039	-4e-05	0	-8.75	0.039	-4e-05	0
681	-8.75	0.046	-4e-05	0	-8.75	0.046	-4e-05	0
686	-8.75	0.051	-5e-05	0	-8.75	0.051	-5e-05	0
727	-8.5	0.0355	-3e-05	0	-8.5	0.0355	-3e-05	0
728	-8.5	0.0365	-4e-05	0	-8.5	0.0365	-4e-05	0
735	-8.5	0.0395	-4e-05	0	-8.5	0.0395	-4e-05	0
736	-8.5	0.04	-4e-05	0	-8.5	0.04	-4e-05	0
738	-8.5	0.0405	-3e-05	0	-8.5	0.0405	-3e-05	0
747	-8.5	0.047	-4e-05	0	-8.5	0.047	-4e-05	0
750	-8.5	0.0485	-5e-05	0	-8.5	0.0485	-5e-05	0
757	-8.5	0.0555	-6e-05	0	-8.5	0.0555	-6e-05	0
764	-8.5	0.062	-6e-05	0	-8.5	0.062	-6e-05	0
787	-8.25	0.029	-2e-05	0	-8.25	0.029	-2e-05	0
797	-8.25	0.0335	-2e-05	0	-8.25	0.0335	-2e-05	0
800	-8.25	0.036	-3e-05	0	-8.25	0.036	-3e-05	0
803	-8.25	0.0375	-4e-05	0	-8.25	0.0375	-4e-05	0
810	-8.25	0.0455	-5e-05	0	-8.25	0.0455	-5e-05	0
811	-8.25	0.0455	-4e-05	0	-8.25	0.0455	-4e-05	0
812	-8.25	0.046	-5e-05	0	-8.25	0.046	-5e-05	0
823	-8.25	0.053	-7e-05	0	-8.25	0.053	-7e-05	0
848	-8	0.024	-1e-05	0	-8	0.024	-1e-05	0
856	-8	0.0285	-2e-05	0	-8	0.0285	-2e-05	0
862	-8	0.03	-2e-05	0	-8	0.03	-2e-05	0
873	-8	0.037	-3e-05	0	-8	0.037	-3e-05	0
878	-8	0.0395	-4e-05	0	-8	0.0395	-4e-05	0
880	-8	0.04	-4e-05	0	-8	0.04	-4e-05	0
886	-8	0.044	-4e-05	0	-8	0.044	-4e-05	0
890	-8	0.0455	-4e-05	0	-8	0.0455	-4e-05	0
900	-8	0.052	-6e-05	0	-8	0.052	-6e-05	0
901	-8	0.0545	-6e-05	0	-8	0.0545	-6e-05	0
906	-7.75	0.012	0	0	-7.75	0.012	0	0
917	-7.75	0.018	-1e-05	0	-7.75	0.018	-1e-05	0
921	-7.75	0.0215	-2e-05	0	-7.75	0.0215	-2e-05	0
931	-7.75	0.0265	-2e-05	0	-7.75	0.0265	-2e-05	0
940	-7.75	0.033	-3e-05	0	-7.75	0.033	-3e-05	0
968	-7.5	0.016	-1e-05	0	-7.5	0.016	-1e-05	0
969	-7.5	0.016	0	0	-7.5	0.016	0	0
978	-7.5	0.0245	-2e-05	0	-7.5	0.0245	-2e-05	0
993	-7.5	0.033	-3e-05	0	-7.5	0.033	-3e-05	0
994	-7.5	0.0335	-3e-05	0	-7.5	0.0335	-3e-05	0
996	-7.5	0.0345	-4e-05	0	-7.5	0.0345	-4e-05	0
998	-7.5	0.035	-3e-05	0	-7.5	0.035	-3e-05	0
1003	-7.5	0.038	-4e-05	0	-7.5	0.038	-4e-05	0
1007	-7.5	0.039	-5e-05	0	-7.5	0.039	-5e-05	0
1009	-7.5	0.04	-4e-05	0	-7.5	0.04	-4e-05	0
1010	-7.5	0.0405	-4e-05	0	-7.5	0.0405	-4e-05	0
1017	-7.5	0.0445	-4e-05	0	-7.5	0.0445	-4e-05	0
1055	-7.25	0.0255	-2e-05	0	-7.25	0.0255	-2e-05	0
1061	-7.25	0.0285	-2e-05	0	-7.25	0.0285	-2e-05	0
1062	-7.25	0.029	-3e-05	0	-7.25	0.029	-3e-05	0
1065	-7.25	0.0295	-2e-05	0	-7.25	0.0295	-2e-05	0
1072	-7.25	0.033	-3e-05	0	-7.25	0.033	-3e-05	0
1076	-7.25	0.0345	-3e-05	0	-7.25	0.0345	-3e-05	0
1085	-7.25	0.0435	-5e-05	0	-7.25	0.0435	-5e-05	0
1093	-7.25	0.05	-6e-05	0	-7.25	0.05	-6e-05	0
1107	-7	0.01	0	0	-7	0.01	0	0
1138	-7	0.0285	-3e-05	0	-7	0.0285	-3e-05	0
1141	-7	0.0295	-3e-05	0	-7	0.0295	-3e-05	0
1143	-7	0.031	-3e-05	0	-7	0.031	-3e-05	0
1149	-7	0.034	-3e-05	0	-7	0.034	-3e-05	0
1155	-7	0.0385	-4e-05	0	-7	0.0385	-4e-05	0
1158	-7	0.0405	-4e-05	0	-7	0.0405	-4e-05	0
1167	-7	0.0465	-4e-05	0	-7	0.0465	-4e-05	0
1172	-7	0.0505	-5e-05	0	-7	0.0505	-5e-05	0
1177	-6.75	0.0065	0	0	-6.75	0.0065	0	0
1181	-6.75	0.013	-1e-05	0	-6.75	0.013	-1e-05	0
1186	-6.75	0.0165	-1e-05	0	-6.75	0.0165	-1e-05	0
1199	-6.75	0.024	-1e-05	0	-6.75	0.024	-1e-05	0
1222	-6.75	0.033	-3e-05	0	-6.75	0.033	-3e-05	0
1227	-6.75	0.035	-4e-05	0	-6.75	0.035	-4e-05	0
1228	-6.75	0.036	-4e-05	0	-6.75	0.036	-4e-05	0
1231	-6.75	0.037	-3e-05	0	-6.75	0.037	-3e-05	0
1234	-6.75	0.0385	-4e-05	0	-6.75	0.0385	-4e-05	0
1236	-6.75	0.039	-4e-05	0	-6.75	0.039	-4e-05	0
1239	-6.75	0.0415	-4e-05	0	-6.75	0.0415	-4e-05	0
1244	-6.75	0.0445	-5e-05	0	-6.75	0.0445	-5e-05	0
1256	-6.5	0.01	0	0	-6.5	0.01	0	0
1265	-6.5	0.016	-1e-05	0	-6.5	0.016	-1e-05	0
1278	-6.5	0.0225	-3e-05	0	-6.5	0.0225	-3e-05	0
1282	-6.5	0.0235	-2e-05	0	-6.5	0.0235	-2e-05	0
1288	-6.5	0.026	-2e-05	0	-6.5	0.026	-2e-05	0
1289	-6.5	0.027	-2e-05	0	-6.5	0.027	-2e-05	0
1290	-6.5	0.0275	-2e-05	0	-6.5	0.0275	-2e-05	0
1298	-6.5	0.035	-3e-05	0	-6.5	0.035	-3e-05	0
1301	-6.5	0.037	-3e-05	0	-6.5	0.037	-3e-05	0
1302	-6.5	0.038	-4e-05	0	-6.5	0.038	-4e-05	0
1303	-6.5	0.038	-3e-05	0	-6.5	0.038	-3e-05	0
1326	-6.25	0.011	0	0	-6.25	0.011	0	0
1337	-6.25	0.018	-1e-05	0	-6.25	0.018	-1e-05	0
1341	-6.25	0.02	-2e-05	0	-6.25	0.02	-2e-05	0
1343	-6.25	0.021	-2e-05	0	-6.25	0.021	-2e-05	0
1345	-6.25	0.0215	-1e-05	0	-6.25	0.0215	-1e-05	0
1349	-6.25	0.0235	-1e-05	0	-6.25	0.0235	-1e-05	0
1351	-6.25	0.0245	-2e-05	0	-6.25	0.0245	-2e-05	0
1357	-6.25	0.027	-2e-05	0	-6.25	0.027	-2e-05	0
1359	-6.25	0.0275	-2e-05	0	-6.25	0.0275	-2e-05	0
1362	-6.25	0.0285	-3e-05	0	-6.25	0.0285	-3e-05	0
1363	-6.25	0.029	-4e-05	0	-6.25	0.029	-4e-05	0
1368	-6.25	0.0305	-3e-05	0	-6.25	0.0305	-3e-05	0
1369	-6.25	0.0315	-3e-05	0	-6.25	0.0315	-3e-05	0
1376	-6.25	0.037	-3e-05	0	-6.25	0.037	-3e-05	0
1382	-6.25	0.04	-4e-05	0	-6.25	0.04	-4e-05	0
1383	-6.25	0.0405	-4e-05	0	-6.25	0.0405	-4e-05	0
1409	-6	0.0135	0	0	-6	0.0135	0	0
1422	-6	0.02	-1e-05	0	-6	0.02	-1e-05	0
1429	-6	0.0245	-2e-05	0	-6	0.0245	-2e-05	0
1431	-6	0.025	-2e-05	0	-6	0.025	-2e-05	0
1434	-6	0.026	-2e-05	0	-6	0.026	-2e-05	0
1438	-6	0.027	-3e-05	0	-6	0.027	-3e-05	0
1439	-6	0.027	-2e-05	0	-6	0.027	-2e-05	0
1443	-6	0.0285	-2e-05	0	-6	0.0285	-2e-05	0
1444	-6	0.029	-3e-05	0	-6	0.029	-3e-05	0
1445	-6	0.0295	-3e-05	0	-6	0.0295	-3e-05	0
1447	-6	0.032	-3e-05	0	-6	0.032	-3e-05	0
1453	-6	0.035	-4e-05	0	-6	0.035	-4e-05	0
1473	-6	0.053	-6e-05	0	-6	0.053	-6e-05	0
1479	-5.75	-0.0005	1e-05	0	-5.75	-0.0005	1e-05	0
1497	-5.75	0.0155	-1e-05	0	-5.75	0.0155	-1e-05	0
1503	-5.75	0.0185	-1e-05	0	-5.75	0.0185	-1e-05	0
1505	-5.75	0.0205	-2e-05	0	-5.75	0.0205	-2e-05	0
1507	-5.75	0.0215	-2e-05	0	-5.75	0.0215	-2e-05	0
1509	-5.75	0.0225	-2e-05	0	-5.75	0.0225	-2e-05	0
1510	-5.75	0.023	-2e-05	0	-5.75	0.023	-2e-05	0
1511	-5.75	0.0235	-2e-05	0	-5.75	0.0235	-2e-05	0
1514	-5.75	0.0255	-2e-05	0	-5.75	0.0255	-2e-05	0
1516	-5.75	0.026	-2e-05	0	-5.75	0.026	-2e-05	0
1519	-5.75	0.027	-2e-05	0	-5.75	0.027	-2e-05	0
1520	-5.75	0.0275	-3e-05	0	-5.75	0.0275	-3e-05	0
1526	-5.75	0.0295	-3e-05	0	-5.75	0.0295	-3e-05	0
1528	-5.75	0.031	-3e-05	0	-5.75	0.031	-3e-05	0
1536	-5.75	0.0365	-3e-05	0	-5.75	0.0365	-3e-05	0
1539	-5.75	0.0395	-4e-05	0	-5.75	0.0395	-4e-05	0
1553	-5.5	0.0045	0	0	-5.5	0.0045	0	0
1558	-5.5	0.0085	1e-05	0	-5.5	0.0085	1e-05	0
1564	-5.5	0.014	-1e-05	0	-5.5	0.014	-1e-05	0
1570	-5.5	0.018	-1e-05	0	-5.5	0.018	-1e-05	0
1576	-5.5	0.0215	-2e-05	0	-5.5	0.0215	-2e-05	0
1579	-5.5	0.0235	-2e-05	0	-5.5	0.0235	-2e-05	0
1581	-5.5	0.024	-2e-05	0	-5.5	0.024	-2e-05	0
1583	-5.5	0.025	-3e-05	0	-5.5	0.025	-3e-05	0
1584	-5.5	0.025	-2e-05	0	-5.5	0.025	-2e-05	0
1590	-5.5	0.0275	-3e-05	0	-5.5	0.0275	-3e-05	0
1591	-5.5	0.028	-3e-05	0	-5.5	0.028	-3e-05	0
1595	-5.5	0.0305	-3e-05	0	-5.5	0.0305	-3e-05	0
1596	-5.5	0.031	-3e-05	0	-5.5	0.031	-3e-05	0
1598	-5.5	0.0315	-3e-05	0	-5.5	0.0315	-3e-05	0
1602	-5.5	0.033	-3e-05	0	-5.5	0.033	-3e-05	0
1609	-5.5	0.036	-5e-05	0	-5.5	0.036	-5e-05	0
1610	-5.5	0.036	-4e-05	0	-5.5	0.036	-4e-05	0
1621	-5.5	0.041	-3e-05	0	-5.5	0.041	-3e-05	0
1622	-5.5	0.0415	-6e-05	0	-5.5	0.0415	-6e-05	0
1623	-5.5	0.0415	-4e-05	0	-5.5	0.0415	-4e-05	0
1640	-5.25	0.0085	-1e-05	0	-5.25	0.0085	-1e-05	0
1645	-5.25	0.011	0	0	-5.25	0.011	0	0
1650	-5.25	0.013	-1e-05	0	-5.25	0.013	-1e-05	0
1654	-5.25	0.015	-1e-05	0	-5.25	0.015	-1e-05	0
1656	-5.25	0.016	-1e-05	0	-5.25	0.016	-1e-05	0
1659	-5.25	0.0185	-1e-05	0	-5.25	0.0185	-1e-05	0
1662	-5.25	0.0195	-2e-05	0	-5.25	0.0195	-2e-05	0
1663	-5.25	0.02	-2e-05	0	-5.25	0.02	-2e-05	0
1664	-5.25	0.0205	-2e-05	0	-5.25	0.0205	-2e-05	0
1666	-5.25	0.021	-1e-05	0	-5.25	0.021	-1e-05	0
1667	-5.25	0.0215	-2e-05	0	-5.25	0.0215	-2e-05	0
1668	-5.25	0.0215	-1e-05	0	-5.25	0.0215	-1e-05	0
1673	-5.25	0.0235	-3e-05	0	-5.25	0.0235	-3e-05	0
1676	-5.25	0.0245	-3e-05	0	-5.25	0.0245	-3e-05	0
1680	-5.25	0.026	-2e-05	0	-5.25	0.026	-2e-05	0
1684	-5.25	0.0275	-2e-05	0	-5.25	0.0275	-2e-05	0
1685	-5.25	0.029	-3e-05	0	-5.25	0.029	-3e-05	0
1688	-5.25	0.0295	-2e-05	0	-5.25	0.0295	-2e-05	0
1691	-5.25	0.0305	-3e-05	0	-5.25	0.0305	-3e-05	0
1695	-5.25	0.0315	-2e-05	0	-5.25	0.0315	-2e-05	0
1701	-5.25	0.0345	-3e-05	0	-5.25	0.0345	-3e-05	0
1714	-5.25	0.045	-4e-05	0	-5.25	0.045	-4e-05	0
1734	-5	0.0115	-1e-05	0	-5	0.0115	-1e-05	0
1742	-5	0.0145	-1e-05	0	-5	0.0145	-1e-05	0
1745	-5	0.0175	-1e-05	0	-5	0.0175	-1e-05	0
1747	-5	0.019	-2e-05	0	-5	0.019	-2e-05	0
1748	-5	0.0195	-2e-05	0	-5	0.0195	-2e-05	0
1751	-5	0.0205	-2e-05	0	-5	0.0205	-2e-05	0
1753	-5	0.021	-3e-05	0	-5	0.021	-3e-05	0
1754	-5	0.021	-2e-05	0	-5	0.021	-2e-05	0
1756	-5	0.022	-2e-05	0	-5	0.022	-2e-05	0
1760	-5	0.0235	-2e-05	0	-5	0.0235	-2e-05	0
1765	-5	0.0245	-3e-05	0	-5	0.0245	-3e-05	0
1766	-5	0.0245	-2e-05	0	-5	0.0245	-2e-05	0
1769	-5	0.026	-2e-05	0	-5	0.026	-2e-05	0
1771	-5	0.0265	-2e-05	0	-5	0.0265	-2e-05	0
1774	-5	0.0285	-3e-05	0	-5	0.0285	-3e-05	0
1783	-5	0.0325	-3e-05	0	-5	0.0325	-3e-05	0
1825	-4.75	0.009	0	0	-4.75	0.009	0	0
1827	-4.75	0.0095	0	0	-4.75	0.0095	0	0
1830	-4.75	0.012	-1e-05	0	-4.75	0.012	-1e-05	0
1834	-4.75	0.013	-1e-05	0	-4.75	0.013	-1e-05	0
1836	-4.75	0.0135	0	0	-4.75	0.0135	0	0
1839	-4.75	0.015	-1e-05	0	-4.75	0.015	-1e-05	0
1841	-4.75	0.016	-1e-05	0	-4.75	0.016	-1e-05	0
1844	-4.75	0.0185	-1e-05	0	-4.75	0.0185	-1e-05	0
1849	-4.75	0.0215	-2e-05	0	-4.75	0.0215	-2e-05	0
1850	-4.75	0.0225	-2e-05	0	-4.75	0.0225	-2e-05	0
1852	-4.75	0.023	-2e-05	0	-4.75	0.023	-2e-05	0
1854	-4.75	0.024	-3e-05	0	-4.75	0.024	-3e-05	0
1855	-4.75	0.024	-2e-05	0	-4.75	0.024	-2e-05	0
1862	-4.75	0.0275	-3e-05	0	-4.75	0.0275	-3e-05	0
1866	-4.75	0.0295	-3e-05	0	-4.75	0.0295	-3e-05	0
1873	-4.75	0.0325	-4e-05	0	-4.75	0.0325	-4e-05	0
1881	-4.75	0.04	-4e-05	0	-4.75	0.04	-4e-05	0
1889	-4.75	0.047	-5e-05	0	-4.75	0.047	-5e-05	0
1895	-4.5	0.006	0	0	-4.5	0.006	0	0
1897	-4.5	0.0075	1e-05	0	-4.5	0.0075	1e-05	0
1899	-4.5	0.0085	0	0	-4.5	0.0085	0	0
1912	-4.5	0.015	-1e-05	0	-4.5	0.015	-1e-05	0
1916	-4.5	0.0175	-2e-05	0	-4.5	0.0175	-2e-05	0
1918	-4.5	0.0195	-2e-05	0	-4.5	0.0195	-2e-05	0
1919	-4.5	0.02	-2e-05	0	-4.5	0.02	-2e-05	0
1921	-4.5	0.0205	-2e-05	0	-4.5	0.0205	-2e-05	0
1923	-4.5	0.0215	-2e-05	0	-4.5	0.0215	-2e-05	0
1924	-4.5	0.022	-2e-05	0	-4.5	0.022	-2e-05	0
1928	-4.5	0.0235	-2e-05	0	-4.5	0.0235	-2e-05	0
1931	-4.5	0.024	-2e-05	0	-4.5	0.024	-2e-05	0
1938	-4.5	0.028	-4e-05	0	-4.5	0.028	-4e-05	0
1972	-4.25	0.0115	-1e-05	0	-4.25	0.0115	-1e-05	0
1974	-4.25	0.013	-1e-05	0	-4.25	0.013	-1e-05	0
1975	-4.25	0.0135	-1e-05	0	-4.25	0.0135	-1e-05	0
1977	-4.25	0.014	-1e-05	0	-4.25	0.014	-1e-05	0
1979	-4.25	0.0145	-1e-05	0	-4.25	0.0145	-1e-05	0
1989	-4.25	0.018	-2e-05	0	-4.25	0.018	-2e-05	0
1990	-4.25	0.018	-1e-05	0	-4.25	0.018	-1e-05	0
1991	-4.25	0.0185	-2e-05	0	-4.25	0.0185	-2e-05	0
1994	-4.25	0.0195	-2e-05	0	-4.25	0.0195	-2e-05	0
1995	-4.25	0.02	-2e-05	0	-4.25	0.02	-2e-05	0
1996	-4.25	0.0205	-2e-05	0	-4.25	0.0205	-2e-05	0
2005	-4.25	0.0245	-3e-05	0	-4.25	0.0245	-3e-05	0
2006	-4.25	0.0245	-2e-05	0	-4.25	0.0245	-2e-05	0
2010	-4.25	0.026	-2e-05	0	-4.25	0.026	-2e-05	0
2015	-4.25	0.029	-3e-05	0	-4.25	0.029	-3e-05	0
2016	-4.25	0.0295	-3e-05	0	-4.25	0.0295	-3e-05	0
2029	-4.25	0.035	-5e-05	0	-4.25	0.035	-5e-05	0
2039	-4.25	0.042	-4e-05	0	-4.25	0.042	-4e-05	0
2056	-4	0.003	1e-05	0	-4	0.003	1e-05	0
2058	-4	0.0045	0	0	-4	0.0045	0	0
2064	-4	0.008	0	0	-4	0.008	0	0
2066	-4	0.009	-1e-05	0	-4	0.009	-1e-05	0
2067	-4	0.009	0	0	-4	0.009	0	0
2068	-4	0.0095	-1e-05	0	-4	0.0095	-1e-05	0
2072	-4	0.011	0	0	-4	0.011	0	0
2076	-4	0.0125	-1e-05	0	-4	0.0125	-1e-05	0
2078	-4	0.013	-1e-05	0	-4	0.013	-1e-05	0
2079	-4	0.014	-1e-05	0	-4	0.014	-1e-05	0
2082	-4	0.0145	-1e-05	0	-4	0.0145	-1e-05	0
2084	-4	0.015	-1e-05	0	-4	0.015	-1e-05	0
2087	-4	0.017	-2e-05	0	-4	0.017	-2e-05	0
2090	-4	0.018	-2e-05	0	-4	0.018	-2e-05	0
2091	-4	0.018	-1e-05	0	-4	0.018	-1e-05	0
2092	-4	0.019	-2e-05	0	-4	0.019	-2e-05	0
2094	-4	0.0195	-2e-05	0	-4	0.0195	-2e-05	0
2095	-4	0.02	-2e-05	0	-4	0.02	-2e-05	0
2096	-4	0.0205	-3e-05	0	-4	0.0205	-3e-05	0
2099	-4	0.0215	-2e-05	0	-4	0.0215	-2e-05	0
2104	-4	0.024	-2e-05	0	-4	0.024	-2e-05	0
2108	-4	0.0265	-2e-05	0	-4	0.0265	-2e-05	0
2114	-4	0.0285	-2e-05	0	-4	0.0285	-2e-05	0
2118	-4	0.03	-3e-05	0	-4	0.03	-3e-05	0
2161	-3.75	0.0125	-1e-05	0	-3.75	0.0125	-1e-05	0
2163	-3.75	0.013	-1e-05	0	-3.75	0.013	-1e-05	0
2165	-3.75	0.0135	-1e-05	0	-3.75	0.0135	-1e-05	0
2166	-3.75	0.0145	-1e-05	0	-3.75	0.0145	-1e-05	0
2168	-3.75	0.0155	-1e-05	0	-3.75	0.0155	-1e-05	0
2170	-3.75	0.017	-1e-05	0	-3.75	0.017	-1e-05	0
2174	-3.75	0.0185	-2e-05	0	-3.75	0.0185	-2e-05	0
2175	-3.75	0.019	-2e-05	0	-3.75	0.019	-2e-05	0
2177	-3.75	0.0195	-2e-05	0	-3.75	0.0195	-2e-05	0
2179	-3.75	0.0205	-2e-05	0	-3.75	0.0205	-2e-05	0
2192	-3.75	0.027	-3e-05	0	-3.75	0.027	-3e-05	0
2197	-3.75	0.029	-3e-05	0	-3.75	0.029	-3e-05	0
2198	-3.75	0.0295	-3e-05	0	-3.75	0.0295	-3e-05	0
2215	-3.5	-0.007	2e-05	0	-3.5	-0.007	2e-05	0
2217	-3.5	-0.001	1e-05	0	-3.5	-0.001	1e-05	0
2225	-3.5	0.004	0	0	-3.5	0.004	0	0
2228	-3.5	0.0055	0	0	-3.5	0.0055	0	0
2231	-3.5	0.0065	-1e-05	0	-3.5	0.0065	-1e-05	0
2235	-3.5	0.0075	0	0	-3.5	0.0075	0	0
2237	-3.5	0.0095	-1e-05	0	-3.5	0.0095	-1e-05	0
2238	-3.5	0.01	-1e-05	0	-3.5	0.01	-1e-05	0
2242	-3.5	0.0115	-1e-05	0	-3.5	0.0115	-1e-05	0
2243	-3.5	0.012	-1e-05	0	-3.5	0.012	-1e-05	0
2245	-3.5	0.013	-1e-05	0	-3.5	0.013	-1e-05	0
2246	-3.5	0.0135	-1e-05	0	-3.5	0.0135	-1e-05	0
2248	-3.5	0.014	-1e-05	0	-3.5	0.014	-1e-05	0
2249	-3.5	0.0145	-1e-05	0	-3.5	0.0145	-1e-05	0
2253	-3.5	0.018	-2e-05	0	-3.5	0.018	-2e-05	0
2254	-3.5	0.018	-1e-05	0	-3.5	0.018	-1e-05	0
2255	-3.5	0.0185	-2e-05	0	-3.5	0.0185	-2e-05	0
2256	-3.5	0.0195	-2e-05	0	-3.5	0.0195	-2e-05	0
2258	-3.5	0.0205	-2e-05	0	-3.5	0.0205	-2e-05	0
2267	-3.5	0.024	-2e-05	0	-3.5	0.024	-2e-05	0
2269	-3.5	0.025	-3e-05	0	-3.5	0.025	-3e-05	0
2270	-3.5	0.025	-2e-05	0	-3.5	0.025	-2e-05	0
2272	-3.5	0.0265	-4e-05	0	-3.5	0.0265	-4e-05	0
2276	-3.5	0.0285	-4e-05	0	-3.5	0.0285	-4e-05	0
2288	-3.5	0.0315	-3e-05	0	-3.5	0.0315	-3e-05	0
2307	-3.25	-0.0015	1e-05	0	-3.25	-0.0015	1e-05	0
2308	-3.25	-0.001	-1e-05	0	-3.25	-0.001	-1e-05	0
2309	-3.25	0.001	0	0	-3.25	0.001	0	0
2310	-3.25	0.0015	1e-05	0	-3.25	0.0015	1e-05	0
2312	-3.25	0.0025	0	0	-3.25	0.0025	0	0
2317	-3.25	0.0045	0	0	-3.25	0.0045	0	0
2318	-3.25	0.005	0	0	-3.25	0.005	0	0
2320	-3.25	0.0055	0	0	-3.25	0.0055	0	0
2325	-3.25	0.0085	-1e-05	0	-3.25	0.0085	-1e-05	0
2326	-3.25	0.0085	0	0	-3.25	0.0085	0	0
2329	-3.25	0.009	0	0	-3.25	0.009	0	0
2330	-3.25	0.0095	-1e-05	0	-3.25	0.0095	-1e-05	0
2332	-3.25	0.01	0	0	-3.25	0.01	0	0
2333	-3.25	0.0105	-1e-05	0	-3.25	0.0105	-1e-05	0
2334	-3.25	0.011	0	0	-3.25	0.011	0	0
2335	-3.25	0.0115	-1e-05	0	-3.25	0.0115	-1e-05	0
2338	-3.25	0.012	-1e-05	0	-3.25	0.012	-1e-05	0
2339	-3.25	0.0125	-1e-05	0	-3.25	0.0125	-1e-05	0
2340	-3.25	0.013	-1e-05	0	-3.25	0.013	-1e-05	0
2341	-3.25	0.0135	-1e-05	0	-3.25	0.0135	-1e-05	0
2343	-3.25	0.014	-1e-05	0	-3.25	0.014	-1e-05	0
2344	-3.25	0.0145	-1e-05	0	-3.25	0.0145	-1e-05	0
2347	-3.25	0.0155	-2e-05	0	-3.25	0.0155	-2e-05	0
2348	-3.25	0.0155	-1e-05	0	-3.25	0.0155	-1e-05	0
2349	-3.25	0.0165	-2e-05	0	-3.25	0.0165	-2e-05	0
2350	-3.25	0.017	-2e-05	0	-3.25	0.017	-2e-05	0
2352	-3.25	0.018	-2e-05	0	-3.25	0.018	-2e-05	0
2354	-3.25	0.0185	-1e-05	0	-3.25	0.0185	-1e-05	0
2356	-3.25	0.0195	-2e-05	0	-3.25	0.0195	-2e-05	0
2357	-3.25	0.02	-2e-05	0	-3.25	0.02	-2e-05	0
2360	-3.25	0.021	-2e-05	0	-3.25	0.021	-2e-05	0
2362	-3.25	0.0215	-2e-05	0	-3.25	0.0215	-2e-05	0
2370	-3.25	0.0245	-3e-05	0	-3.25	0.0245	-3e-05	0
2373	-3.25	0.0255	-3e-05	0	-3.25	0.0255	-3e-05	0
2375	-3.25	0.026	-3e-05	0	-3.25	0.026	-3e-05	0
2380	-3.25	0.0275	-3e-05	0	-3.25	0.0275	-3e-05	0
2383	-3.25	0.0285	-4e-05	0	-3.25	0.0285	-4e-05	0
2384	-3.25	0.0285	-3e-05	0	-3.25	0.0285	-3e-05	0
2403	-3	-0.004	1e-05	0	-3	-0.004	1e-05	0
2407	-3	-0.0015	1e-05	0	-3	-0.0015	1e-05	0
2408	-3	0	1e-05	0	-3	0	1e-05	0
2411	-3	0.002	0	0	-3	0.002	0	0
2414	-3	0.0035	0	0	-3	0.0035	0	0
2415	-3	0.0045	0	0	-3	0.0045	0	0
2422	-3	0.0075	0	0	-3	0.0075	0	0
2423	-3	0.008	-1e-05	0	-3	0.008	-1e-05	0
2424	-3	0.0085	-1e-05	0	-3	0.0085	-1e-05	0
2425	-3	0.0095	-1e-05	0	-3	0.0095	-1e-05	0
2426	-3	0.01	-1e-05	0	-3	0.01	-1e-05	0
2428	-3	0.0105	-1e-05	0	-3	0.0105	-1e-05	0
2429	-3	0.011	-1e-05	0	-3	0.011	-1e-05	0
2433	-3	0.0125	-1e-05	0	-3	0.0125	-1e-05	0
2434	-3	0.0135	-2e-05	0	-3	0.0135	-2e-05	0
2435	-3	0.0135	-1e-05	0	-3	0.0135	-1e-05	0
2436	-3	0.014	-1e-05	0	-3	0.014	-1e-05	0
2438	-3	0.0145	-1e-05	0	-3	0.0145	-1e-05	0
2442	-3	0.016	-2e-05	0	-3	0.016	-2e-05	0
2443	-3	0.016	-1e-05	0	-3	0.016	-1e-05	0
2444	-3	0.017	-2e-05	0	-3	0.017	-2e-05	0
2445	-3	0.017	-1e-05	0	-3	0.017	-1e-05	0
2448	-3	0.019	-2e-05	0	-3	0.019	-2e-05	0
2451	-3	0.0195	-2e-05	0	-3	0.0195	-2e-05	0
2452	-3	0.02	-2e-05	0	-3	0.02	-2e-05	0
2456	-3	0.021	-3e-05	0	-3	0.021	-3e-05	0
2459	-3	0.0215	-2e-05	0	-3	0.0215	-2e-05	0
2473	-3	0.0285	-3e-05	0	-3	0.0285	-3e-05	0
2475	-3	0.0305	-4e-05	0	-3	0.0305	-4e-05	0
2490	-2.75	-0.003	1e-05	0	-2.75	-0.003	1e-05	0
2494	-2.75	0.0005	0	0	-2.75	0.0005	0	0
2495	-2.75	0.001	1e-05	0	-2.75	0.001	1e-05	0
2496	-2.75	0.002	0	0	-2.75	0.002	0	0
2498	-2.75	0.0025	0	0	-2.75	0.0025	0	0
2503	-2.75	0.004	0	0	-2.75	0.004	0	0
2506	-2.75	0.0055	0	0	-2.75	0.0055	0	0
2510	-2.75	0.0085	-1e-05	0	-2.75	0.0085	-1e-05	0
2511	-2.75	0.0085	0	0	-2.75	0.0085	0	0
2512	-2.75	0.009	-1e-05	0	-2.75	0.009	-1e-05	0
2513	-2.75	0.0095	-1e-05	0	-2.75	0.0095	-1e-05	0
2514	-2.75	0.01	-1e-05	0	-2.75	0.01	-1e-05	0
2522	-2.75	0.0125	-1e-05	0	-2.75	0.0125	-1e-05	0
2523	-2.75	0.0135	-2e-05	0	-2.75	0.0135	-2e-05	0
2524	-2.75	0.0135	-1e-05	0	-2.75	0.0135	-1e-05	0
2525	-2.75	0.014	-2e-05	0	-2.75	0.014	-2e-05	0
2526	-2.75	0.014	-1e-05	0	-2.75	0.014	-1e-05	0
2527	-2.75	0.0145	-2e-05	0	-2.75	0.0145	-2e-05	0
2528	-2.75	0.0145	-1e-05	0	-2.75	0.0145	-1e-05	0
2531	-2.75	0.016	-2e-05	0	-2.75	0.016	-2e-05	0
2532	-2.75	0.0165	-2e-05	0	-2.75	0.0165	-2e-05	0
2533	-2.75	0.017	-2e-05	0	-2.75	0.017	-2e-05	0
2536	-2.75	0.018	-2e-05	0	-2.75	0.018	-2e-05	0
2538	-2.75	0.019	-2e-05	0	-2.75	0.019	-2e-05	0
2541	-2.75	0.021	-2e-05	0	-2.75	0.021	-2e-05	0
2543	-2.75	0.0215	-3e-05	0	-2.75	0.0215	-3e-05	0
2547	-2.75	0.0225	-2e-05	0	-2.75	0.0225	-2e-05	0
2548	-2.75	0.023	-2e-05	0	-2.75	0.023	-2e-05	0
2549	-2.75	0.024	-3e-05	0	-2.75	0.024	-3e-05	0
2550	-2.75	0.026	-3e-05	0	-2.75	0.026	-3e-05	0
2551	-2.75	0.026	-2e-05	0	-2.75	0.026	-2e-05	0
2552	-2.75	0.0265	-3e-05	0	-2.75	0.0265	-3e-05	0
2558	-2.75	0.029	-4e-05	0	-2.75	0.029	-4e-05	0
2575	-2.5	-0.007	1e-05	0	-2.5	-0.007	1e-05	0
2576	-2.5	-0.0055	1e-05	0	-2.5	-0.0055	1e-05	0
2582	-2.5	-0.002	1e-05	0	-2.5	-0.002	1e-05	0
2583	-2.5	-0.001	0	0	-2.5	-0.001	0	0
2585	-2.5	-0.0005	1e-05	0	-2.5	-0.0005	1e-05	0
2586	-2.5	0	0	0	-2.5	0	0	0
2589	-2.5	0.002	0	0	-2.5	0.002	0	0
2591	-2.5	0.0025	0	0	-2.5	0.0025	0	0
2593	-2.5	0.003	0	0	-2.5	0.003	0	0
2595	-2.5	0.0035	0	0	-2.5	0.0035	0	0
2596	-2.5	0.004	0	0	-2.5	0.004	0	0
2598	-2.5	0.006	-1e-05	0	-2.5	0.006	-1e-05	0
2601	-2.5	0.0085	-1e-05	0	-2.5	0.0085	-1e-05	0
2602	-2.5	0.009	-1e-05	0	-2.5	0.009	-1e-05	0
2604	-2.5	0.0095	-1e-05	0	-2.5	0.0095	-1e-05	0
2605	-2.5	0.0095	0	0	-2.5	0.0095	0	0
2610	-2.5	0.012	-1e-05	0	-2.5	0.012	-1e-05	0
2611	-2.5	0.0125	-1e-05	0	-2.5	0.0125	-1e-05	0
2613	-2.5	0.013	-2e-05	0	-2.5	0.013	-2e-05	0
2614	-2.5	0.013	-1e-05	0	-2.5	0.013	-1e-05	0
2618	-2.5	0.014	-1e-05	0	-2.5	0.014	-1e-05	0
2625	-2.5	0.0175	-2e-05	0	-2.5	0.0175	-2e-05	0
2626	-2.5	0.0185	-2e-05	0	-2.5	0.0185	-2e-05	0
2632	-2.5	0.0215	-3e-05	0	-2.5	0.0215	-3e-05	0
2636	-2.5	0.0235	-3e-05	0	-2.5	0.0235	-3e-05	0
2660	-2.25	-0.0055	1e-05	0	-2.25	-0.0055	1e-05	0
2664	-2.25	-0.002	1e-05	0	-2.25	-0.002	1e-05	0
2668	-2.25	-0.0005	1e-05	0	-2.25	-0.0005	1e-05	0
2672	-2.25	0.003	0	0	-2.25	0.003	0	0
2673	-2.25	0.0035	-1e-05	0	-2.25	0.0035	-1e-05	0
2674	-2.25	0.0035	0	0	-2.25	0.0035	0	0
2678	-2.25	0.0045	0	0	-2.25	0.0045	0	0
2680	-2.25	0.006	-1e-05	0	-2.25	0.006	-1e-05	0
2681	-2.25	0.006	0	0	-2.25	0.006	0	0
2683	-2.25	0.007	0	0	-2.25	0.007	0	0
2688	-2.25	0.0085	-1e-05	0	-2.25	0.0085	-1e-05	0
2690	-2.25	0.009	-1e-05	0	-2.25	0.009	-1e-05	0
2696	-2.25	0.011	-1e-05	0	-2.25	0.011	-1e-05	0
2697	-2.25	0.0115	-1e-05	0	-2.25	0.0115	-1e-05	0
2698	-2.25	0.012	-1e-05	0	-2.25	0.012	-1e-05	0
2705	-2.25	0.0155	-2e-05	0	-2.25	0.0155	-2e-05	0
2706	-2.25	0.0155	-1e-05	0	-2.25	0.0155	-1e-05	0
2709	-2.25	0.0165	-2e-05	0	-2.25	0.0165	-2e-05	0
2711	-2.25	0.0175	-2e-05	0	-2.25	0.0175	-2e-05	0
2713	-2.25	0.018	-2e-05	0	-2.25	0.018	-2e-05	0
2715	-2.25	0.0185	-2e-05	0	-2.25	0.0185	-2e-05	0
2719	-2.25	0.021	-2e-05	0	-2.25	0.021	-2e-05	0
2723	-2.25	0.026	-3e-05	0	-2.25	0.026	-3e-05	0
2724	-2.25	0.026	-2e-05	0	-2.25	0.026	-2e-05	0
2728	-2.25	0.029	-4e-05	0	-2.25	0.029	-4e-05	0
2738	-2	-0.0055	1e-05	0	-2	-0.0055	1e-05	0
2739	-2	-0.0045	1e-05	0	-2	-0.0045	1e-05	0
2748	-2	0.0015	0	0	-2	0.0015	0	0
2750	-2	0.002	-1e-05	0	-2	0.002	-1e-05	0
2751	-2	0.002	0	0	-2	0.002	0	0
2752	-2	0.0025	-1e-05	0	-2	0.0025	-1e-05	0
2754	-2	0.003	0	0	-2	0.003	0	0
2755	-2	0.0035	0	0	-2	0.0035	0	0
2757	-2	0.004	0	0	-2	0.004	0	0
2758	-2	0.0045	0	0	-2	0.0045	0	0
2760	-2	0.0055	0	0	-2	0.0055	0	0
2762	-2	0.007	-1e-05	0	-2	0.007	-1e-05	0
2763	-2	0.0075	-1e-05	0	-2	0.0075	-1e-05	0
2765	-2	0.008	-1e-05	0	-2	0.008	-1e-05	0
2766	-2	0.0085	-1e-05	0	-2	0.0085	-1e-05	0
2769	-2	0.009	0	0	-2	0.009	0	0
2773	-2	0.0105	-2e-05	0	-2	0.0105	-2e-05	0
2774	-2	0.0105	-1e-05	0	-2	0.0105	-1e-05	0
2776	-2	0.011	-1e-05	0	-2	0.011	-1e-05	0
2777	-2	0.0115	-1e-05	0	-2	0.0115	-1e-05	0
2780	-2	0.0125	-2e-05	0	-2	0.0125	-2e-05	0
2781	-2	0.0125	-1e-05	0	-2	0.0125	-1e-05	0
2789	-2	0.017	-2e-05	0	-2	0.017	-2e-05	0
2791	-2	0.0175	-2e-05	0	-2	0.0175	-2e-05	0
2793	-2	0.018	-2e-05	0	-2	0.018	-2e-05	0
2799	-2	0.023	-4e-05	0	-2	0.023	-4e-05	0
2813	-1.75	-0.009	1e-05	0	-1.75	-0.009	1e-05	0
2825	-1.75	-0.003	0	0	-1.75	-0.003	0	0
2828	-1.75	-0.001	-1e-05	0	-1.75	-0.001	-1e-05	0
2835	-1.75	0.0015	0	0	-1.75	0.0015	0	0
2836	-1.75	0.002	0	0	-1.75	0.002	0	0
2839	-1.75	0.0025	0	0	-1.75	0.0025	0	0
2840	-1.75	0.0025	1e-05	0	-1.75	0.0025	1e-05	0
2842	-1.75	0.0035	0	0	-1.75	0.0035	0	0
2843	-1.75	0.0045	-1e-05	0	-1.75	0.0045	-1e-05	0
2844	-1.75	0.0045	0	0	-1.75	0.0045	0	0
2850	-1.75	0.006	-1e-05	0	-1.75	0.006	-1e-05	0
2852	-1.75	0.0065	-1e-05	0	-1.75	0.0065	-1e-05	0
2854	-1.75	0.007	-1e-05	0	-1.75	0.007	-1e-05	0
2855	-1.75	0.007	0	0	-1.75	0.007	0	0
2856	-1.75	0.008	-2e-05	0	-1.75	0.008	-2e-05	0
2857	-1.75	0.008	-1e-05	0	-1.75	0.008	-1e-05	0
2858	-1.75	0.0085	-1e-05	0	-1.75	0.0085	-1e-05	0
2860	-1.75	0.009	-1e-05	0	-1.75	0.009	-1e-05	0
2861	-1.75	0.009	0	0	-1.75	0.009	0	0
2862	-1.75	0.0095	-1e-05	0	-1.75	0.0095	-1e-05	0
2863	-1.75	0.01	-1e-05	0	-1.75	0.01	-1e-05	0
2865	-1.75	0.0105	-1e-05	0	-1.75	0.0105	-1e-05	0
2866	-1.75	0.011	-2e-05	0	-1.75	0.011	-2e-05	0
2868	-1.75	0.0115	-1e-05	0	-1.75	0.0115	-1e-05	0
2871	-1.75	0.012	-1e-05	0	-1.75	0.012	-1e-05	0
2872	-1.75	0.0125	-1e-05	0	-1.75	0.0125	-1e-05	0
2875	-1.75	0.0135	-2e-05	0	-1.75	0.0135	-2e-05	0
2876	-1.75	0.0135	-1e-05	0	-1.75	0.0135	-1e-05	0
2879	-1.75	0.0145	-2e-05	0	-1.75	0.0145	-2e-05	0
2885	-1.75	0.017	-1e-05	0	-1.75	0.017	-1e-05	0
2895	-1.75	0.023	-2e-05	0	-1.75	0.023	-2e-05	0
2908	-1.5	-0.0105	1e-05	0	-1.5	-0.0105	1e-05	0
2919	-1.5	-0.0045	0	0	-1.5	-0.0045	0	0
2924	-1.5	-0.0015	1e-05	0	-1.5	-0.0015	1e-05	0
2928	-1.5	0.001	0	0	-1.5	0.001	0	0
2929	-1.5	0.0015	0	0	-1.5	0.0015	0	0
2931	-1.5	0.002	0	0	-1.5	0.002	0	0
2932	-1.5	0.0025	-1e-05	0	-1.5	0.0025	-1e-05	0
2933	-1.5	0.0025	0	0	-1.5	0.0025	0	0
2934	-1.5	0.0025	1e-05	0	-1.5	0.0025	1e-05	0
2935	-1.5	0.003	0	0	-1.5	0.003	0	0
2938	-1.5	0.004	0	0	-1.5	0.004	0	0
2939	-1.5	0.0045	0	0	-1.5	0.0045	0	0
2940	-1.5	0.0045	1e-05	0	-1.5	0.0045	1e-05	0
2941	-1.5	0.005	-1e-05	0	-1.5	0.005	-1e-05	0
2942	-1.5	0.005	0	0	-1.5	0.005	0	0
2944	-1.5	0.006	-1e-05	0	-1.5	0.006	-1e-05	0
2945	-1.5	0.006	0	0	-1.5	0.006	0	0
2946	-1.5	0.0065	-1e-05	0	-1.5	0.0065	-1e-05	0
2948	-1.5	0.007	-1e-05	0	-1.5	0.007	-1e-05	0
2949	-1.5	0.0075	-1e-05	0	-1.5	0.0075	-1e-05	0
2951	-1.5	0.008	-1e-05	0	-1.5	0.008	-1e-05	0
2953	-1.5	0.0085	-1e-05	0	-1.5	0.0085	-1e-05	0
2955	-1.5	0.009	-1e-05	0	-1.5	0.009	-1e-05	0
2957	-1.5	0.0095	-1e-05	0	-1.5	0.0095	-1e-05	0
2960	-1.5	0.011	-2e-05	0	-1.5	0.011	-2e-05	0
2961	-1.5	0.0115	-2e-05	0	-1.5	0.0115	-2e-05	0
2964	-1.5	0.013	-1e-05	0	-1.5	0.013	-1e-05	0
2965	-1.5	0.0135	-2e-05	0	-1.5	0.0135	-2e-05	0
2966	-1.5	0.0135	-1e-05	0	-1.5	0.0135	-1e-05	0
2968	-1.5	0.0145	-2e-05	0	-1.5	0.0145	-2e-05	0
2972	-1.5	0.016	-2e-05	0	-1.5	0.016	-2e-05	0
2973	-1.5	0.0165	-3e-05	0	-1.5	0.0165	-3e-05	0
2998	-1.25	-0.007	1e-05	0	-1.25	-0.007	1e-05	0
3001	-1.25	-0.006	2e-05	0	-1.25	-0.006	2e-05	0
3006	-1.25	-0.0015	0	0	-1.25	-0.0015	0	0
3007	-1.25	-0.001	0	0	-1.25	-0.001	0	0
3009	-1.25	0	0	0	-1.25	0	0	0
3010	-1.25	0.0005	0	0	-1.25	0.0005	0	0
3012	-1.25	0.0015	0	0	-1.25	0.0015	0	0
3014	-1.25	0.002	0	0	-1.25	0.002	0	0
3016	-1.25	0.0025	0	0	-1.25	0.0025	0	0
3018	-1.25	0.003	0	0	-1.25	0.003	0	0
3019	-1.25	0.0035	0	0	-1.25	0.0035	0	0
3022	-1.25	0.005	-1e-05	0	-1.25	0.005	-1e-05	0
3025	-1.25	0.006	-1e-05	0	-1.25	0.006	-1e-05	0
3026	-1.25	0.0065	-1e-05	0	-1.25	0.0065	-1e-05	0
3027	-1.25	0.007	-1e-05	0	-1.25	0.007	-1e-05	0
3028	-1.25	0.0075	-1e-05	0	-1.25	0.0075	-1e-05	0
3029	-1.25	0.0075	0	0	-1.25	0.0075	0	0
3030	-1.25	0.008	-1e-05	0	-1.25	0.008	-1e-05	0
3031	-1.25	0.0085	-1e-05	0	-1.25	0.0085	-1e-05	0
3034	-1.25	0.009	-1e-05	0	-1.25	0.009	-1e-05	0
3035	-1.25	0.0095	-2e-05	0	-1.25	0.0095	-2e-05	0
3036	-1.25	0.0095	-1e-05	0	-1.25	0.0095	-1e-05	0
3037	-1.25	0.01	-2e-05	0	-1.25	0.01	-2e-05	0
3038	-1.25	0.01	-1e-05	0	-1.25	0.01	-1e-05	0
3039	-1.25	0.0105	-1e-05	0	-1.25	0.0105	-1e-05	0
3046	-1.25	0.0125	-2e-05	0	-1.25	0.0125	-2e-05	0
3049	-1.25	0.014	-2e-05	0	-1.25	0.014	-2e-05	0
3051	-1.25	0.0145	-2e-05	0	-1.25	0.0145	-2e-05	0
3055	-1.25	0.0175	-2e-05	0	-1.25	0.0175	-2e-05	0
3056	-1.25	0.018	-2e-05	0	-1.25	0.018	-2e-05	0
3058	-1.25	0.021	-2e-05	0	-1.25	0.021	-2e-05	0
3064	-1	-0.014	2e-05	0	-1	-0.014	2e-05	0
3066	-1	-0.011	1e-05	0	-1	-0.011	1e-05	0
3074	-1	-0.0055	1e-05	0	-1	-0.0055	1e-05	0
3075	-1	-0.005	1e-05	0	-1	-0.005	1e-05	0
3076	-1	-0.004	0	0	-1	-0.004	0	0
3077	-1	-0.004	1e-05	0	-1	-0.004	1e-05	0
3079	-1	-0.0025	1e-05	0	-1	-0.0025	1e-05	0
3082	-1	-0.001	0	0	-1	-0.001	0	0
3084	-1	-0.0005	0	0	-1	-0.0005	0	0
3086	-1	0.0005	0	0	-1	0.0005	0	0
3087	-1	0.0005	1e-05	0	-1	0.0005	1e-05	0
3088	-1	0.001	0	0	-1	0.001	0	0
3089	-1	0.0015	0	0	-1	0.0015	0	0
3090	-1	0.002	0	0	-1	0.002	0	0
3095	-1	0.0045	-1e-05	0	-1	0.0045	-1e-05	0
3098	-1	0.0055	-1e-05	0	-1	0.0055	-1e-05	0
3103	-1	0.007	-1e-05	0	-1	0.007	-1e-05	0
3105	-1	0.0085	-2e-05	0	-1	0.0085	-2e-05	0
3107	-1	0.009	-1e-05	0	-1	0.009	-1e-05	0
3119	-1	0.014	-2e-05	0	-1	0.014	-2e-05	0
3120	-1	0.015	-2e-05	0	-1	0.015	-2e-05	0
3134	-0.75	-0.0165	2e-05	0	-0.75	-0.0165	2e-05	0
3146	-0.75	-0.005	0	0	-0.75	-0.005	0	0
3148	-0.75	-0.0045	0	0	-0.75	-0.0045	0	0
3149	-0.75	-0.004	0	0	-0.75	-0.004	0	0
3151	-0.75	-0.0035	0	0	-0.75	-0.0035	0	0
3153	-0.75	-0.0025	0	0	-0.75	-0.0025	0	0
3157	-0.75	-0.0015	0	0	-0.75	-0.0015	0	0
3159	-0.75	-0.001	0	0	-0.75	-0.001	0	0
3161	-0.75	-0.0005	0	0	-0.75	-0.0005	0	0
3162	-0.75	-0.0005	1e-05	0	-0.75	-0.0005	1e-05	0
3163	-0.75	0	0	0	-0.75	0	0	0
3165	-0.75	0.0005	0	0	-0.75	0.0005	0	0
3167	-0.75	0.001	0	0	-0.75	0.001	0	0
3168	-0.75	0.0015	0	0	-0.75	0.0015	0	0
3170	-0.75	0.002	0	0	-0.75	0.002	0	0
3172	-0.75	0.0025	0	0	-0.75	0.0025	0	0
3173	-0.75	0.003	0	0	-0.75	0.003	0	0
3174	-0.75	0.0035	-1e-05	0	-0.75	0.0035	-1e-05	0
3176	-0.75	0.0045	0	0	-0.75	0.0045	0	0
3177	-0.75	0.005	-1e-05	0	-0.75	0.005	-1e-05	0
3178	-0.75	0.0055	-2e-05	0	-0.75	0.0055	-2e-05	0
3179	-0.75	0.0055	-1e-05	0	-0.75	0.0055	-1e-05	0
3180	-0.75	0.0055	0	0	-0.75	0.0055	0	0
3181	-0.75	0.0065	-1e-05	0	-0.75	0.0065	-1e-05	0
3182	-0.75	0.0065	0	0	-0.75	0.0065	0	0
3184	-0.75	0.0075	-1e-05	0	-0.75	0.0075	-1e-05	0
3188	-0.75	0.0085	-1e-05	0	-0.75	0.0085	-1e-05	0
3192	-0.75	0.01	-1e-05	0	-0.75	0.01	-1e-05	0
3195	-0.75	0.0105	-1e-05	0	-0.75	0.0105	-1e-05	0
3196	-0.75	0.0115	-2e-05	0	-0.75	0.0115	-2e-05	0
3201	-0.75	0.016	-2e-05	0	-0.75	0.016	-2e-05	0
3203	-0.75	0.0185	-3e-05	0	-0.75	0.0185	-3e-05	0
3206	-0.75	0.0215	-4e-05	0	-0.75	0.0215	-4e-05	0
3215	-0.5	-0.0095	2e-05	0	-0.5	-0.0095	2e-05	0
3225	-0.5	-0.0045	1e-05	0	-0.5	-0.0045	1e-05	0
3228	-0.5	-0.003	0	0	-0.5	-0.003	0	0
3233	-0.5	-0.001	0	0	-0.5	-0.001	0	0
3235	-0.5	-0.0005	0	0	-0.5	-0.0005	0	0
3237	-0.5	0.0005	0	0	-0.5	0.0005	0	0
3239	-0.5	0.001	0	0	-0.5	0.001	0	0
3243	-0.5	0.002	0	0	-0.5	0.002	0	0
3250	-0.5	0.0045	0	0	-0.5	0.0045	0	0
3251	-0.5	0.005	-1e-05	0	-0.5	0.005	-1e-05	0
3253	-0.5	0.0055	-1e-05	0	-0.5	0.0055	-1e-05	0
3254	-0.5	0.006	-1e-05	0	-0.5	0.006	-1e-05	0
3258	-0.5	0.008	-1e-05	0	-0.5	0.008	-1e-05	0
3266	-0.5	0.01	-1e-05	0	-0.5	0.01	-1e-05	0
3272	-0.5	0.0125	-2e-05	0	-0.5	0.0125	-2e-05	0
3274	-0.5	0.0145	-2e-05	0	-0.5	0.0145	-2e-05	0
3289	-0.25	-0.0135	1e-05	0	-0.25	-0.0135	1e-05	0
3290	-0.25	-0.0135	2e-05	0	-0.25	-0.0135	2e-05	0
3294	-0.25	-0.0105	1e-05	0	-0.25	-0.0105	1e-05	0
3296	-0.25	-0.01	1e-05	0	-0.25	-0.01	1e-05	0
3299	-0.25	-0.0085	1e-05	0	-0.25	-0.0085	1e-05	0
3302	-0.25	-0.0075	0	0	-0.25	-0.0075	0	0
3304	-0.25	-0.004	1e-05	0	-0.25	-0.004	1e-05	0
3305	-0.25	-0.0035	0	0	-0.25	-0.0035	0	0
3309	-0.25	-0.0015	-1e-05	0	-0.25	-0.0015	-1e-05	0
3312	-0.25	-0.0005	0	0	-0.25	-0.0005	0	0
3313	-0.25	0	0	0	-0.25	0	0	0
3314	-0.25	0.0005	-1e-05	0	-0.25	0.0005	-1e-05	0
3320	-0.25	0.002	0	0	-0.25	0.002	0	0
3322	-0.25	0.0025	0	0	-0.25	0.0025	0	0
3323	-0.25	0.003	0	0	-0.25	0.003	0	0
3324	-0.25	0.0035	-1e-05	0	-0.25	0.0035	-1e-05	0
3328	-0.25	0.005	-1e-05	0	-0.25	0.005	-1e-05	0
3332	-0.25	0.007	-1e-05	0	-0.25	0.007	-1e-05	0
3335	-0.25	0.0085	-1e-05	0	-0.25	0.0085	-1e-05	0
3338	-0.25	0.01	-1e-05	0	-0.25	0.01	-1e-05	0
3339	-0.25	0.0115	-1e-05	0	-0.25	0.0115	-1e-05	0
3347	0	-0.023	3e-05	0	0	-0.023	3e-05	0
3352	0	-0.012	2e-05	0	0	-0.012	2e-05	0
3355	0	-0.011	2e-05	0	0	-0.011	2e-05	0
3356	0	-0.0105	1e-05	0	0	-0.0105	1e-05	0
3359	0	-0.008	0	0	0	-0.008	0	0
3362	0	-0.0075	1e-05	0	0	-0.0075	1e-05	0
3364	0	-0.007	1e-05	0	0	-0.007	1e-05	0
3365	0	-0.0065	1e-05	0	0	-0.0065	1e-05	0
3367	0	-0.0055	1e-05	0	0	-0.0055	1e-05	0
3369	0	-0.0045	1e-05	0	0	-0.0045	1e-05	0
3372	0	-0.0025	0	0	0	-0.0025	0	0
3376	0	-0.0015	0	0	0	-0.0015	0	0
3379	0	-0.0005	0	0	0	-0.0005	0	0
3383	0	0.001	0	0	0	0.001	0	0
3388	0	0.005	-1e-05	0	0	0.005	-1e-05	0
3389	0	0.005	0	0	0	0.005	0	0
3397	0	0.0095	-1e-05	0	0	0.0095	-1e-05	0
3398	0	0.01	-1e-05	0	0	0.01	-1e-05	0
3406	0.25	-0.021	2e-05	0	0.25	-0.021	2e-05	0
3411	0.25	-0.0185	2e-05	0	0.25	-0.0185	2e-05	0
3413	0.25	-0.017	2e-05	0	0.25	-0.017	2e-05	0
3416	0.25	-0.0155	2e-05	0	0.25	-0.0155	2e-05	0
3417	0.25	-0.015	2e-05	0	0.25	-0.015	2e-05	0
3421	0.25	-0.0125	2e-05	0	0.25	-0.0125	2e-05	0
3424	0.25	-0.0115	2e-05	0	0.25	-0.0115	2e-05	0
3432	0.25	-0.0085	1e-05	0	0.25	-0.0085	1e-05	0
3433	0.25	-0.008	1e-05	0	0.25	-0.008	1e-05	0
3434	0.25	-0.0075	1e-05	0	0.25	-0.0075	1e-05	0
3435	0.25	-0.007	1e-05	0	0.25	-0.007	1e-05	0
3446	0.25	-0.002	0	0	0.25	-0.002	0	0
3448	0.25	-0.0015	0	0	0.25	-0.0015	0	0
3450	0.25	-0.0005	0	0	0.25	-0.0005	0	0
3452	0.25	0	0	0	0.25	0	0	0
3457	0.25	0.001	0	0	0.25	0.001	0	0
3459	0.25	0.002	-1e-05	0	0.25	0.002	-1e-05	0
3471	0.25	0.0085	-1e-05	0	0.25	0.0085	-1e-05	0
3475	0.25	0.012	-2e-05	0	0.25	0.012	-2e-05	0
3478	0.5	-0.0265	3e-05	0	0.5	-0.0265	3e-05	0
3487	0.5	-0.0155	2e-05	0	0.5	-0.0155	2e-05	0
3490	0.5	-0.0145	2e-05	0	0.5	-0.0145	2e-05	0
3492	0.5	-0.014	2e-05	0	0.5	-0.014	2e-05	0
3494	0.5	-0.013	2e-05	0	0.5	-0.013	2e-05	0
3505	0.5	-0.0065	1e-05	0	0.5	-0.0065	1e-05	0
3506	0.5	-0.006	0	0	0.5	-0.006	0	0
3508	0.5	-0.0055	1e-05	0	0.5	-0.0055	1e-05	0
3513	0.5	-0.0035	1e-05	0	0.5	-0.0035	1e-05	0
3516	0.5	-0.0025	0	0	0.5	-0.0025	0	0
3519	0.5	-0.0015	0	0	0.5	-0.0015	0	0
3520	0.5	-0.001	0	0	0.5	-0.001	0	0
3522	0.5	-0.0005	0	0	0.5	-0.0005	0	0
3531	0.5	0.0055	-1e-05	0	0.5	0.0055	-1e-05	0
3534	0.5	0.008	-2e-05	0	0.5	0.008	-2e-05	0
3536	0.5	0.01	-2e-05	0	0.5	0.01	-2e-05	0
3539	0.75	-0.0225	3e-05	0	0.75	-0.0225	3e-05	0
3545	0.75	-0.02	3e-05	0	0.75	-0.02	3e-05	0
3551	0.75	-0.0155	2e-05	0	0.75	-0.0155	2e-05	0
3552	0.75	-0.0125	2e-05	0	0.75	-0.0125	2e-05	0
3565	0.75	-0.0095	1e-05	0	0.75	-0.0095	1e-05	0
3576	0.75	-0.0045	0	0	0.75	-0.0045	0	0
3578	0.75	-0.004	0	0	0.75	-0.004	0	0
3579	0.75	-0.0035	0	0	0.75	-0.0035	0	0
3582	0.75	-0.0015	0	0	0.75	-0.0015	0	0
3583	0.75	-0.001	0	0	0.75	-0.001	0	0
3584	0.75	-0.0005	0	0	0.75	-0.0005	0	0
3585	0.75	0.0005	-1e-05	0	0.75	0.0005	-1e-05	0
3591	0.75	0.003	0	0	0.75	0.003	0	0
3592	0.75	0.004	-1e-05	0	0.75	0.004	-1e-05	0
3594	0.75	0.0045	-1e-05	0	0.75	0.0045	-1e-05	0
3597	0.75	0.006	-1e-05	0	0.75	0.006	-1e-05	0
3616	1	-0.013	1e-05	0	1	-0.013	1e-05	0
3619	1	-0.012	2e-05	0	1	-0.012	2e-05	0
3628	1	-0.009	1e-05	0	1	-0.009	1e-05	0
3632	1	-0.0065	1e-05	0	1	-0.0065	1e-05	0
3636	1	-0.004	0	0	1	-0.004	0	0
3637	1	-0.0035	0	0	1	-0.0035	0	0
3639	1	-0.003	0	0	1	-0.003	0	0
3643	1	-0.001	0	0	1	-0.001	0	0
3657	1.25	-0.0265	3e-05	0	1.25	-0.0265	3e-05	0
3659	1.25	-0.0245	3e-05	0	1.25	-0.0245	3e-05	0
3666	1.25	-0.021	2e-05	0	1.25	-0.021	2e-05	0
3673	1.25	-0.017	2e-05	0	1.25	-0.017	2e-05	0
3675	1.25	-0.0155	1e-05	0	1.25	-0.0155	1e-05	0
3679	1.25	-0.0125	1e-05	0	1.25	-0.0125	1e-05	0
3685	1.25	-0.01	0	0	1.25	-0.01	0	0
3686	1.25	-0.01	1e-05	0	1.25	-0.01	1e-05	0
3687	1.25	-0.0095	1e-05	0	1.25	-0.0095	1e-05	0
3694	1.25	-0.007	0	0	1.25	-0.007	0	0
3697	1.25	-0.005	0	0	1.25	-0.005	0	0
3711	1.25	0.002	-1e-05	0	1.25	0.002	-1e-05	0
3724	1.5	-0.021	2e-05	0	1.5	-0.021	2e-05	0
3734	1.5	-0.014	1e-05	0	1.5	-0.014	1e-05	0
3735	1.5	-0.014	2e-05	0	1.5	-0.014	2e-05	0
3737	1.5	-0.0125	1e-05	0	1.5	-0.0125	1e-05	0
3747	1.5	-0.0055	0	0	1.5	-0.0055	0	0
3760	1.75	-0.0325	4e-05	0	1.75	-0.0325	4e-05	0
3764	1.75	-0.029	3e-05	0	1.75	-0.029	3e-05	0
3769	1.75	-0.021	3e-05	0	1.75	-0.021	3e-05	0
3770	1.75	-0.0205	2e-05	0	1.75	-0.0205	2e-05	0
3772	1.75	-0.0195	2e-05	0	1.75	-0.0195	2e-05	0
3773	1.75	-0.019	2e-05	0	1.75	-0.019	2e-05	0
3782	1.75	-0.0135	1e-05	0	1.75	-0.0135	1e-05	0
3789	1.75	-0.0105	1e-05	0	1.75	-0.0105	1e-05	0
3795	1.75	-0.0085	0	0	1.75	-0.0085	0	0
3797	1.75	-0.0075	1e-05	0	1.75	-0.0075	1e-05	0
3800	1.75	-0.006	1e-05	0	1.75	-0.006	1e-05	0
3805	2	-0.0355	4e-05	0	2	-0.0355	4e-05	0
3812	2	-0.0285	3e-05	0	2	-0.0285	3e-05	0
3818	2	-0.019	2e-05	0	2	-0.019	2e-05	0
3819	2	-0.018	2e-05	0	2	-0.018	2e-05	0
3824	2	-0.016	2e-05	0	2	-0.016	2e-05	0
3825	2	-0.0155	1e-05	0	2	-0.0155	1e-05	0
3827	2	-0.015	2e-05	0	2	-0.015	2e-05	0
3828	2	-0.0135	1e-05	0	2	-0.0135	1e-05	0
3832	2	-0.0105	1e-05	0	2	-0.0105	1e-05	0
3833	2	-0.0095	1e-05	0	2	-0.0095	1e-05	0
3840	-12.5	0.051	-5e-05	0	-12.5	0.051	-5e-05	0
3847	-12.5	0.057	-5e-05	0	-12.5	0.057	-5e-05	0
3890	-12	0.048	-4e-05	0	-12	0.048	-4e-05	0
3925	-11.75	0.0495	-4e-05	0	-11.75	0.0495	-4e-05	0
3932	-11.75	0.053	-6e-05	0	-11.75	0.053	-6e-05	0
3993	-11.25	0.0405	-3e-05	0	-11.25	0.0405	-3e-05	0
4029	-11.25	0.064	-6e-05	0	-11.25	0.064	-6e-05	0
4031	-11.25	0.0655	-6e-05	0	-11.25	0.0655	-6e-05	0
4056	-11	0.0455	-5e-05	0	-11	0.0455	-5e-05	0
4066	-11	0.051	-4e-05	0	-11	0.051	-4e-05	0
4078	-11	0.0595	-6e-05	0	-11	0.0595	-6e-05	0
4103	-10.75	0.0425	-4e-05	0	-10.75	0.0425	-4e-05	0
4141	-10.5	0.0355	-2e-05	0	-10.5	0.0355	-2e-05	0
4149	-10.5	0.04	-3e-05	0	-10.5	0.04	-3e-05	0
4161	-10.5	0.049	-4e-05	0	-10.5	0.049	-4e-05	0
4168	-10.5	0.052	-6e-05	0	-10.5	0.052	-6e-05	0
4170	-10.5	0.0545	-5e-05	0	-10.5	0.0545	-5e-05	0
4178	-10.5	0.0615	-6e-05	0	-10.5	0.0615	-6e-05	0
4203	-10.25	0.0385	-3e-05	0	-10.25	0.0385	-3e-05	0
4213	-10.25	0.044	-4e-05	0	-10.25	0.044	-4e-05	0
4214	-10.25	0.044	-3e-05	0	-10.25	0.044	-3e-05	0
4225	-10.25	0.0485	-4e-05	0	-10.25	0.0485	-4e-05	0
4234	-10.25	0.0545	-5e-05	0	-10.25	0.0545	-5e-05	0
4236	-10.25	0.056	-5e-05	0	-10.25	0.056	-5e-05	0
4265	-10	0.0395	-3e-05	0	-10	0.0395	-3e-05	0
4326	-9.75	0.0435	-4e-05	0	-9.75	0.0435	-4e-05	0
4334	-9.75	0.05	-5e-05	0	-9.75	0.05	-5e-05	0
4368	-9.5	0.0375	-3e-05	0	-9.5	0.0375	-3e-05	0
4372	-9.5	0.04	-4e-05	0	-9.5	0.04	-4e-05	0
4382	-9.5	0.045	-4e-05	0	-9.5	0.045	-4e-05	0
4390	-9.5	0.0475	-5e-05	0	-9.5	0.0475	-5e-05	0
4467	-9	0.023	-1e-05	0	-9	0.023	-1e-05	0
4476	-9	0.0295	-2e-05	0	-9	0.0295	-2e-05	0
4487	-9	0.035	-3e-05	0	-9	0.035	-3e-05	0
4493	-9	0.0405	-3e-05	0	-9	0.0405	-3e-05	0
4499	-9	0.043	-4e-05	0	-9	0.043	-4e-05	0
4539	-8.75	0.033	-3e-05	0	-8.75	0.033	-3e-05	0
4542	-8.75	0.034	-3e-05	0	-8.75	0.034	-3e-05	0
4545	-8.75	0.035	-3e-05	0	-8.75	0.035	-3e-05	0
4547	-8.75	0.0365	-3e-05	0	-8.75	0.0365	-3e-05	0
4558	-8.75	0.043	-4e-05	0	-8.75	0.043	-4e-05	0
4560	-8.75	0.0435	-4e-05	0	-8.75	0.0435	-4e-05	0
4577	-8.75	0.0615	-7e-05	0	-8.75	0.0615	-7e-05	0
4585	-8.5	0.019	-1e-05	0	-8.5	0.019	-1e-05	0
4596	-8.5	0.0275	-2e-05	0	-8.5	0.0275	-2e-05	0
4606	-8.5	0.0325	-3e-05	0	-8.5	0.0325	-3e-05	0
4614	-8.5	0.0355	-3e-05	0	-8.5	0.0355	-3e-05	0
4618	-8.5	0.037	-3e-05	0	-8.5	0.037	-3e-05	0
4620	-8.5	0.038	-3e-05	0	-8.5	0.038	-3e-05	0
4669	-8.25	0.033	-2e-05	0	-8.25	0.033	-2e-05	0
4672	-8.25	0.0355	-3e-05	0	-8.25	0.0355	-3e-05	0
4691	-8.25	0.0455	-4e-05	0	-8.25	0.0455	-4e-05	0
4698	-8.25	0.0525	-5e-05	0	-8.25	0.0525	-5e-05	0
4717	-8	0.0175	-1e-05	0	-8	0.0175	-1e-05	0
4723	-8	0.0215	-1e-05	0	-8	0.0215	-1e-05	0
4724	-8	0.023	-1e-05	0	-8	0.023	-1e-05	0
4735	-8	0.029	-2e-05	0	-8	0.029	-2e-05	0
4738	-8	0.0305	-3e-05	0	-8	0.0305	-3e-05	0
4740	-8	0.0325	-3e-05	0	-8	0.0325	-3e-05	0
4745	-8	0.036	-4e-05	0	-8	0.036	-4e-05	0
4748	-8	0.038	-3e-05	0	-8	0.038	-3e-05	0
4758	-8	0.0435	-4e-05	0	-8	0.0435	-4e-05	0
4784	-7.75	0.023	-1e-05	0	-7.75	0.023	-1e-05	0
4800	-7.75	0.0315	-3e-05	0	-7.75	0.0315	-3e-05	0
4803	-7.75	0.033	-3e-05	0	-7.75	0.033	-3e-05	0
4808	-7.75	0.036	-4e-05	0	-7.75	0.036	-4e-05	0
4813	-7.75	0.0375	-4e-05	0	-7.75	0.0375	-4e-05	0
4817	-7.75	0.0395	-4e-05	0	-7.75	0.0395	-4e-05	0
4822	-7.75	0.0425	-4e-05	0	-7.75	0.0425	-4e-05	0
4825	-7.75	0.0445	-4e-05	0	-7.75	0.0445	-4e-05	0
4835	-7.75	0.0505	-5e-05	0	-7.75	0.0505	-5e-05	0
4862	-7.5	0.023	-1e-05	0	-7.5	0.023	-1e-05	0
4866	-7.5	0.0255	-2e-05	0	-7.5	0.0255	-2e-05	0
4870	-7.5	0.0285	-2e-05	0	-7.5	0.0285	-2e-05	0
4872	-7.5	0.03	-3e-05	0	-7.5	0.03	-3e-05	0
4878	-7.5	0.033	-3e-05	0	-7.5	0.033	-3e-05	0
4883	-7.5	0.0345	-4e-05	0	-7.5	0.0345	-4e-05	0
4884	-7.5	0.0345	-3e-05	0	-7.5	0.0345	-3e-05	0
4891	-7.5	0.0375	-3e-05	0	-7.5	0.0375	-3e-05	0
4893	-7.5	0.0385	-4e-05	0	-7.5	0.0385	-4e-05	0
4894	-7.5	0.0385	-3e-05	0	-7.5	0.0385	-3e-05	0
4907	-7.5	0.0445	-5e-05	0	-7.5	0.0445	-5e-05	0
4943	-7.25	0.0295	-3e-05	0	-7.25	0.0295	-3e-05	0
4945	-7.25	0.0305	-2e-05	0	-7.25	0.0305	-2e-05	0
4955	-7.25	0.0355	-3e-05	0	-7.25	0.0355	-3e-05	0
4963	-7.25	0.0415	-4e-05	0	-7.25	0.0415	-4e-05	0
4964	-7.25	0.0425	-4e-05	0	-7.25	0.0425	-4e-05	0
4965	-7.25	0.043	-4e-05	0	-7.25	0.043	-4e-05	0
4969	-7.25	0.046	-5e-05	0	-7.25	0.046	-5e-05	0
4998	-7	0.0235	-2e-05	0	-7	0.0235	-2e-05	0
5003	-7	0.026	-3e-05	0	-7	0.026	-3e-05	0
5005	-7	0.027	-2e-05	0	-7	0.027	-2e-05	0
5006	-7	0.028	-2e-05	0	-7	0.028	-2e-05	0
5008	-7	0.029	-3e-05	0	-7	0.029	-3e-05	0
5012	-7	0.0315	-3e-05	0	-7	0.0315	-3e-05	0
5018	-7	0.035	-4e-05	0	-7	0.035	-4e-05	0
5024	-7	0.038	-4e-05	0	-7	0.038	-4e-05	0
5025	-7	0.038	-3e-05	0	-7	0.038	-3e-05	0
5029	-7	0.04	-4e-05	0	-7	0.04	-4e-05	0
5045	-7	0.0475	-6e-05	0	-7	0.0475	-6e-05	0
5065	-6.75	0.0135	0	0	-6.75	0.0135	0	0
5075	-6.75	0.021	-2e-05	0	-6.75	0.021	-2e-05	0
5085	-6.75	0.0245	-2e-05	0	-6.75	0.0245	-2e-05	0
5088	-6.75	0.026	-2e-05	0	-6.75	0.026	-2e-05	0
5089	-6.75	0.0265	-2e-05	0	-6.75	0.0265	-2e-05	0
5093	-6.75	0.028	-3e-05	0	-6.75	0.028	-3e-05	0
5098	-6.75	0.032	-3e-05	0	-6.75	0.032	-3e-05	0
5099	-6.75	0.0325	-3e-05	0	-6.75	0.0325	-3e-05	0
5103	-6.75	0.0335	-3e-05	0	-6.75	0.0335	-3e-05	0
5107	-6.75	0.0355	-3e-05	0	-6.75	0.0355	-3e-05	0
5109	-6.75	0.036	-3e-05	0	-6.75	0.036	-3e-05	0
5118	-6.75	0.0405	-4e-05	0	-6.75	0.0405	-4e-05	0
5119	-6.75	0.043	-4e-05	0	-6.75	0.043	-4e-05	0
5149	-6.5	0.0185	-1e-05	0	-6.5	0.0185	-1e-05	0
5150	-6.5	0.0195	-1e-05	0	-6.5	0.0195	-1e-05	0
5159	-6.5	0.0245	-2e-05	0	-6.5	0.0245	-2e-05	0
5165	-6.5	0.027	-2e-05	0	-6.5	0.027	-2e-05	0
5175	-6.5	0.0315	-3e-05	0	-6.5	0.0315	-3e-05	0
5179	-6.5	0.034	-3e-05	0	-6.5	0.034	-3e-05	0
5182	-6.5	0.0355	-4e-05	0	-6.5	0.0355	-4e-05	0
5183	-6.5	0.0355	-3e-05	0	-6.5	0.0355	-3e-05	0
5194	-6.5	0.0415	-5e-05	0	-6.5	0.0415	-5e-05	0
5219	-6.25	0.0115	-1e-05	0	-6.25	0.0115	-1e-05	0
5223	-6.25	0.0145	0	0	-6.25	0.0145	0	0
5233	-6.25	0.021	-2e-05	0	-6.25	0.021	-2e-05	0
5234	-6.25	0.0215	-2e-05	0	-6.25	0.0215	-2e-05	0
5240	-6.25	0.0245	-2e-05	0	-6.25	0.0245	-2e-05	0
5241	-6.25	0.025	-2e-05	0	-6.25	0.025	-2e-05	0
5242	-6.25	0.0255	-2e-05	0	-6.25	0.0255	-2e-05	0
5248	-6.25	0.03	-3e-05	0	-6.25	0.03	-3e-05	0
5249	-6.25	0.0305	-3e-05	0	-6.25	0.0305	-3e-05	0
5252	-6.25	0.031	-3e-05	0	-6.25	0.031	-3e-05	0
5254	-6.25	0.033	-3e-05	0	-6.25	0.033	-3e-05	0
5256	-6.25	0.034	-3e-05	0	-6.25	0.034	-3e-05	0
5261	-6.25	0.0365	-4e-05	0	-6.25	0.0365	-4e-05	0
5286	-6.25	0.0545	-6e-05	0	-6.25	0.0545	-6e-05	0
5289	-6	0.008	0	0	-6	0.008	0	0
5303	-6	0.0165	-1e-05	0	-6	0.0165	-1e-05	0
5314	-6	0.0215	-1e-05	0	-6	0.0215	-1e-05	0
5319	-6	0.0225	-2e-05	0	-6	0.0225	-2e-05	0
5320	-6	0.0235	-3e-05	0	-6	0.0235	-3e-05	0
5321	-6	0.0235	-2e-05	0	-6	0.0235	-2e-05	0
5325	-6	0.0245	-3e-05	0	-6	0.0245	-3e-05	0
5326	-6	0.0245	-2e-05	0	-6	0.0245	-2e-05	0
5341	-6	0.032	-4e-05	0	-6	0.032	-4e-05	0
5344	-6	0.0335	-3e-05	0	-6	0.0335	-3e-05	0
5346	-6	0.035	-3e-05	0	-6	0.035	-3e-05	0
5347	-6	0.0355	-4e-05	0	-6	0.0355	-4e-05	0
5349	-6	0.036	-3e-05	0	-6	0.036	-3e-05	0
5352	-6	0.037	-3e-05	0	-6	0.037	-3e-05	0
5383	-5.75	0.009	0	0	-5.75	0.009	0	0
5386	-5.75	0.013	0	0	-5.75	0.013	0	0
5388	-5.75	0.014	-1e-05	0	-5.75	0.014	-1e-05	0
5395	-5.75	0.017	-1e-05	0	-5.75	0.017	-1e-05	0
5398	-5.75	0.0185	-1e-05	0	-5.75	0.0185	-1e-05	0
5399	-5.75	0.019	-2e-05	0	-5.75	0.019	-2e-05	0
5405	-5.75	0.021	-2e-05	0	-5.75	0.021	-2e-05	0
5406	-5.75	0.0215	-2e-05	0	-5.75	0.0215	-2e-05	0
5412	-5.75	0.0235	-2e-05	0	-5.75	0.0235	-2e-05	0
5413	-5.75	0.024	-2e-05	0	-5.75	0.024	-2e-05	0
5414	-5.75	0.0245	-2e-05	0	-5.75	0.0245	-2e-05	0
5416	-5.75	0.025	-2e-05	0	-5.75	0.025	-2e-05	0
5424	-5.75	0.0285	-3e-05	0	-5.75	0.0285	-3e-05	0
5425	-5.75	0.0285	-2e-05	0	-5.75	0.0285	-2e-05	0
5433	-5.75	0.033	-3e-05	0	-5.75	0.033	-3e-05	0
5435	-5.75	0.034	-3e-05	0	-5.75	0.034	-3e-05	0
5438	-5.75	0.035	-3e-05	0	-5.75	0.035	-3e-05	0
5441	-5.75	0.037	-3e-05	0	-5.75	0.037	-3e-05	0
5443	-5.75	0.038	-4e-05	0	-5.75	0.038	-4e-05	0
5469	-5.5	0.0105	0	0	-5.5	0.0105	0	0
5470	-5.5	0.013	-1e-05	0	-5.5	0.013	-1e-05	0
5475	-5.5	0.0145	0	0	-5.5	0.0145	0	0
5478	-5.5	0.0155	-1e-05	0	-5.5	0.0155	-1e-05	0
5479	-5.5	0.016	-1e-05	0	-5.5	0.016	-1e-05	0
5482	-5.5	0.018	-2e-05	0	-5.5	0.018	-2e-05	0
5487	-5.5	0.02	-2e-05	0	-5.5	0.02	-2e-05	0
5490	-5.5	0.0205	-1e-05	0	-5.5	0.0205	-1e-05	0
5492	-5.5	0.0215	-2e-05	0	-5.5	0.0215	-2e-05	0
5495	-5.5	0.0225	-2e-05	0	-5.5	0.0225	-2e-05	0
5497	-5.5	0.025	-2e-05	0	-5.5	0.025	-2e-05	0
5502	-5.5	0.028	-3e-05	0	-5.5	0.028	-3e-05	0
5504	-5.5	0.03	-4e-05	0	-5.5	0.03	-4e-05	0
5508	-5.5	0.0315	-3e-05	0	-5.5	0.0315	-3e-05	0
5515	-5.5	0.0335	-3e-05	0	-5.5	0.0335	-3e-05	0
5543	-5.25	0.0075	-1e-05	0	-5.25	0.0075	-1e-05	0
5550	-5.25	0.0115	0	0	-5.25	0.0115	0	0
5553	-5.25	0.013	-1e-05	0	-5.25	0.013	-1e-05	0
5555	-5.25	0.014	0	0	-5.25	0.014	0	0
5562	-5.25	0.0185	-1e-05	0	-5.25	0.0185	-1e-05	0
5563	-5.25	0.019	-1e-05	0	-5.25	0.019	-1e-05	0
5566	-5.25	0.02	-2e-05	0	-5.25	0.02	-2e-05	0
5573	-5.25	0.0245	-3e-05	0	-5.25	0.0245	-3e-05	0
5574	-5.25	0.0245	-2e-05	0	-5.25	0.0245	-2e-05	0
5578	-5.25	0.0265	-3e-05	0	-5.25	0.0265	-3e-05	0
5579	-5.25	0.027	-3e-05	0	-5.25	0.027	-3e-05	0
5584	-5.25	0.0285	-2e-05	0	-5.25	0.0285	-2e-05	0
5585	-5.25	0.029	-4e-05	0	-5.25	0.029	-4e-05	0
5586	-5.25	0.029	-3e-05	0	-5.25	0.029	-3e-05	0
5589	-5.25	0.03	-3e-05	0	-5.25	0.03	-3e-05	0
5595	-5.25	0.035	-4e-05	0	-5.25	0.035	-4e-05	0
5596	-5.25	0.0355	-4e-05	0	-5.25	0.0355	-4e-05	0
5598	-5.25	0.0375	-4e-05	0	-5.25	0.0375	-4e-05	0
5604	-5.25	0.041	-4e-05	0	-5.25	0.041	-4e-05	0
5606	-5.25	0.043	-5e-05	0	-5.25	0.043	-5e-05	0
5618	-5	0.0065	-1e-05	0	-5	0.0065	-1e-05	0
5624	-5	0.0095	0	0	-5	0.0095	0	0
5633	-5	0.0135	-1e-05	0	-5	0.0135	-1e-05	0
5634	-5	0.0145	-1e-05	0	-5	0.0145	-1e-05	0
5636	-5	0.015	-1e-05	0	-5	0.015	-1e-05	0
5641	-5	0.017	-1e-05	0	-5	0.017	-1e-05	0
5644	-5	0.018	-1e-05	0	-5	0.018	-1e-05	0
5648	-5	0.019	-1e-05	0	-5	0.019	-1e-05	0
5651	-5	0.0205	-2e-05	0	-5	0.0205	-2e-05	0
5655	-5	0.0215	-2e-05	0	-5	0.0215	-2e-05	0
5657	-5	0.022	-2e-05	0	-5	0.022	-2e-05	0
5659	-5	0.023	-2e-05	0	-5	0.023	-2e-05	0
5671	-5	0.03	-2e-05	0	-5	0.03	-2e-05	0
5673	-5	0.031	-4e-05	0	-5	0.031	-4e-05	0
5676	-5	0.032	-4e-05	0	-5	0.032	-4e-05	0
5688	-5	0.04	-5e-05	0	-5	0.04	-5e-05	0
5695	-5	0.043	-5e-05	0	-5	0.043	-5e-05	0
5710	-4.75	0.001	1e-05	0	-4.75	0.001	1e-05	0
5718	-4.75	0.008	0	0	-4.75	0.008	0	0
5734	-4.75	0.015	-1e-05	0	-4.75	0.015	-1e-05	0
5735	-4.75	0.016	-1e-05	0	-4.75	0.016	-1e-05	0
5737	-4.75	0.0165	-1e-05	0	-4.75	0.0165	-1e-05	0
5745	-4.75	0.0205	-2e-05	0	-4.75	0.0205	-2e-05	0
5746	-4.75	0.021	-2e-05	0	-4.75	0.021	-2e-05	0
5747	-4.75	0.0215	-2e-05	0	-4.75	0.0215	-2e-05	0
5748	-4.75	0.0225	-2e-05	0	-4.75	0.0225	-2e-05	0
5750	-4.75	0.0245	-2e-05	0	-4.75	0.0245	-2e-05	0
5752	-4.75	0.0255	-3e-05	0	-4.75	0.0255	-3e-05	0
5755	-4.75	0.0265	-2e-05	0	-4.75	0.0265	-2e-05	0
5759	-4.75	0.0295	-3e-05	0	-4.75	0.0295	-3e-05	0
5764	-4.75	0.032	-4e-05	0	-4.75	0.032	-4e-05	0
5770	-4.75	0.0415	-5e-05	0	-4.75	0.0415	-5e-05	0
5772	-4.75	0.042	-5e-05	0	-4.75	0.042	-5e-05	0
5773	-4.75	0.044	-6e-05	0	-4.75	0.044	-6e-05	0
5780	-4.5	-0.003	1e-05	0	-4.5	-0.003	1e-05	0
5801	-4.5	0.014	-1e-05	0	-4.5	0.014	-1e-05	0
5803	-4.5	0.0155	-1e-05	0	-4.5	0.0155	-1e-05	0
5806	-4.5	0.0185	-2e-05	0	-4.5	0.0185	-2e-05	0
5807	-4.5	0.019	-2e-05	0	-4.5	0.019	-2e-05	0
5808	-4.5	0.0195	-2e-05	0	-4.5	0.0195	-2e-05	0
5810	-4.5	0.0205	-2e-05	0	-4.5	0.0205	-2e-05	0
5812	-4.5	0.0225	-2e-05	0	-4.5	0.0225	-2e-05	0
5814	-4.5	0.023	-2e-05	0	-4.5	0.023	-2e-05	0
5816	-4.5	0.024	-3e-05	0	-4.5	0.024	-3e-05	0
5827	-4.5	0.0305	-3e-05	0	-4.5	0.0305	-3e-05	0
5828	-4.5	0.0305	-2e-05	0	-4.5	0.0305	-2e-05	0
5834	-4.5	0.034	-4e-05	0	-4.5	0.034	-4e-05	0
5835	-4.5	0.035	-4e-05	0	-4.5	0.035	-4e-05	0
5841	-4.5	0.042	-5e-05	0	-4.5	0.042	-5e-05	0
5853	-4.25	0.004	1e-05	0	-4.25	0.004	1e-05	0
5854	-4.25	0.0045	0	0	-4.25	0.0045	0	0
5855	-4.25	0.005	0	0	-4.25	0.005	0	0
5864	-4.25	0.011	-1e-05	0	-4.25	0.011	-1e-05	0
5865	-4.25	0.0115	-1e-05	0	-4.25	0.0115	-1e-05	0
5875	-4.25	0.0155	-1e-05	0	-4.25	0.0155	-1e-05	0
5878	-4.25	0.0165	-2e-05	0	-4.25	0.0165	-2e-05	0
5879	-4.25	0.017	-1e-05	0	-4.25	0.017	-1e-05	0
5880	-4.25	0.018	-2e-05	0	-4.25	0.018	-2e-05	0
5881	-4.25	0.0185	-2e-05	0	-4.25	0.0185	-2e-05	0
5883	-4.25	0.02	-2e-05	0	-4.25	0.02	-2e-05	0
5886	-4.25	0.0205	-2e-05	0	-4.25	0.0205	-2e-05	0
5887	-4.25	0.021	-3e-05	0	-4.25	0.021	-3e-05	0
5889	-4.25	0.0215	-2e-05	0	-4.25	0.0215	-2e-05	0
5890	-4.25	0.0225	-2e-05	0	-4.25	0.0225	-2e-05	0
5893	-4.25	0.024	-4e-05	0	-4.25	0.024	-4e-05	0
5894	-4.25	0.0245	-3e-05	0	-4.25	0.0245	-3e-05	0
5899	-4.25	0.0255	-3e-05	0	-4.25	0.0255	-3e-05	0
5902	-4.25	0.0275	-3e-05	0	-4.25	0.0275	-3e-05	0
5906	-4.25	0.03	-4e-05	0	-4.25	0.03	-4e-05	0
5907	-4.25	0.0305	-3e-05	0	-4.25	0.0305	-3e-05	0
5910	-4.25	0.033	-4e-05	0	-4.25	0.033	-4e-05	0
5911	-4.25	0.0335	-4e-05	0	-4.25	0.0335	-4e-05	0
5924	-4	-0.009	2e-05	0	-4	-0.009	2e-05	0
5931	-4	-0.001	1e-05	0	-4	-0.001	1e-05	0
5937	-4	0.0045	0	0	-4	0.0045	0	0
5938	-4	0.0055	0	0	-4	0.0055	0	0
5939	-4	0.0055	1e-05	0	-4	0.0055	1e-05	0
5941	-4	0.007	0	0	-4	0.007	0	0
5945	-4	0.0105	-2e-05	0	-4	0.0105	-2e-05	0
5949	-4	0.0115	-1e-05	0	-4	0.0115	-1e-05	0
5950	-4	0.012	-1e-05	0	-4	0.012	-1e-05	0
5951	-4	0.0125	-1e-05	0	-4	0.0125	-1e-05	0
5953	-4	0.013	-1e-05	0	-4	0.013	-1e-05	0
5954	-4	0.0135	-1e-05	0	-4	0.0135	-1e-05	0
5957	-4	0.0145	-1e-05	0	-4	0.0145	-1e-05	0
5965	-4	0.0185	-2e-05	0	-4	0.0185	-2e-05	0
5967	-4	0.0195	-2e-05	0	-4	0.0195	-2e-05	0
5969	-4	0.02	-2e-05	0	-4	0.02	-2e-05	0
5970	-4	0.022	-2e-05	0	-4	0.022	-2e-05	0
5972	-4	0.0225	-2e-05	0	-4	0.0225	-2e-05	0
5974	-4	0.023	-2e-05	0	-4	0.023	-2e-05	0
5976	-4	0.0235	-2e-05	0	-4	0.0235	-2e-05	0
5980	-4	0.0255	-2e-05	0	-4	0.0255	-2e-05	0
5981	-4	0.026	-3e-05	0	-4	0.026	-3e-05	0
5985	-4	0.027	-3e-05	0	-4	0.027	-3e-05	0
5990	-4	0.0285	-2e-05	0	-4	0.0285	-2e-05	0
5997	-4	0.0325	-4e-05	0	-4	0.0325	-4e-05	0
6002	-4	0.0345	-4e-05	0	-4	0.0345	-4e-05	0
6024	-3.75	0.006	0	0	-3.75	0.006	0	0
6027	-3.75	0.007	0	0	-3.75	0.007	0	0
6037	-3.75	0.011	-1e-05	0	-3.75	0.011	-1e-05	0
6038	-3.75	0.0115	-1e-05	0	-3.75	0.0115	-1e-05	0
6041	-3.75	0.013	-1e-05	0	-3.75	0.013	-1e-05	0
6042	-3.75	0.0135	-1e-05	0	-3.75	0.0135	-1e-05	0
6044	-3.75	0.014	-1e-05	0	-3.75	0.014	-1e-05	0
6045	-3.75	0.0145	-1e-05	0	-3.75	0.0145	-1e-05	0
6046	-3.75	0.0155	-1e-05	0	-3.75	0.0155	-1e-05	0
6048	-3.75	0.0165	-1e-05	0	-3.75	0.0165	-1e-05	0
6050	-3.75	0.017	-1e-05	0	-3.75	0.017	-1e-05	0
6051	-3.75	0.0175	-2e-05	0	-3.75	0.0175	-2e-05	0
6052	-3.75	0.0175	-1e-05	0	-3.75	0.0175	-1e-05	0
6054	-3.75	0.018	-2e-05	0	-3.75	0.018	-2e-05	0
6057	-3.75	0.0185	-2e-05	0	-3.75	0.0185	-2e-05	0
6058	-3.75	0.019	-2e-05	0	-3.75	0.019	-2e-05	0
6060	-3.75	0.0195	-2e-05	0	-3.75	0.0195	-2e-05	0
6063	-3.75	0.021	-2e-05	0	-3.75	0.021	-2e-05	0
6064	-3.75	0.0215	-2e-05	0	-3.75	0.0215	-2e-05	0
6066	-3.75	0.0225	-2e-05	0	-3.75	0.0225	-2e-05	0
6073	-3.75	0.025	-3e-05	0	-3.75	0.025	-3e-05	0
6075	-3.75	0.026	-4e-05	0	-3.75	0.026	-4e-05	0
6076	-3.75	0.026	-3e-05	0	-3.75	0.026	-3e-05	0
6095	-3.75	0.039	-4e-05	0	-3.75	0.039	-4e-05	0
6114	-3.5	0.0045	0	0	-3.5	0.0045	0	0
6119	-3.5	0.008	-1e-05	0	-3.5	0.008	-1e-05	0
6120	-3.5	0.009	-1e-05	0	-3.5	0.009	-1e-05	0
6122	-3.5	0.0095	-1e-05	0	-3.5	0.0095	-1e-05	0
6123	-3.5	0.01	-1e-05	0	-3.5	0.01	-1e-05	0
6126	-3.5	0.0105	0	0	-3.5	0.0105	0	0
6128	-3.5	0.011	-1e-05	0	-3.5	0.011	-1e-05	0
6131	-3.5	0.0115	-1e-05	0	-3.5	0.0115	-1e-05	0
6132	-3.5	0.012	-2e-05	0	-3.5	0.012	-2e-05	0
6135	-3.5	0.0125	-1e-05	0	-3.5	0.0125	-1e-05	0
6137	-3.5	0.0135	-1e-05	0	-3.5	0.0135	-1e-05	0
6139	-3.5	0.014	-1e-05	0	-3.5	0.014	-1e-05	0
6140	-3.5	0.0145	-1e-05	0	-3.5	0.0145	-1e-05	0
6143	-3.5	0.0165	-2e-05	0	-3.5	0.0165	-2e-05	0
6148	-3.5	0.0185	-2e-05	0	-3.5	0.0185	-2e-05	0
6152	-3.5	0.0195	-2e-05	0	-3.5	0.0195	-2e-05	0
6153	-3.5	0.02	-2e-05	0	-3.5	0.02	-2e-05	0
6155	-3.5	0.021	-2e-05	0	-3.5	0.021	-2e-05	0
6157	-3.5	0.022	-2e-05	0	-3.5	0.022	-2e-05	0
6159	-3.5	0.023	-3e-05	0	-3.5	0.023	-3e-05	0
6162	-3.5	0.0245	-3e-05	0	-3.5	0.0245	-3e-05	0
6168	-3.5	0.028	-4e-05	0	-3.5	0.028	-4e-05	0
6170	-3.5	0.0295	-3e-05	0	-3.5	0.0295	-3e-05	0
6180	-3.5	0.0365	-4e-05	0	-3.5	0.0365	-4e-05	0
6198	-3.25	0.0005	1e-05	0	-3.25	0.0005	1e-05	0
6199	-3.25	0.002	0	0	-3.25	0.002	0	0
6203	-3.25	0.007	0	0	-3.25	0.007	0	0
6205	-3.25	0.0095	-1e-05	0	-3.25	0.0095	-1e-05	0
6206	-3.25	0.01	-1e-05	0	-3.25	0.01	-1e-05	0
6207	-3.25	0.011	-1e-05	0	-3.25	0.011	-1e-05	0
6209	-3.25	0.0115	-1e-05	0	-3.25	0.0115	-1e-05	0
6212	-3.25	0.012	-1e-05	0	-3.25	0.012	-1e-05	0
6213	-3.25	0.0125	-1e-05	0	-3.25	0.0125	-1e-05	0
6215	-3.25	0.013	-1e-05	0	-3.25	0.013	-1e-05	0
6216	-3.25	0.0135	-1e-05	0	-3.25	0.0135	-1e-05	0
6218	-3.25	0.014	-1e-05	0	-3.25	0.014	-1e-05	0
6220	-3.25	0.015	-1e-05	0	-3.25	0.015	-1e-05	0
6226	-3.25	0.0165	-2e-05	0	-3.25	0.0165	-2e-05	0
6229	-3.25	0.018	-2e-05	0	-3.25	0.018	-2e-05	0
6231	-3.25	0.0185	-2e-05	0	-3.25	0.0185	-2e-05	0
6232	-3.25	0.019	-2e-05	0	-3.25	0.019	-2e-05	0
6235	-3.25	0.0195	-2e-05	0	-3.25	0.0195	-2e-05	0
6236	-3.25	0.02	-2e-05	0	-3.25	0.02	-2e-05	0
6239	-3.25	0.0205	-2e-05	0	-3.25	0.0205	-2e-05	0
6240	-3.25	0.021	-2e-05	0	-3.25	0.021	-2e-05	0
6242	-3.25	0.0215	-2e-05	0	-3.25	0.0215	-2e-05	0
6246	-3.25	0.023	-2e-05	0	-3.25	0.023	-2e-05	0
6260	-3.25	0.03	-4e-05	0	-3.25	0.03	-4e-05	0
6262	-3.25	0.0315	-3e-05	0	-3.25	0.0315	-3e-05	0
6275	-3	-0.005	2e-05	0	-3	-0.005	2e-05	0
6277	-3	-0.0025	1e-05	0	-3	-0.0025	1e-05	0
6278	-3	-0.002	0	0	-3	-0.002	0	0
6289	-3	0.0055	0	0	-3	0.0055	0	0
6292	-3	0.0065	0	0	-3	0.0065	0	0
6293	-3	0.007	-1e-05	0	-3	0.007	-1e-05	0
6297	-3	0.0085	-1e-05	0	-3	0.0085	-1e-05	0
6301	-3	0.0095	-1e-05	0	-3	0.0095	-1e-05	0
6304	-3	0.0105	-1e-05	0	-3	0.0105	-1e-05	0
6305	-3	0.011	-1e-05	0	-3	0.011	-1e-05	0
6310	-3	0.0125	-2e-05	0	-3	0.0125	-2e-05	0
6311	-3	0.0125	-1e-05	0	-3	0.0125	-1e-05	0
6312	-3	0.013	-1e-05	0	-3	0.013	-1e-05	0
6315	-3	0.0145	-1e-05	0	-3	0.0145	-1e-05	0
6316	-3	0.015	-1e-05	0	-3	0.015	-1e-05	0
6317	-3	0.0155	-2e-05	0	-3	0.0155	-2e-05	0
6319	-3	0.016	-1e-05	0	-3	0.016	-1e-05	0
6322	-3	0.0175	-2e-05	0	-3	0.0175	-2e-05	0
6326	-3	0.0185	-2e-05	0	-3	0.0185	-2e-05	0
6328	-3	0.019	-2e-05	0	-3	0.019	-2e-05	0
6332	-3	0.02	-2e-05	0	-3	0.02	-2e-05	0
6334	-3	0.021	-2e-05	0	-3	0.021	-2e-05	0
6335	-3	0.0215	-3e-05	0	-3	0.0215	-3e-05	0
6336	-3	0.0215	-2e-05	0	-3	0.0215	-2e-05	0
6348	-3	0.0275	-4e-05	0	-3	0.0275	-4e-05	0
6353	-3	0.032	-3e-05	0	-3	0.032	-3e-05	0
6373	-2.75	-0.001	1e-05	0	-2.75	-0.001	1e-05	0
6376	-2.75	0.0005	0	0	-2.75	0.0005	0	0
6377	-2.75	0.001	0	0	-2.75	0.001	0	0
6386	-2.75	0.004	0	0	-2.75	0.004	0	0
6387	-2.75	0.0045	0	0	-2.75	0.0045	0	0
6389	-2.75	0.006	0	0	-2.75	0.006	0	0
6391	-2.75	0.007	-1e-05	0	-2.75	0.007	-1e-05	0
6393	-2.75	0.008	-1e-05	0	-2.75	0.008	-1e-05	0
6396	-2.75	0.0095	-1e-05	0	-2.75	0.0095	-1e-05	0
6397	-2.75	0.0095	0	0	-2.75	0.0095	0	0
6398	-2.75	0.01	-1e-05	0	-2.75	0.01	-1e-05	0
6405	-2.75	0.0125	-1e-05	0	-2.75	0.0125	-1e-05	0
6406	-2.75	0.013	-1e-05	0	-2.75	0.013	-1e-05	0
6407	-2.75	0.014	-2e-05	0	-2.75	0.014	-2e-05	0
6409	-2.75	0.0145	-2e-05	0	-2.75	0.0145	-2e-05	0
6412	-2.75	0.0155	-1e-05	0	-2.75	0.0155	-1e-05	0
6414	-2.75	0.0165	-2e-05	0	-2.75	0.0165	-2e-05	0
6417	-2.75	0.018	-2e-05	0	-2.75	0.018	-2e-05	0
6418	-2.75	0.0185	-2e-05	0	-2.75	0.0185	-2e-05	0
6420	-2.75	0.019	-3e-05	0	-2.75	0.019	-3e-05	0
6421	-2.75	0.019	-2e-05	0	-2.75	0.019	-2e-05	0
6423	-2.75	0.0195	-1e-05	0	-2.75	0.0195	-1e-05	0
6430	-2.75	0.0225	-2e-05	0	-2.75	0.0225	-2e-05	0
6435	-2.75	0.0255	-2e-05	0	-2.75	0.0255	-2e-05	0
6436	-2.75	0.026	-3e-05	0	-2.75	0.026	-3e-05	0
6445	-2.75	0.0305	-3e-05	0	-2.75	0.0305	-3e-05	0
6446	-2.5	-0.015	2e-05	0	-2.5	-0.015	2e-05	0
6451	-2.5	-0.0085	1e-05	0	-2.5	-0.0085	1e-05	0
6454	-2.5	-0.004	1e-05	0	-2.5	-0.004	1e-05	0
6455	-2.5	-0.0025	1e-05	0	-2.5	-0.0025	1e-05	0
6457	-2.5	-0.002	1e-05	0	-2.5	-0.002	1e-05	0
6461	-2.5	0	0	0	-2.5	0	0	0
6466	-2.5	0.0035	0	0	-2.5	0.0035	0	0
6467	-2.5	0.004	0	0	-2.5	0.004	0	0
6468	-2.5	0.005	-1e-05	0	-2.5	0.005	-1e-05	0
6471	-2.5	0.0055	0	0	-2.5	0.0055	0	0
6474	-2.5	0.007	0	0	-2.5	0.007	0	0
6478	-2.5	0.0085	-1e-05	0	-2.5	0.0085	-1e-05	0
6479	-2.5	0.0095	-1e-05	0	-2.5	0.0095	-1e-05	0
6489	-2.5	0.012	-1e-05	0	-2.5	0.012	-1e-05	0
6492	-2.5	0.0125	-1e-05	0	-2.5	0.0125	-1e-05	0
6493	-2.5	0.013	-3e-05	0	-2.5	0.013	-3e-05	0
6494	-2.5	0.013	-2e-05	0	-2.5	0.013	-2e-05	0
6495	-2.5	0.013	-1e-05	0	-2.5	0.013	-1e-05	0
6496	-2.5	0.0135	-2e-05	0	-2.5	0.0135	-2e-05	0
6497	-2.5	0.014	-2e-05	0	-2.5	0.014	-2e-05	0
6499	-2.5	0.0155	-2e-05	0	-2.5	0.0155	-2e-05	0
6500	-2.5	0.0155	-1e-05	0	-2.5	0.0155	-1e-05	0
6503	-2.5	0.017	-2e-05	0	-2.5	0.017	-2e-05	0
6507	-2.5	0.018	-2e-05	0	-2.5	0.018	-2e-05	0
6512	-2.5	0.019	-1e-05	0	-2.5	0.019	-1e-05	0
6524	-2.5	0.025	-3e-05	0	-2.5	0.025	-3e-05	0
6527	-2.5	0.0265	-3e-05	0	-2.5	0.0265	-3e-05	0
6538	-2.25	-0.011	2e-05	0	-2.25	-0.011	2e-05	0
6540	-2.25	-0.01	2e-05	0	-2.25	-0.01	2e-05	0
6541	-2.25	-0.0065	1e-05	0	-2.25	-0.0065	1e-05	0
6546	-2.25	-0.003	1e-05	0	-2.25	-0.003	1e-05	0
6548	-2.25	-0.002	1e-05	0	-2.25	-0.002	1e-05	0
6550	-2.25	0	0	0	-2.25	0	0	0
6551	-2.25	0	1e-05	0	-2.25	0	1e-05	0
6553	-2.25	0.001	0	0	-2.25	0.001	0	0
6555	-2.25	0.002	0	0	-2.25	0.002	0	0
6557	-2.25	0.003	0	0	-2.25	0.003	0	0
6558	-2.25	0.0035	0	0	-2.25	0.0035	0	0
6559	-2.25	0.004	0	0	-2.25	0.004	0	0
6560	-2.25	0.0045	0	0	-2.25	0.0045	0	0
6562	-2.25	0.0055	-1e-05	0	-2.25	0.0055	-1e-05	0
6563	-2.25	0.0055	0	0	-2.25	0.0055	0	0
6564	-2.25	0.006	-1e-05	0	-2.25	0.006	-1e-05	0
6565	-2.25	0.0065	-1e-05	0	-2.25	0.0065	-1e-05	0
6566	-2.25	0.007	-1e-05	0	-2.25	0.007	-1e-05	0
6567	-2.25	0.0075	-1e-05	0	-2.25	0.0075	-1e-05	0
6568	-2.25	0.0075	0	0	-2.25	0.0075	0	0
6569	-2.25	0.0085	-1e-05	0	-2.25	0.0085	-1e-05	0
6570	-2.25	0.009	-1e-05	0	-2.25	0.009	-1e-05	0
6578	-2.25	0.0115	-1e-05	0	-2.25	0.0115	-1e-05	0
6589	-2.25	0.0165	-3e-05	0	-2.25	0.0165	-3e-05	0
6590	-2.25	0.017	-1e-05	0	-2.25	0.017	-1e-05	0
6592	-2.25	0.0175	-2e-05	0	-2.25	0.0175	-2e-05	0
6593	-2.25	0.018	-2e-05	0	-2.25	0.018	-2e-05	0
6594	-2.25	0.0185	-3e-05	0	-2.25	0.0185	-3e-05	0
6597	-2.25	0.019	-2e-05	0	-2.25	0.019	-2e-05	0
6599	-2.25	0.0195	-3e-05	0	-2.25	0.0195	-3e-05	0
6607	-2.25	0.0225	-3e-05	0	-2.25	0.0225	-3e-05	0
6627	-2	-0.0075	2e-05	0	-2	-0.0075	2e-05	0
6629	-2	-0.0055	0	0	-2	-0.0055	0	0
6631	-2	-0.0045	1e-05	0	-2	-0.0045	1e-05	0
6633	-2	-0.003	0	0	-2	-0.003	0	0
6635	-2	-0.002	1e-05	0	-2	-0.002	1e-05	0
6636	-2	-0.0015	0	0	-2	-0.0015	0	0
6640	-2	0.0015	0	0	-2	0.0015	0	0
6642	-2	0.002	0	0	-2	0.002	0	0
6644	-2	0.0025	0	0	-2	0.0025	0	0
6645	-2	0.003	0	0	-2	0.003	0	0
6648	-2	0.004	0	0	-2	0.004	0	0
6649	-2	0.0045	-1e-05	0	-2	0.0045	-1e-05	0
6651	-2	0.005	0	0	-2	0.005	0	0
6654	-2	0.007	-1e-05	0	-2	0.007	-1e-05	0
6655	-2	0.007	0	0	-2	0.007	0	0
6657	-2	0.0075	-1e-05	0	-2	0.0075	-1e-05	0
6659	-2	0.008	-1e-05	0	-2	0.008	-1e-05	0
6660	-2	0.0085	-1e-05	0	-2	0.0085	-1e-05	0
6665	-2	0.0105	-1e-05	0	-2	0.0105	-1e-05	0
6668	-2	0.0115	-2e-05	0	-2	0.0115	-2e-05	0
6669	-2	0.0115	-1e-05	0	-2	0.0115	-1e-05	0
6670	-2	0.013	-1e-05	0	-2	0.013	-1e-05	0
6671	-2	0.0135	-2e-05	0	-2	0.0135	-2e-05	0
6672	-2	0.014	-1e-05	0	-2	0.014	-1e-05	0
6676	-2	0.016	-2e-05	0	-2	0.016	-2e-05	0
6682	-2	0.019	-2e-05	0	-2	0.019	-2e-05	0
6685	-2	0.02	-2e-05	0	-2	0.02	-2e-05	0
6688	-2	0.0215	-3e-05	0	-2	0.0215	-3e-05	0
6691	-2	0.0225	-2e-05	0	-2	0.0225	-2e-05	0
6704	-1.75	-0.004	0	0	-1.75	-0.004	0	0
6706	-1.75	-0.0035	1e-05	0	-1.75	-0.0035	1e-05	0
6708	-1.75	-0.003	0	0	-1.75	-0.003	0	0
6710	-1.75	-0.001	1e-05	0	-1.75	-0.001	1e-05	0
6712	-1.75	0	1e-05	0	-1.75	0	1e-05	0
6713	-1.75	0.0005	0	0	-1.75	0.0005	0	0
6715	-1.75	0.0015	0	0	-1.75	0.0015	0	0
6716	-1.75	0.002	0	0	-1.75	0.002	0	0
6717	-1.75	0.0025	0	0	-1.75	0.0025	0	0
6718	-1.75	0.003	0	0	-1.75	0.003	0	0
6719	-1.75	0.0035	0	0	-1.75	0.0035	0	0
6720	-1.75	0.0045	-1e-05	0	-1.75	0.0045	-1e-05	0
6721	-1.75	0.005	-1e-05	0	-1.75	0.005	-1e-05	0
6726	-1.75	0.0065	0	0	-1.75	0.0065	0	0
6728	-1.75	0.007	-1e-05	0	-1.75	0.007	-1e-05	0
6729	-1.75	0.0075	-1e-05	0	-1.75	0.0075	-1e-05	0
6731	-1.75	0.0085	-1e-05	0	-1.75	0.0085	-1e-05	0
6733	-1.75	0.009	-1e-05	0	-1.75	0.009	-1e-05	0
6735	-1.75	0.0095	-1e-05	0	-1.75	0.0095	-1e-05	0
6737	-1.75	0.01	-1e-05	0	-1.75	0.01	-1e-05	0
6739	-1.75	0.0105	-1e-05	0	-1.75	0.0105	-1e-05	0
6740	-1.75	0.011	-1e-05	0	-1.75	0.011	-1e-05	0
6741	-1.75	0.0115	-2e-05	0	-1.75	0.0115	-2e-05	0
6742	-1.75	0.012	-1e-05	0	-1.75	0.012	-1e-05	0
6745	-1.75	0.0125	-1e-05	0	-1.75	0.0125	-1e-05	0
6746	-1.75	0.013	-2e-05	0	-1.75	0.013	-2e-05	0
6750	-1.75	0.016	-2e-05	0	-1.75	0.016	-2e-05	0
6757	-1.75	0.018	-1e-05	0	-1.75	0.018	-1e-05	0
6764	-1.75	0.0215	-2e-05	0	-1.75	0.0215	-2e-05	0
6765	-1.75	0.0235	-4e-05	0	-1.75	0.0235	-4e-05	0
6782	-1.5	-0.002	1e-05	0	-1.5	-0.002	1e-05	0
6783	-1.5	-0.0015	0	0	-1.5	-0.0015	0	0
6786	-1.5	-0.001	0	0	-1.5	-0.001	0	0
6788	-1.5	0.001	0	0	-1.5	0.001	0	0
6789	-1.5	0.0015	0	0	-1.5	0.0015	0	0
6791	-1.5	0.002	0	0	-1.5	0.002	0	0
6793	-1.5	0.0025	0	0	-1.5	0.0025	0	0
6795	-1.5	0.003	0	0	-1.5	0.003	0	0
6797	-1.5	0.0035	0	0	-1.5	0.0035	0	0
6798	-1.5	0.004	0	0	-1.5	0.004	0	0
6802	-1.5	0.0055	-1e-05	0	-1.5	0.0055	-1e-05	0
6803	-1.5	0.0055	0	0	-1.5	0.0055	0	0
6804	-1.5	0.007	-1e-05	0	-1.5	0.007	-1e-05	0
6805	-1.5	0.0075	-1e-05	0	-1.5	0.0075	-1e-05	0
6806	-1.5	0.008	-1e-05	0	-1.5	0.008	-1e-05	0
6808	-1.5	0.009	-1e-05	0	-1.5	0.009	-1e-05	0
6810	-1.5	0.0095	-1e-05	0	-1.5	0.0095	-1e-05	0
6811	-1.5	0.01	-1e-05	0	-1.5	0.01	-1e-05	0
6813	-1.5	0.011	-1e-05	0	-1.5	0.011	-1e-05	0
6817	-1.5	0.012	-1e-05	0	-1.5	0.012	-1e-05	0
6825	-1.5	0.015	-2e-05	0	-1.5	0.015	-2e-05	0
6831	-1.5	0.017	-2e-05	0	-1.5	0.017	-2e-05	0
6832	-1.5	0.0175	-2e-05	0	-1.5	0.0175	-2e-05	0
6838	-1.5	0.0225	-3e-05	0	-1.5	0.0225	-3e-05	0
6845	-1.25	-0.017	3e-05	0	-1.25	-0.017	3e-05	0
6854	-1.25	-0.008	1e-05	0	-1.25	-0.008	1e-05	0
6859	-1.25	-0.005	1e-05	0	-1.25	-0.005	1e-05	0
6862	-1.25	-0.0035	0	0	-1.25	-0.0035	0	0
6863	-1.25	-0.003	1e-05	0	-1.25	-0.003	1e-05	0
6866	-1.25	-0.0015	0	0	-1.25	-0.0015	0	0
6867	-1.25	-0.0015	1e-05	0	-1.25	-0.0015	1e-05	0
6872	-1.25	0	0	0	-1.25	0	0	0
6873	-1.25	0.0005	0	0	-1.25	0.0005	0	0
6874	-1.25	0.001	0	0	-1.25	0.001	0	0
6875	-1.25	0.0015	0	0	-1.25	0.0015	0	0
6876	-1.25	0.002	0	0	-1.25	0.002	0	0
6878	-1.25	0.003	0	0	-1.25	0.003	0	0
6879	-1.25	0.0035	0	0	-1.25	0.0035	0	0
6882	-1.25	0.0045	-1e-05	0	-1.25	0.0045	-1e-05	0
6883	-1.25	0.0045	0	0	-1.25	0.0045	0	0
6884	-1.25	0.005	-1e-05	0	-1.25	0.005	-1e-05	0
6887	-1.25	0.007	-1e-05	0	-1.25	0.007	-1e-05	0
6890	-1.25	0.008	-1e-05	0	-1.25	0.008	-1e-05	0
6893	-1.25	0.0085	-1e-05	0	-1.25	0.0085	-1e-05	0
6894	-1.25	0.009	-1e-05	0	-1.25	0.009	-1e-05	0
6896	-1.25	0.0095	-1e-05	0	-1.25	0.0095	-1e-05	0
6898	-1.25	0.01	-1e-05	0	-1.25	0.01	-1e-05	0
6904	-1.25	0.012	-1e-05	0	-1.25	0.012	-1e-05	0
6907	-1.25	0.014	-1e-05	0	-1.25	0.014	-1e-05	0
6909	-1.25	0.0145	-2e-05	0	-1.25	0.0145	-2e-05	0
6911	-1.25	0.016	-3e-05	0	-1.25	0.016	-3e-05	0
6921	-1.25	0.024	-3e-05	0	-1.25	0.024	-3e-05	0
6927	-1	-0.014	2e-05	0	-1	-0.014	2e-05	0
6928	-1	-0.013	2e-05	0	-1	-0.013	2e-05	0
6931	-1	-0.01	1e-05	0	-1	-0.01	1e-05	0
6935	-1	-0.0085	1e-05	0	-1	-0.0085	1e-05	0
6943	-1	-0.003	0	0	-1	-0.003	0	0
6944	-1	-0.003	1e-05	0	-1	-0.003	1e-05	0
6948	-1	-0.001	0	0	-1	-0.001	0	0
6949	-1	-0.0005	0	0	-1	-0.0005	0	0
6950	-1	-0.0005	1e-05	0	-1	-0.0005	1e-05	0
6951	-1	0	0	0	-1	0	0	0
6953	-1	0.0005	0	0	-1	0.0005	0	0
6955	-1	0.001	0	0	-1	0.001	0	0
6957	-1	0.002	0	0	-1	0.002	0	0
6958	-1	0.0025	-1e-05	0	-1	0.0025	-1e-05	0
6959	-1	0.0025	0	0	-1	0.0025	0	0
6960	-1	0.003	-1e-05	0	-1	0.003	-1e-05	0
6962	-1	0.0035	0	0	-1	0.0035	0	0
6965	-1	0.005	-2e-05	0	-1	0.005	-2e-05	0
6970	-1	0.006	-1e-05	0	-1	0.006	-1e-05	0
6971	-1	0.006	0	0	-1	0.006	0	0
6973	-1	0.007	0	0	-1	0.007	0	0
6977	-1	0.009	-1e-05	0	-1	0.009	-1e-05	0
6980	-1	0.01	-1e-05	0	-1	0.01	-1e-05	0
6985	-1	0.0115	-2e-05	0	-1	0.0115	-2e-05	0
6990	-1	0.013	-2e-05	0	-1	0.013	-2e-05	0
6994	-1	0.015	-3e-05	0	-1	0.015	-3e-05	0
6995	-1	0.015	-1e-05	0	-1	0.015	-1e-05	0
6998	-1	0.018	-3e-05	0	-1	0.018	-3e-05	0
7011	-0.75	-0.0155	2e-05	0	-0.75	-0.0155	2e-05	0
7017	-0.75	-0.0105	2e-05	0	-0.75	-0.0105	2e-05	0
7023	-0.75	-0.006	1e-05	0	-0.75	-0.006	1e-05	0
7028	-0.75	-0.0035	0	0	-0.75	-0.0035	0	0
7032	-0.75	-0.0015	0	0	-0.75	-0.0015	0	0
7034	-0.75	-0.001	0	0	-0.75	-0.001	0	0
7035	-0.75	-0.0005	0	0	-0.75	-0.0005	0	0
7036	-0.75	0	0	0	-0.75	0	0	0
7037	-0.75	0.0005	0	0	-0.75	0.0005	0	0
7038	-0.75	0.001	0	0	-0.75	0.001	0	0
7039	-0.75	0.0015	0	0	-0.75	0.0015	0	0
7041	-0.75	0.002	0	0	-0.75	0.002	0	0
7042	-0.75	0.0025	0	0	-0.75	0.0025	0	0
7045	-0.75	0.0035	-1e-05	0	-0.75	0.0035	-1e-05	0
7049	-0.75	0.0045	0	0	-0.75	0.0045	0	0
7052	-0.75	0.006	-1e-05	0	-0.75	0.006	-1e-05	0
7053	-0.75	0.006	0	0	-0.75	0.006	0	0
7054	-0.75	0.0065	-1e-05	0	-0.75	0.0065	-1e-05	0
7055	-0.75	0.007	-1e-05	0	-0.75	0.007	-1e-05	0
7056	-0.75	0.0075	-1e-05	0	-0.75	0.0075	-1e-05	0
7058	-0.75	0.008	-2e-05	0	-0.75	0.008	-2e-05	0
7059	-0.75	0.008	-1e-05	0	-0.75	0.008	-1e-05	0
7064	-0.75	0.009	-1e-05	0	-0.75	0.009	-1e-05	0
7067	-0.75	0.01	-2e-05	0	-0.75	0.01	-2e-05	0
7088	-0.5	-0.014	2e-05	0	-0.5	-0.014	2e-05	0
7094	-0.5	-0.011	1e-05	0	-0.5	-0.011	1e-05	0
7096	-0.5	-0.0105	2e-05	0	-0.5	-0.0105	2e-05	0
7097	-0.5	-0.01	1e-05	0	-0.5	-0.01	1e-05	0
7099	-0.5	-0.0075	1e-05	0	-0.5	-0.0075	1e-05	0
7102	-0.5	-0.006	0	0	-0.5	-0.006	0	0
7106	-0.5	-0.005	1e-05	0	-0.5	-0.005	1e-05	0
7108	-0.5	-0.0045	1e-05	0	-0.5	-0.0045	1e-05	0
7110	-0.5	-0.0035	0	0	-0.5	-0.0035	0	0
7111	-0.5	-0.003	0	0	-0.5	-0.003	0	0
7113	-0.5	-0.0025	0	0	-0.5	-0.0025	0	0
7114	-0.5	-0.0025	1e-05	0	-0.5	-0.0025	1e-05	0
7115	-0.5	-0.0015	0	0	-0.5	-0.0015	0	0
7116	-0.5	-0.001	0	0	-0.5	-0.001	0	0
7117	-0.5	-0.0005	0	0	-0.5	-0.0005	0	0
7119	-0.5	0	0	0	-0.5	0	0	0
7121	-0.5	0.001	0	0	-0.5	0.001	0	0
7125	-0.5	0.002	0	0	-0.5	0.002	0	0
7129	-0.5	0.003	0	0	-0.5	0.003	0	0
7130	-0.5	0.0035	-1e-05	0	-0.5	0.0035	-1e-05	0
7133	-0.5	0.004	0	0	-0.5	0.004	0	0
7135	-0.5	0.005	-1e-05	0	-0.5	0.005	-1e-05	0
7137	-0.5	0.0055	-1e-05	0	-0.5	0.0055	-1e-05	0
7142	-0.5	0.007	-1e-05	0	-0.5	0.007	-1e-05	0
7143	-0.5	0.008	-1e-05	0	-0.5	0.008	-1e-05	0
7144	-0.5	0.0085	-1e-05	0	-0.5	0.0085	-1e-05	0
7146	-0.5	0.01	-1e-05	0	-0.5	0.01	-1e-05	0
7150	-0.5	0.013	-2e-05	0	-0.5	0.013	-2e-05	0
7156	-0.5	0.018	-3e-05	0	-0.5	0.018	-3e-05	0
7159	-0.25	-0.0245	3e-05	0	-0.25	-0.0245	3e-05	0
7178	-0.25	-0.0105	1e-05	0	-0.25	-0.0105	1e-05	0
7179	-0.25	-0.0105	2e-05	0	-0.25	-0.0105	2e-05	0
7184	-0.25	-0.0085	0	0	-0.25	-0.0085	0	0
7185	-0.25	-0.0085	2e-05	0	-0.25	-0.0085	2e-05	0
7191	-0.25	-0.0065	1e-05	0	-0.25	-0.0065	1e-05	0
7200	-0.25	-0.0025	0	0	-0.25	-0.0025	0	0
7201	-0.25	-0.002	0	0	-0.25	-0.002	0	0
7203	-0.25	-0.0015	0	0	-0.25	-0.0015	0	0
7205	-0.25	-0.001	0	0	-0.25	-0.001	0	0
7206	-0.25	-0.0005	0	0	-0.25	-0.0005	0	0
7208	-0.25	0	0	0	-0.25	0	0	0
7209	-0.25	0	1e-05	0	-0.25	0	1e-05	0
7210	-0.25	0.0005	0	0	-0.25	0.0005	0	0
7211	-0.25	0.001	0	0	-0.25	0.001	0	0
7212	-0.25	0.0015	0	0	-0.25	0.0015	0	0
7213	-0.25	0.002	-1e-05	0	-0.25	0.002	-1e-05	0
7217	-0.25	0.003	0	0	-0.25	0.003	0	0
7221	-0.25	0.0045	-1e-05	0	-0.25	0.0045	-1e-05	0
7224	-0.25	0.0055	-1e-05	0	-0.25	0.0055	-1e-05	0
7225	-0.25	0.0055	0	0	-0.25	0.0055	0	0
7228	-0.25	0.008	-1e-05	0	-0.25	0.008	-1e-05	0
7233	-0.25	0.0095	-1e-05	0	-0.25	0.0095	-1e-05	0
7235	-0.25	0.0115	-1e-05	0	-0.25	0.0115	-1e-05	0
7240	0	-0.0265	3e-05	0	0	-0.0265	3e-05	0
7248	0	-0.0165	2e-05	0	0	-0.0165	2e-05	0
7252	0	-0.013	1e-05	0	0	-0.013	1e-05	0
7256	0	-0.011	1e-05	0	0	-0.011	1e-05	0
7262	0	-0.007	1e-05	0	0	-0.007	1e-05	0
7266	0	-0.0045	0	0	0	-0.0045	0	0
7267	0	-0.004	1e-05	0	0	-0.004	1e-05	0
7275	0	-0.001	0	0	0	-0.001	0	0
7276	0	-0.0005	0	0	0	-0.0005	0	0
7277	0	0	0	0	0	0	0	0
7280	0	0.0005	0	0	0	0.0005	0	0
7281	0	0.001	-1e-05	0	0	0.001	-1e-05	0
7291	0	0.004	-1e-05	0	0	0.004	-1e-05	0
7293	0	0.0055	0	0	0	0.0055	0	0
7294	0	0.0065	-1e-05	0	0	0.0065	-1e-05	0
7299	0	0.009	-1e-05	0	0	0.009	-1e-05	0
7310	0.25	-0.018	2e-05	0	0.25	-0.018	2e-05	0
7312	0.25	-0.017	2e-05	0	0.25	-0.017	2e-05	0
7319	0.25	-0.0115	1e-05	0	0.25	-0.0115	1e-05	0
7330	0.25	-0.0065	0	0	0.25	-0.0065	0	0
7333	0.25	-0.0055	1e-05	0	0.25	-0.0055	1e-05	0
7334	0.25	-0.005	0	0	0.25	-0.005	0	0
7341	0.25	-0.003	0	0	0.25	-0.003	0	0
7342	0.25	-0.0025	0	0	0.25	-0.0025	0	0
7344	0.25	-0.001	0	0	0.25	-0.001	0	0
7346	0.25	-0.0005	0	0	0.25	-0.0005	0	0
7351	0.25	0.001	-1e-05	0	0.25	0.001	-1e-05	0
7352	0.25	0.001	0	0	0.25	0.001	0	0
7356	0.25	0.002	-1e-05	0	0.25	0.002	-1e-05	0
7359	0.25	0.0025	0	0	0.25	0.0025	0	0
7363	0.25	0.004	-1e-05	0	0.25	0.004	-1e-05	0
7369	0.25	0.006	-1e-05	0	0.25	0.006	-1e-05	0
7370	0.25	0.007	-2e-05	0	0.25	0.007	-2e-05	0
7395	0.5	-0.012	2e-05	0	0.5	-0.012	2e-05	0
7397	0.5	-0.0105	1e-05	0	0.5	-0.0105	1e-05	0
7399	0.5	-0.01	1e-05	0	0.5	-0.01	1e-05	0
7402	0.5	-0.0095	1e-05	0	0.5	-0.0095	1e-05	0
7407	0.5	-0.008	0	0	0.5	-0.008	0	0
7409	0.5	-0.0075	1e-05	0	0.5	-0.0075	1e-05	0
7412	0.5	-0.006	0	0	0.5	-0.006	0	0
7413	0.5	-0.0055	0	0	0.5	-0.0055	0	0
7415	0.5	-0.005	1e-05	0	0.5	-0.005	1e-05	0
7416	0.5	-0.0045	0	0	0.5	-0.0045	0	0
7419	0.5	-0.0035	0	0	0.5	-0.0035	0	0
7431	0.5	0.001	0	0	0.5	0.001	0	0
7432	0.5	0.0015	-1e-05	0	0.5	0.0015	-1e-05	0
7433	0.5	0.0015	0	0	0.5	0.0015	0	0
7438	0.5	0.003	0	0	0.5	0.003	0	0
7447	0.5	0.0075	-1e-05	0	0.5	0.0075	-1e-05	0
7448	0.5	0.008	-1e-05	0	0.5	0.008	-1e-05	0
7452	0.75	-0.0265	3e-05	0	0.75	-0.0265	3e-05	0
7459	0.75	-0.0145	1e-05	0	0.75	-0.0145	1e-05	0
7467	0.75	-0.0105	1e-05	0	0.75	-0.0105	1e-05	0
7469	0.75	-0.0095	1e-05	0	0.75	-0.0095	1e-05	0
7472	0.75	-0.0085	1e-05	0	0.75	-0.0085	1e-05	0
7475	0.75	-0.0075	0	0	0.75	-0.0075	0	0
7476	0.75	-0.0075	1e-05	0	0.75	-0.0075	1e-05	0
7477	0.75	-0.007	1e-05	0	0.75	-0.007	1e-05	0
7479	0.75	-0.006	0	0	0.75	-0.006	0	0
7482	0.75	-0.005	0	0	0.75	-0.005	0	0
7485	0.75	-0.0045	0	0	0.75	-0.0045	0	0
7486	0.75	-0.0045	1e-05	0	0.75	-0.0045	1e-05	0
7487	0.75	-0.003	0	0	0.75	-0.003	0	0
7488	0.75	-0.0025	0	0	0.75	-0.0025	0	0
7489	0.75	-0.002	0	0	0.75	-0.002	0	0
7493	0.75	-0.0005	0	0	0.75	-0.0005	0	0
7496	0.75	0.0005	-1e-05	0	0.75	0.0005	-1e-05	0
7502	0.75	0.0045	0	0	0.75	0.0045	0	0
7520	1	-0.0165	2e-05	0	1	-0.0165	2e-05	0
7522	1	-0.0155	1e-05	0	1	-0.0155	1e-05	0
7525	1	-0.014	2e-05	0	1	-0.014	2e-05	0
7529	1	-0.0125	2e-05	0	1	-0.0125	2e-05	0
7531	1	-0.0105	1e-05	0	1	-0.0105	1e-05	0
7532	1	-0.01	1e-05	0	1	-0.01	1e-05	0
7534	1	-0.0065	0	0	1	-0.0065	0	0
7543	1	-0.0035	0	0	1	-0.0035	0	0
7549	1	-0.0015	0	0	1	-0.0015	0	0
7553	1	0.0005	0	0	1	0.0005	0	0
7554	1	0.001	0	0	1	0.001	0	0
7564	1.25	-0.02	1e-05	0	1.25	-0.02	1e-05	0
7567	1.25	-0.0175	2e-05	0	1.25	-0.0175	2e-05	0
7571	1.25	-0.0145	1e-05	0	1.25	-0.0145	1e-05	0
7574	1.25	-0.013	1e-05	0	1.25	-0.013	1e-05	0
7587	1.25	-0.007	0	0	1.25	-0.007	0	0
7589	1.25	-0.006	1e-05	0	1.25	-0.006	1e-05	0
7590	1.25	-0.0055	-1e-05	0	1.25	-0.0055	-1e-05	0
7591	1.25	-0.0055	1e-05	0	1.25	-0.0055	1e-05	0
7593	1.25	-0.005	0	0	1.25	-0.005	0	0
7594	1.25	-0.0045	0	0	1.25	-0.0045	0	0
7596	1.25	-0.002	0	0	1.25	-0.002	0	0
7603	1.5	-0.023	2e-05	0	1.5	-0.023	2e-05	0
7609	1.5	-0.019	3e-05	0	1.5	-0.019	3e-05	0
7611	1.5	-0.0165	2e-05	0	1.5	-0.0165	2e-05	0
7612	1.5	-0.016	2e-05	0	1.5	-0.016	2e-05	0
7618	1.5	-0.012	1e-05	0	1.5	-0.012	1e-05	0
7621	1.5	-0.011	0	0	1.5	-0.011	0	0
7624	1.5	-0.01	1e-05	0	1.5	-0.01	1e-05	0
7627	1.5	-0.0085	1e-05	0	1.5	-0.0085	1e-05	0
7639	1.5	-0.002	0	0	1.5	-0.002	0	0
7648	1.75	-0.0255	3e-05	0	1.75	-0.0255	3e-05	0
7649	1.75	-0.0235	2e-05	0	1.75	-0.0235	2e-05	0
7659	1.75	-0.018	2e-05	0	1.75	-0.018	2e-05	0
7661	1.75	-0.0165	1e-05	0	1.75	-0.0165	1e-05	0
7668	1.75	-0.0125	1e-05	0	1.75	-0.0125	1e-05	0
7673	1.75	-0.01	1e-05	0	1.75	-0.01	1e-05	0
7679	1.75	-0.008	0	0	1.75	-0.008	0	0
7687	2	-0.026	3e-05	0	2	-0.026	3e-05	0
7693	2	-0.023	3e-05	0	2	-0.023	3e-05	0
7695	2	-0.0215	2e-05	0	2	-0.0215	2e-05	0
7706	2	-0.0135	2e-05	0	2	-0.0135	2e-05	0
7708	2	-0.013	1e-05	0	2	-0.013	1e-05	0
7711	2	-0.012	1e-05	0	2	-0.012	1e-05	0
