4	-10.25	0.0565	-5e-05	0	-10.25	0.0565	-5e-05	0
11	-8.75	0.0475	-4e-05	0	-8.75	0.0475	-4e-05	0
18	-8	0.024	-2e-05	0	-8	0.024	-2e-05	0
23	-7.75	0.029	-2e-05	0	-7.75	0.029	-2e-05	0
31	-7.5	0.0435	-5e-05	0	-7.5	0.0435	-5e-05	0
35	-7.25	0.023	-2e-05	0	-7.25	0.023	-2e-05	0
37	-7.25	0.044	-4e-05	0	-7.25	0.044	-4e-05	0
39	-7	0.031	-3e-05	0	-7	0.031	-3e-05	0
40	-7	0.032	-3e-05	0	-7	0.032	-3e-05	0
56	-6.5	0.0375	-4e-05	0	-6.5	0.0375	-4e-05	0
58	-6.5	0.0405	-4e-05	0	-6.5	0.0405	-4e-05	0
62	-6.25	0.0285	-3e-05	0	-6.25	0.0285	-3e-05	0
69	-6.25	0.0405	-3e-05	0	-6.25	0.0405	-3e-05	0
77	-6	0.037	-4e-05	0	-6	0.037	-4e-05	0
78	-6	0.038	-3e-05	0	-6	0.038	-3e-05	0
85	-5.75	0.0255	-2e-05	0	-5.75	0.0255	-2e-05	0
86	-5.75	0.027	-3e-05	0	-5.75	0.027	-3e-05	0
99	-5.5	0.0215	-2e-05	0	-5.5	0.0215	-2e-05	0
101	-5.5	0.025	-2e-05	0	-5.5	0.025	-2e-05	0
102	-5.5	0.026	-2e-05	0	-5.5	0.026	-2e-05	0
103	-5.5	0.029	-3e-05	0	-5.5	0.029	-3e-05	0
108	-5.5	0.039	-4e-05	0	-5.5	0.039	-4e-05	0
117	-5.25	0.0315	-3e-05	0	-5.25	0.0315	-3e-05	0
124	-5.25	0.0375	-3e-05	0	-5.25	0.0375	-3e-05	0
128	-5	0.0205	-2e-05	0	-5	0.0205	-2e-05	0
129	-5	0.021	-2e-05	0	-5	0.021	-2e-05	0
130	-5	0.024	-2e-05	0	-5	0.024	-2e-05	0
134	-5	0.0445	-5e-05	0	-5	0.0445	-5e-05	0
142	-4.75	0.016	-2e-05	0	-4.75	0.016	-2e-05	0
144	-4.75	0.0185	-1e-05	0	-4.75	0.0185	-1e-05	0
145	-4.75	0.0195	-2e-05	0	-4.75	0.0195	-2e-05	0
148	-4.75	0.0295	-3e-05	0	-4.75	0.0295	-3e-05	0
150	-4.75	0.0315	-3e-05	0	-4.75	0.0315	-3e-05	0
155	-4.75	0.0355	-4e-05	0	-4.75	0.0355	-4e-05	0
162	-4.5	0.0145	-1e-05	0	-4.5	0.0145	-1e-05	0
166	-4.5	0.0255	-2e-05	0	-4.5	0.0255	-2e-05	0
169	-4.5	0.029	-3e-05	0	-4.5	0.029	-3e-05	0
174	-4.5	0.0365	-4e-05	0	-4.5	0.0365	-4e-05	0
182	-4.25	0.0105	-1e-05	0	-4.25	0.0105	-1e-05	0
185	-4.25	0.013	-1e-05	0	-4.25	0.013	-1e-05	0
186	-4.25	0.015	-1e-05	0	-4.25	0.015	-1e-05	0
187	-4.25	0.02	-2e-05	0	-4.25	0.02	-2e-05	0
188	-4.25	0.022	-2e-05	0	-4.25	0.022	-2e-05	0
194	-4.25	0.027	-3e-05	0	-4.25	0.027	-3e-05	0
196	-4.25	0.0305	-2e-05	0	-4.25	0.0305	-2e-05	0
198	-4.25	0.0325	-4e-05	0	-4.25	0.0325	-4e-05	0
199	-4.25	0.035	-4e-05	0	-4.25	0.035	-4e-05	0
205	-4	0.0015	0	0	-4	0.0015	0	0
209	-4	0.013	-1e-05	0	-4	0.013	-1e-05	0
211	-4	0.014	-1e-05	0	-4	0.014	-1e-05	0
212	-4	0.017	-2e-05	0	-4	0.017	-2e-05	0
213	-4	0.0185	-2e-05	0	-4	0.0185	-2e-05	0
214	-4	0.0195	-2e-05	0	-4	0.0195	-2e-05	0
216	-4	0.02	-2e-05	0	-4	0.02	-2e-05	0
218	-4	0.023	-2e-05	0	-4	0.023	-2e-05	0
219	-4	0.0235	-2e-05	0	-4	0.0235	-2e-05	0
223	-4	0.028	-3e-05	0	-4	0.028	-3e-05	0
225	-4	0.0285	-2e-05	0	-4	0.0285	-2e-05	0
241	-3.75	0.0105	-1e-05	0	-3.75	0.0105	-1e-05	0
242	-3.75	0.014	-1e-05	0	-3.75	0.014	-1e-05	0
243	-3.75	0.0155	-2e-05	0	-3.75	0.0155	-2e-05	0
244	-3.75	0.0185	-2e-05	0	-3.75	0.0185	-2e-05	0
245	-3.75	0.0205	-2e-05	0	-3.75	0.0205	-2e-05	0
248	-3.75	0.0265	-3e-05	0	-3.75	0.0265	-3e-05	0
250	-3.75	0.0275	-3e-05	0	-3.75	0.0275	-3e-05	0
260	-3.5	0.0135	-1e-05	0	-3.5	0.0135	-1e-05	0
261	-3.5	0.014	-1e-05	0	-3.5	0.014	-1e-05	0
263	-3.5	0.018	-2e-05	0	-3.5	0.018	-2e-05	0
264	-3.5	0.0185	-2e-05	0	-3.5	0.0185	-2e-05	0
265	-3.5	0.019	-2e-05	0	-3.5	0.019	-2e-05	0
266	-3.5	0.02	-2e-05	0	-3.5	0.02	-2e-05	0
269	-3.5	0.023	-2e-05	0	-3.5	0.023	-2e-05	0
272	-3.5	0.027	-3e-05	0	-3.5	0.027	-3e-05	0
274	-3.5	0.0285	-3e-05	0	-3.5	0.0285	-3e-05	0
286	-3.25	0.0105	-1e-05	0	-3.25	0.0105	-1e-05	0
288	-3.25	0.0135	-1e-05	0	-3.25	0.0135	-1e-05	0
289	-3.25	0.015	-1e-05	0	-3.25	0.015	-1e-05	0
294	-3.25	0.019	-2e-05	0	-3.25	0.019	-2e-05	0
295	-3.25	0.02	-2e-05	0	-3.25	0.02	-2e-05	0
297	-3.25	0.0205	-2e-05	0	-3.25	0.0205	-2e-05	0
300	-3.25	0.022	-2e-05	0	-3.25	0.022	-2e-05	0
301	-3.25	0.0225	-2e-05	0	-3.25	0.0225	-2e-05	0
303	-3.25	0.023	-2e-05	0	-3.25	0.023	-2e-05	0
304	-3.25	0.0235	-2e-05	0	-3.25	0.0235	-2e-05	0
309	-3.25	0.029	-4e-05	0	-3.25	0.029	-4e-05	0
311	-3.25	0.0295	-3e-05	0	-3.25	0.0295	-3e-05	0
316	-3	-0.004	1e-05	0	-3	-0.004	1e-05	0
318	-3	0.0045	0	0	-3	0.0045	0	0
321	-3	0.0125	-1e-05	0	-3	0.0125	-1e-05	0
323	-3	0.013	-1e-05	0	-3	0.013	-1e-05	0
324	-3	0.0135	-1e-05	0	-3	0.0135	-1e-05	0
326	-3	0.015	-1e-05	0	-3	0.015	-1e-05	0
329	-3	0.016	-2e-05	0	-3	0.016	-2e-05	0
330	-3	0.0165	-1e-05	0	-3	0.0165	-1e-05	0
331	-3	0.017	-2e-05	0	-3	0.017	-2e-05	0
336	-3	0.019	-2e-05	0	-3	0.019	-2e-05	0
339	-3	0.021	-2e-05	0	-3	0.021	-2e-05	0
342	-3	0.0225	-2e-05	0	-3	0.0225	-2e-05	0
343	-3	0.023	-3e-05	0	-3	0.023	-3e-05	0
345	-3	0.0255	-3e-05	0	-3	0.0255	-3e-05	0
347	-3	0.026	-3e-05	0	-3	0.026	-3e-05	0
348	-3	0.027	-3e-05	0	-3	0.027	-3e-05	0
351	-3	0.0285	-3e-05	0	-3	0.0285	-3e-05	0
356	-2.75	0.0095	-1e-05	0	-2.75	0.0095	-1e-05	0
358	-2.75	0.01	-2e-05	0	-2.75	0.01	-2e-05	0
361	-2.75	0.0125	-1e-05	0	-2.75	0.0125	-1e-05	0
362	-2.75	0.0135	-1e-05	0	-2.75	0.0135	-1e-05	0
364	-2.75	0.0145	-1e-05	0	-2.75	0.0145	-1e-05	0
368	-2.75	0.02	-2e-05	0	-2.75	0.02	-2e-05	0
369	-2.75	0.0205	-3e-05	0	-2.75	0.0205	-3e-05	0
370	-2.75	0.0205	-2e-05	0	-2.75	0.0205	-2e-05	0
374	-2.75	0.0235	-3e-05	0	-2.75	0.0235	-3e-05	0
376	-2.75	0.025	-3e-05	0	-2.75	0.025	-3e-05	0
381	-2.5	-0.0055	1e-05	0	-2.5	-0.0055	1e-05	0
383	-2.5	-0.0015	1e-05	0	-2.5	-0.0015	1e-05	0
384	-2.5	0.0015	1e-05	0	-2.5	0.0015	1e-05	0
385	-2.5	0.002	0	0	-2.5	0.002	0	0
388	-2.5	0.0075	-1e-05	0	-2.5	0.0075	-1e-05	0
390	-2.5	0.009	-1e-05	0	-2.5	0.009	-1e-05	0
394	-2.5	0.0125	-1e-05	0	-2.5	0.0125	-1e-05	0
395	-2.5	0.014	-1e-05	0	-2.5	0.014	-1e-05	0
397	-2.5	0.016	-2e-05	0	-2.5	0.016	-2e-05	0
399	-2.5	0.0165	-1e-05	0	-2.5	0.0165	-1e-05	0
400	-2.5	0.0175	-2e-05	0	-2.5	0.0175	-2e-05	0
401	-2.5	0.018	-2e-05	0	-2.5	0.018	-2e-05	0
405	-2.5	0.0195	-2e-05	0	-2.5	0.0195	-2e-05	0
412	-2.5	0.0235	-3e-05	0	-2.5	0.0235	-3e-05	0
419	-2.5	0.0315	-4e-05	0	-2.5	0.0315	-4e-05	0
425	-2.25	0.004	0	0	-2.25	0.004	0	0
426	-2.25	0.0055	0	0	-2.25	0.0055	0	0
427	-2.25	0.007	0	0	-2.25	0.007	0	0
428	-2.25	0.0075	-1e-05	0	-2.25	0.0075	-1e-05	0
429	-2.25	0.0085	0	0	-2.25	0.0085	0	0
434	-2.25	0.0115	-1e-05	0	-2.25	0.0115	-1e-05	0
436	-2.25	0.0135	-1e-05	0	-2.25	0.0135	-1e-05	0
437	-2.25	0.0145	-2e-05	0	-2.25	0.0145	-2e-05	0
439	-2.25	0.0165	-2e-05	0	-2.25	0.0165	-2e-05	0
440	-2.25	0.0165	-1e-05	0	-2.25	0.0165	-1e-05	0
442	-2.25	0.018	-2e-05	0	-2.25	0.018	-2e-05	0
444	-2.25	0.019	-3e-05	0	-2.25	0.019	-3e-05	0
446	-2.25	0.0205	-3e-05	0	-2.25	0.0205	-3e-05	0
453	-2	0.003	0	0	-2	0.003	0	0
455	-2	0.0045	0	0	-2	0.0045	0	0
456	-2	0.0055	0	0	-2	0.0055	0	0
459	-2	0.0085	-1e-05	0	-2	0.0085	-1e-05	0
464	-2	0.011	-1e-05	0	-2	0.011	-1e-05	0
465	-2	0.0115	-1e-05	0	-2	0.0115	-1e-05	0
466	-2	0.0125	-1e-05	0	-2	0.0125	-1e-05	0
470	-2	0.014	-1e-05	0	-2	0.014	-1e-05	0
472	-2	0.0145	-1e-05	0	-2	0.0145	-1e-05	0
474	-2	0.015	-2e-05	0	-2	0.015	-2e-05	0
475	-2	0.016	-2e-05	0	-2	0.016	-2e-05	0
478	-2	0.017	-2e-05	0	-2	0.017	-2e-05	0
479	-2	0.018	-2e-05	0	-2	0.018	-2e-05	0
488	-1.75	-0.0105	2e-05	0	-1.75	-0.0105	2e-05	0
489	-1.75	-0.0075	1e-05	0	-1.75	-0.0075	1e-05	0
492	-1.75	0.0015	0	0	-1.75	0.0015	0	0
493	-1.75	0.002	0	0	-1.75	0.002	0	0
495	-1.75	0.0035	0	0	-1.75	0.0035	0	0
497	-1.75	0.005	0	0	-1.75	0.005	0	0
498	-1.75	0.0055	0	0	-1.75	0.0055	0	0
500	-1.75	0.008	-1e-05	0	-1.75	0.008	-1e-05	0
501	-1.75	0.01	-1e-05	0	-1.75	0.01	-1e-05	0
503	-1.75	0.0105	-1e-05	0	-1.75	0.0105	-1e-05	0
504	-1.75	0.011	-1e-05	0	-1.75	0.011	-1e-05	0
506	-1.75	0.012	-2e-05	0	-1.75	0.012	-2e-05	0
507	-1.75	0.012	-1e-05	0	-1.75	0.012	-1e-05	0
509	-1.75	0.0145	-2e-05	0	-1.75	0.0145	-2e-05	0
522	-1.5	0	0	0	-1.5	0	0	0
524	-1.5	0.001	0	0	-1.5	0.001	0	0
525	-1.5	0.0015	0	0	-1.5	0.0015	0	0
526	-1.5	0.002	0	0	-1.5	0.002	0	0
527	-1.5	0.0025	0	0	-1.5	0.0025	0	0
528	-1.5	0.0035	0	0	-1.5	0.0035	0	0
531	-1.5	0.008	-2e-05	0	-1.5	0.008	-2e-05	0
532	-1.5	0.0085	-1e-05	0	-1.5	0.0085	-1e-05	0
534	-1.5	0.01	-1e-05	0	-1.5	0.01	-1e-05	0
535	-1.5	0.0105	-1e-05	0	-1.5	0.0105	-1e-05	0
536	-1.5	0.011	-1e-05	0	-1.5	0.011	-1e-05	0
542	-1.5	0.013	-2e-05	0	-1.5	0.013	-2e-05	0
543	-1.5	0.0135	-1e-05	0	-1.5	0.0135	-1e-05	0
551	-1.5	0.0165	-2e-05	0	-1.5	0.0165	-2e-05	0
552	-1.5	0.017	-2e-05	0	-1.5	0.017	-2e-05	0
553	-1.5	0.0175	-2e-05	0	-1.5	0.0175	-2e-05	0
560	-1.25	-0.006	1e-05	0	-1.25	-0.006	1e-05	0
563	-1.25	-0.0025	0	0	-1.25	-0.0025	0	0
566	-1.25	0.0005	0	0	-1.25	0.0005	0	0
567	-1.25	0.002	0	0	-1.25	0.002	0	0
571	-1.25	0.005	-1e-05	0	-1.25	0.005	-1e-05	0
573	-1.25	0.0055	0	0	-1.25	0.0055	0	0
574	-1.25	0.0065	-1e-05	0	-1.25	0.0065	-1e-05	0
575	-1.25	0.0075	-1e-05	0	-1.25	0.0075	-1e-05	0
577	-1.25	0.008	-1e-05	0	-1.25	0.008	-1e-05	0
578	-1.25	0.0085	-1e-05	0	-1.25	0.0085	-1e-05	0
580	-1.25	0.0105	-1e-05	0	-1.25	0.0105	-1e-05	0
584	-1.25	0.012	-1e-05	0	-1.25	0.012	-1e-05	0
596	-1	-0.008	2e-05	0	-1	-0.008	2e-05	0
598	-1	-0.0035	1e-05	0	-1	-0.0035	1e-05	0
600	-1	-0.001	0	0	-1	-0.001	0	0
601	-1	0	1e-05	0	-1	0	1e-05	0
602	-1	0.001	0	0	-1	0.001	0	0
603	-1	0.0015	0	0	-1	0.0015	0	0
604	-1	0.002	0	0	-1	0.002	0	0
605	-1	0.0025	0	0	-1	0.0025	0	0
606	-1	0.003	0	0	-1	0.003	0	0
611	-1	0.007	-1e-05	0	-1	0.007	-1e-05	0
612	-1	0.007	0	0	-1	0.007	0	0
615	-1	0.009	-1e-05	0	-1	0.009	-1e-05	0
621	-1	0.0135	-3e-05	0	-1	0.0135	-3e-05	0
623	-1	0.0145	-2e-05	0	-1	0.0145	-2e-05	0
628	-1	0.0195	-3e-05	0	-1	0.0195	-3e-05	0
637	-0.75	-0.0055	1e-05	0	-0.75	-0.0055	1e-05	0
639	-0.75	-0.0035	1e-05	0	-0.75	-0.0035	1e-05	0
640	-0.75	-0.001	0	0	-0.75	-0.001	0	0
641	-0.75	0	0	0	-0.75	0	0	0
642	-0.75	0.0005	0	0	-0.75	0.0005	0	0
643	-0.75	0.001	0	0	-0.75	0.001	0	0
644	-0.75	0.0015	0	0	-0.75	0.0015	0	0
645	-0.75	0.003	0	0	-0.75	0.003	0	0
646	-0.75	0.0035	-1e-05	0	-0.75	0.0035	-1e-05	0
647	-0.75	0.004	0	0	-0.75	0.004	0	0
648	-0.75	0.0045	-1e-05	0	-0.75	0.0045	-1e-05	0
649	-0.75	0.0045	0	0	-0.75	0.0045	0	0
651	-0.75	0.0055	-1e-05	0	-0.75	0.0055	-1e-05	0
653	-0.75	0.0065	-1e-05	0	-0.75	0.0065	-1e-05	0
654	-0.75	0.007	-1e-05	0	-0.75	0.007	-1e-05	0
655	-0.75	0.0075	0	0	-0.75	0.0075	0	0
657	-0.75	0.008	-1e-05	0	-0.75	0.008	-1e-05	0
658	-0.75	0.0085	-1e-05	0	-0.75	0.0085	-1e-05	0
661	-0.75	0.0095	-2e-05	0	-0.75	0.0095	-2e-05	0
664	-0.75	0.01	-1e-05	0	-0.75	0.01	-1e-05	0
667	-0.75	0.0135	-1e-05	0	-0.75	0.0135	-1e-05	0
668	-0.75	0.0145	-2e-05	0	-0.75	0.0145	-2e-05	0
677	-0.5	-0.012	2e-05	0	-0.5	-0.012	2e-05	0
678	-0.5	-0.0115	1e-05	0	-0.5	-0.0115	1e-05	0
681	-0.5	-0.007	1e-05	0	-0.5	-0.007	1e-05	0
683	-0.5	-0.0065	1e-05	0	-0.5	-0.0065	1e-05	0
689	-0.5	-0.0025	0	0	-0.5	-0.0025	0	0
691	-0.5	-0.001	1e-05	0	-0.5	-0.001	1e-05	0
693	-0.5	0.0005	0	0	-0.5	0.0005	0	0
694	-0.5	0.001	0	0	-0.5	0.001	0	0
699	-0.5	0.0025	1e-05	0	-0.5	0.0025	1e-05	0
711	-0.5	0.0065	-1e-05	0	-0.5	0.0065	-1e-05	0
719	-0.5	0.01	-1e-05	0	-0.5	0.01	-1e-05	0
721	-0.5	0.013	-2e-05	0	-0.5	0.013	-2e-05	0
722	-0.5	0.013	-1e-05	0	-0.5	0.013	-1e-05	0
728	-0.25	-0.009	1e-05	0	-0.25	-0.009	1e-05	0
732	-0.25	-0.005	0	0	-0.25	-0.005	0	0
736	-0.25	-0.0025	0	0	-0.25	-0.0025	0	0
737	-0.25	-0.002	0	0	-0.25	-0.002	0	0
738	-0.25	-0.0015	0	0	-0.25	-0.0015	0	0
739	-0.25	0	0	0	-0.25	0	0	0
740	-0.25	0.0005	0	0	-0.25	0.0005	0	0
742	-0.25	0.0015	-1e-05	0	-0.25	0.0015	-1e-05	0
744	-0.25	0.002	0	0	-0.25	0.002	0	0
746	-0.25	0.0035	-1e-05	0	-0.25	0.0035	-1e-05	0
748	-0.25	0.004	-1e-05	0	-0.25	0.004	-1e-05	0
749	-0.25	0.004	0	0	-0.25	0.004	0	0
752	-0.25	0.006	-1e-05	0	-0.25	0.006	-1e-05	0
755	-0.25	0.007	-1e-05	0	-0.25	0.007	-1e-05	0
761	-0.25	0.0115	-1e-05	0	-0.25	0.0115	-1e-05	0
765	0	-0.0205	2e-05	0	0	-0.0205	2e-05	0
766	0	-0.0155	2e-05	0	0	-0.0155	2e-05	0
771	0	-0.0085	1e-05	0	0	-0.0085	1e-05	0
772	0	-0.0075	1e-05	0	0	-0.0075	1e-05	0
776	0	-0.0035	0	0	0	-0.0035	0	0
777	0	-0.003	1e-05	0	0	-0.003	1e-05	0
778	0	-0.0025	0	0	0	-0.0025	0	0
781	0	-0.001	1e-05	0	0	-0.001	1e-05	0
784	0	0	0	0	0	0	0	0
785	0	0.0005	0	0	0	0.0005	0	0
786	0	0.001	0	0	0	0.001	0	0
789	0	0.002	0	0	0	0.002	0	0
795	0	0.004	0	0	0	0.004	0	0
808	0.25	-0.007	1e-05	0	0.25	-0.007	1e-05	0
810	0.25	-0.0055	0	0	0.25	-0.0055	0	0
815	0.25	-0.0035	1e-05	0	0.25	-0.0035	1e-05	0
816	0.25	-0.003	0	0	0.25	-0.003	0	0
819	0.25	-0.0015	0	0	0.25	-0.0015	0	0
823	0.25	-0.0005	0	0	0.25	-0.0005	0	0
824	0.25	0.0005	0	0	0.25	0.0005	0	0
826	0.25	0.002	0	0	0.25	0.002	0	0
828	0.25	0.003	-1e-05	0	0.25	0.003	-1e-05	0
836	0.25	0.008	-2e-05	0	0.25	0.008	-2e-05	0
848	0.5	-0.011	1e-05	0	0.5	-0.011	1e-05	0
853	0.5	-0.0075	1e-05	0	0.5	-0.0075	1e-05	0
856	0.5	-0.0055	0	0	0.5	-0.0055	0	0
859	0.5	-0.0045	1e-05	0	0.5	-0.0045	1e-05	0
861	0.5	-0.0035	1e-05	0	0.5	-0.0035	1e-05	0
862	0.5	-0.003	0	0	0.5	-0.003	0	0
867	0.5	-0.0005	0	0	0.5	-0.0005	0	0
871	0.5	0.0065	-1e-05	0	0.5	0.0065	-1e-05	0
876	0.75	-0.0195	2e-05	0	0.75	-0.0195	2e-05	0
886	0.75	-0.0105	1e-05	0	0.75	-0.0105	1e-05	0
887	0.75	-0.01	1e-05	0	0.75	-0.01	1e-05	0
888	0.75	-0.01	2e-05	0	0.75	-0.01	2e-05	0
894	0.75	-0.0065	1e-05	0	0.75	-0.0065	1e-05	0
896	0.75	-0.006	1e-05	0	0.75	-0.006	1e-05	0
899	0.75	-0.0045	1e-05	0	0.75	-0.0045	1e-05	0
900	0.75	-0.004	1e-05	0	0.75	-0.004	1e-05	0
901	0.75	-0.0035	0	0	0.75	-0.0035	0	0
902	0.75	-0.002	0	0	0.75	-0.002	0	0
903	0.75	-0.0015	0	0	0.75	-0.0015	0	0
904	0.75	-0.001	0	0	0.75	-0.001	0	0
905	0.75	-0.0005	-1e-05	0	0.75	-0.0005	-1e-05	0
911	0.75	0.001	0	0	0.75	0.001	0	0
913	0.75	0.0015	0	0	0.75	0.0015	0	0
919	1	-0.018	3e-05	0	1	-0.018	3e-05	0
920	1	-0.017	2e-05	0	1	-0.017	2e-05	0
923	1	-0.0145	1e-05	0	1	-0.0145	1e-05	0
926	1	-0.0115	1e-05	0	1	-0.0115	1e-05	0
928	1	-0.0105	1e-05	0	1	-0.0105	1e-05	0
929	1	-0.0105	2e-05	0	1	-0.0105	2e-05	0
933	1	-0.009	1e-05	0	1	-0.009	1e-05	0
934	1	-0.0085	1e-05	0	1	-0.0085	1e-05	0
942	1	-0.0045	0	0	1	-0.0045	0	0
943	1	-0.004	0	0	1	-0.004	0	0
944	1	-0.0035	0	0	1	-0.0035	0	0
950	1	0.002	0	0	1	0.002	0	0
953	1.25	-0.0205	3e-05	0	1.25	-0.0205	3e-05	0
955	1.25	-0.019	2e-05	0	1.25	-0.019	2e-05	0
957	1.25	-0.0175	1e-05	0	1.25	-0.0175	1e-05	0
962	1.25	-0.0125	2e-05	0	1.25	-0.0125	2e-05	0
965	1.25	-0.0115	1e-05	0	1.25	-0.0115	1e-05	0
969	1.25	-0.009	1e-05	0	1.25	-0.009	1e-05	0
971	1.25	-0.008	1e-05	0	1.25	-0.008	1e-05	0
977	1.25	-0.0035	0	0	1.25	-0.0035	0	0
978	1.25	-0.0025	0	0	1.25	-0.0025	0	0
982	1.25	0.0005	0	0	1.25	0.0005	0	0
983	1.25	0.0025	-2e-05	0	1.25	0.0025	-2e-05	0
986	1.5	-0.021	2e-05	0	1.5	-0.021	2e-05	0
990	1.5	-0.0195	3e-05	0	1.5	-0.0195	3e-05	0
998	1.5	-0.013	1e-05	0	1.5	-0.013	1e-05	0
1001	1.5	-0.012	1e-05	0	1.5	-0.012	1e-05	0
1004	1.5	-0.0095	1e-05	0	1.5	-0.0095	1e-05	0
1005	1.5	-0.0085	1e-05	0	1.5	-0.0085	1e-05	0
1009	1.5	-0.006	0	0	1.5	-0.006	0	0
1010	1.5	-0.0055	0	0	1.5	-0.0055	0	0
1014	1.5	-0.0025	0	0	1.5	-0.0025	0	0
1017	1.75	-0.026	3e-05	0	1.75	-0.026	3e-05	0
1023	1.75	-0.019	2e-05	0	1.75	-0.019	2e-05	0
1029	1.75	-0.016	1e-05	0	1.75	-0.016	1e-05	0
1031	1.75	-0.015	2e-05	0	1.75	-0.015	2e-05	0
1037	1.75	-0.0115	1e-05	0	1.75	-0.0115	1e-05	0
1040	1.75	-0.01	1e-05	0	1.75	-0.01	1e-05	0
1041	1.75	-0.0095	1e-05	0	1.75	-0.0095	1e-05	0
1046	1.75	-0.0065	0	0	1.75	-0.0065	0	0
1050	2	-0.0235	3e-05	0	2	-0.0235	3e-05	0
1058	2	-0.015	2e-05	0	2	-0.015	2e-05	0
1067	2	-0.011	1e-05	0	2	-0.011	1e-05	0
1078	-9.25	0.0455	-4e-05	0	-9.25	0.0455	-4e-05	0
1090	-8	0.048	-4e-05	0	-8	0.048	-4e-05	0
1094	-7.75	0.044	-4e-05	0	-7.75	0.044	-4e-05	0
1099	-7.5	0.0335	-3e-05	0	-7.5	0.0335	-3e-05	0
1110	-7	0.034	-4e-05	0	-7	0.034	-4e-05	0
1114	-6.75	0.02	-2e-05	0	-6.75	0.02	-2e-05	0
1123	-6.5	0.0215	-2e-05	0	-6.5	0.0215	-2e-05	0
1124	-6.5	0.029	-3e-05	0	-6.5	0.029	-3e-05	0
1125	-6.5	0.032	-3e-05	0	-6.5	0.032	-3e-05	0
1134	-6.25	0.033	-4e-05	0	-6.25	0.033	-4e-05	0
1138	-6.25	0.047	-4e-05	0	-6.25	0.047	-4e-05	0
1144	-6	0.022	-1e-05	0	-6	0.022	-1e-05	0
1147	-6	0.0315	-3e-05	0	-6	0.0315	-3e-05	0
1156	-5.75	0.0245	-2e-05	0	-5.75	0.0245	-2e-05	0
1158	-5.75	0.0275	-2e-05	0	-5.75	0.0275	-2e-05	0
1161	-5.75	0.0325	-3e-05	0	-5.75	0.0325	-3e-05	0
1168	-5.5	0.015	-1e-05	0	-5.5	0.015	-1e-05	0
1170	-5.5	0.0255	-2e-05	0	-5.5	0.0255	-2e-05	0
1171	-5.5	0.0265	-3e-05	0	-5.5	0.0265	-3e-05	0
1174	-5.5	0.0295	-3e-05	0	-5.5	0.0295	-3e-05	0
1175	-5.5	0.031	-3e-05	0	-5.5	0.031	-3e-05	0
1176	-5.5	0.0325	-3e-05	0	-5.5	0.0325	-3e-05	0
1182	-5.5	0.0425	-5e-05	0	-5.5	0.0425	-5e-05	0
1192	-5.25	0.0255	-2e-05	0	-5.25	0.0255	-2e-05	0
1193	-5.25	0.0265	-2e-05	0	-5.25	0.0265	-2e-05	0
1200	-5.25	0.038	-4e-05	0	-5.25	0.038	-4e-05	0
1209	-5	0.021	-2e-05	0	-5	0.021	-2e-05	0
1210	-5	0.0235	-2e-05	0	-5	0.0235	-2e-05	0
1211	-5	0.024	-2e-05	0	-5	0.024	-2e-05	0
1214	-5	0.026	-3e-05	0	-5	0.026	-3e-05	0
1217	-5	0.032	-3e-05	0	-5	0.032	-3e-05	0
1227	-4.75	0.0285	-3e-05	0	-4.75	0.0285	-3e-05	0
1228	-4.75	0.0295	-3e-05	0	-4.75	0.0295	-3e-05	0
1229	-4.75	0.0315	-2e-05	0	-4.75	0.0315	-2e-05	0
1232	-4.75	0.04	-4e-05	0	-4.75	0.04	-4e-05	0
1241	-4.5	0.019	-2e-05	0	-4.5	0.019	-2e-05	0
1243	-4.5	0.021	-2e-05	0	-4.5	0.021	-2e-05	0
1244	-4.5	0.0225	-2e-05	0	-4.5	0.0225	-2e-05	0
1246	-4.5	0.0265	-3e-05	0	-4.5	0.0265	-3e-05	0
1259	-4.25	0.0155	-1e-05	0	-4.25	0.0155	-1e-05	0
1260	-4.25	0.016	-1e-05	0	-4.25	0.016	-1e-05	0
1262	-4.25	0.021	-2e-05	0	-4.25	0.021	-2e-05	0
1265	-4.25	0.0235	-2e-05	0	-4.25	0.0235	-2e-05	0
1267	-4.25	0.0255	-2e-05	0	-4.25	0.0255	-2e-05	0
1278	-4.25	0.039	-5e-05	0	-4.25	0.039	-5e-05	0
1284	-4	0.007	0	0	-4	0.007	0	0
1285	-4	0.0135	-1e-05	0	-4	0.0135	-1e-05	0
1289	-4	0.0195	-2e-05	0	-4	0.0195	-2e-05	0
1290	-4	0.02	-2e-05	0	-4	0.02	-2e-05	0
1291	-4	0.021	-2e-05	0	-4	0.021	-2e-05	0
1293	-4	0.0215	-2e-05	0	-4	0.0215	-2e-05	0
1294	-4	0.023	-2e-05	0	-4	0.023	-2e-05	0
1296	-4	0.025	-2e-05	0	-4	0.025	-2e-05	0
1297	-4	0.0265	-3e-05	0	-4	0.0265	-3e-05	0
1306	-3.75	0.0125	-1e-05	0	-3.75	0.0125	-1e-05	0
1307	-3.75	0.018	-1e-05	0	-3.75	0.018	-1e-05	0
1309	-3.75	0.02	-2e-05	0	-3.75	0.02	-2e-05	0
1310	-3.75	0.0205	-2e-05	0	-3.75	0.0205	-2e-05	0
1311	-3.75	0.0215	-2e-05	0	-3.75	0.0215	-2e-05	0
1319	-3.5	0.0015	1e-05	0	-3.5	0.0015	1e-05	0
1320	-3.5	0.0055	0	0	-3.5	0.0055	0	0
1323	-3.5	0.0125	-1e-05	0	-3.5	0.0125	-1e-05	0
1324	-3.5	0.015	-1e-05	0	-3.5	0.015	-1e-05	0
1326	-3.5	0.022	-2e-05	0	-3.5	0.022	-2e-05	0
1327	-3.5	0.023	-3e-05	0	-3.5	0.023	-3e-05	0
1328	-3.5	0.0235	-2e-05	0	-3.5	0.0235	-2e-05	0
1329	-3.5	0.024	-3e-05	0	-3.5	0.024	-3e-05	0
1331	-3.5	0.0245	-3e-05	0	-3.5	0.0245	-3e-05	0
1334	-3.5	0.027	-2e-05	0	-3.5	0.027	-2e-05	0
1339	-3.5	0.0315	-2e-05	0	-3.5	0.0315	-2e-05	0
1340	-3.5	0.033	-3e-05	0	-3.5	0.033	-3e-05	0
1349	-3.25	0.0105	-1e-05	0	-3.25	0.0105	-1e-05	0
1350	-3.25	0.011	-1e-05	0	-3.25	0.011	-1e-05	0
1351	-3.25	0.0115	-1e-05	0	-3.25	0.0115	-1e-05	0
1352	-3.25	0.012	0	0	-3.25	0.012	0	0
1353	-3.25	0.013	-1e-05	0	-3.25	0.013	-1e-05	0
1354	-3.25	0.016	-2e-05	0	-3.25	0.016	-2e-05	0
1355	-3.25	0.0165	-2e-05	0	-3.25	0.0165	-2e-05	0
1357	-3.25	0.0185	-2e-05	0	-3.25	0.0185	-2e-05	0
1358	-3.25	0.02	-2e-05	0	-3.25	0.02	-2e-05	0
1359	-3.25	0.0205	-2e-05	0	-3.25	0.0205	-2e-05	0
1360	-3.25	0.021	-2e-05	0	-3.25	0.021	-2e-05	0
1362	-3.25	0.0235	-2e-05	0	-3.25	0.0235	-2e-05	0
1366	-3.25	0.0285	-3e-05	0	-3.25	0.0285	-3e-05	0
1368	-3.25	0.029	-3e-05	0	-3.25	0.029	-3e-05	0
1371	-3.25	0.03	-3e-05	0	-3.25	0.03	-3e-05	0
1377	-3	0.004	0	0	-3	0.004	0	0
1379	-3	0.0135	-1e-05	0	-3	0.0135	-1e-05	0
1380	-3	0.014	-1e-05	0	-3	0.014	-1e-05	0
1383	-3	0.0155	-1e-05	0	-3	0.0155	-1e-05	0
1386	-3	0.0185	-2e-05	0	-3	0.0185	-2e-05	0
1388	-3	0.021	-3e-05	0	-3	0.021	-3e-05	0
1389	-3	0.021	-2e-05	0	-3	0.021	-2e-05	0
1394	-3	0.0235	-2e-05	0	-3	0.0235	-2e-05	0
1401	-2.75	-0.011	1e-05	0	-2.75	-0.011	1e-05	0
1403	-2.75	0.003	0	0	-2.75	0.003	0	0
1405	-2.75	0.01	-1e-05	0	-2.75	0.01	-1e-05	0
1408	-2.75	0.0125	-1e-05	0	-2.75	0.0125	-1e-05	0
1410	-2.75	0.016	-2e-05	0	-2.75	0.016	-2e-05	0
1415	-2.75	0.021	-2e-05	0	-2.75	0.021	-2e-05	0
1427	-2.75	0.0305	-3e-05	0	-2.75	0.0305	-3e-05	0
1430	-2.5	-0.0075	1e-05	0	-2.5	-0.0075	1e-05	0
1435	-2.5	0.008	-1e-05	0	-2.5	0.008	-1e-05	0
1439	-2.5	0.013	-1e-05	0	-2.5	0.013	-1e-05	0
1442	-2.5	0.0145	-1e-05	0	-2.5	0.0145	-1e-05	0
1444	-2.5	0.016	-2e-05	0	-2.5	0.016	-2e-05	0
1447	-2.5	0.0175	-1e-05	0	-2.5	0.0175	-1e-05	0
1449	-2.5	0.019	-2e-05	0	-2.5	0.019	-2e-05	0
1455	-2.5	0.0235	-2e-05	0	-2.5	0.0235	-2e-05	0
1458	-2.5	0.0255	-4e-05	0	-2.5	0.0255	-4e-05	0
1459	-2.5	0.0255	-3e-05	0	-2.5	0.0255	-3e-05	0
1463	-2.25	0.007	0	0	-2.25	0.007	0	0
1464	-2.25	0.0085	-1e-05	0	-2.25	0.0085	-1e-05	0
1466	-2.25	0.009	-1e-05	0	-2.25	0.009	-1e-05	0
1470	-2.25	0.0115	-1e-05	0	-2.25	0.0115	-1e-05	0
1472	-2.25	0.0125	-2e-05	0	-2.25	0.0125	-2e-05	0
1474	-2.25	0.0135	-1e-05	0	-2.25	0.0135	-1e-05	0
1475	-2.25	0.014	-1e-05	0	-2.25	0.014	-1e-05	0
1477	-2.25	0.015	-2e-05	0	-2.25	0.015	-2e-05	0
1482	-2.25	0.0185	-2e-05	0	-2.25	0.0185	-2e-05	0
1483	-2.25	0.019	-2e-05	0	-2.25	0.019	-2e-05	0
1485	-2.25	0.021	-2e-05	0	-2.25	0.021	-2e-05	0
1491	-2.25	0.0255	-2e-05	0	-2.25	0.0255	-2e-05	0
1500	-2	0.0065	-1e-05	0	-2	0.0065	-1e-05	0
1501	-2	0.0065	0	0	-2	0.0065	0	0
1507	-2	0.011	-1e-05	0	-2	0.011	-1e-05	0
1508	-2	0.0115	-1e-05	0	-2	0.0115	-1e-05	0
1510	-2	0.013	-1e-05	0	-2	0.013	-1e-05	0
1521	-2	0.0195	-2e-05	0	-2	0.0195	-2e-05	0
1528	-2	0.023	-3e-05	0	-2	0.023	-3e-05	0
1531	-2	0.0255	-3e-05	0	-2	0.0255	-3e-05	0
1533	-2	0.027	-3e-05	0	-2	0.027	-3e-05	0
1534	-2	0.0275	-3e-05	0	-2	0.0275	-3e-05	0
1539	-1.75	-0.0025	0	0	-1.75	-0.0025	0	0
1545	-1.75	0.0065	0	0	-1.75	0.0065	0	0
1546	-1.75	0.0085	-1e-05	0	-1.75	0.0085	-1e-05	0
1547	-1.75	0.009	-1e-05	0	-1.75	0.009	-1e-05	0
1548	-1.75	0.01	-1e-05	0	-1.75	0.01	-1e-05	0
1549	-1.75	0.0105	-1e-05	0	-1.75	0.0105	-1e-05	0
1550	-1.75	0.011	-1e-05	0	-1.75	0.011	-1e-05	0
1552	-1.75	0.0115	-1e-05	0	-1.75	0.0115	-1e-05	0
1564	-1.75	0.018	-2e-05	0	-1.75	0.018	-2e-05	0
1577	-1.5	0	0	0	-1.5	0	0	0
1578	-1.5	0.001	0	0	-1.5	0.001	0	0
1579	-1.5	0.002	0	0	-1.5	0.002	0	0
1582	-1.5	0.0035	0	0	-1.5	0.0035	0	0
1585	-1.5	0.0075	-1e-05	0	-1.5	0.0075	-1e-05	0
1586	-1.5	0.008	-1e-05	0	-1.5	0.008	-1e-05	0
1587	-1.5	0.008	0	0	-1.5	0.008	0	0
1588	-1.5	0.0085	-1e-05	0	-1.5	0.0085	-1e-05	0
1589	-1.5	0.0095	-2e-05	0	-1.5	0.0095	-2e-05	0
1592	-1.5	0.01	-1e-05	0	-1.5	0.01	-1e-05	0
1593	-1.5	0.011	-1e-05	0	-1.5	0.011	-1e-05	0
1594	-1.5	0.013	-2e-05	0	-1.5	0.013	-2e-05	0
1596	-1.5	0.014	-2e-05	0	-1.5	0.014	-2e-05	0
1597	-1.5	0.0145	-2e-05	0	-1.5	0.0145	-2e-05	0
1605	-1.25	-0.007	1e-05	0	-1.25	-0.007	1e-05	0
1607	-1.25	-0.005	1e-05	0	-1.25	-0.005	1e-05	0
1615	-1.25	-0.001	0	0	-1.25	-0.001	0	0
1618	-1.25	0	0	0	-1.25	0	0	0
1619	-1.25	0.0015	0	0	-1.25	0.0015	0	0
1620	-1.25	0.002	0	0	-1.25	0.002	0	0
1621	-1.25	0.003	-1e-05	0	-1.25	0.003	-1e-05	0
1622	-1.25	0.0035	0	0	-1.25	0.0035	0	0
1623	-1.25	0.0045	-1e-05	0	-1.25	0.0045	-1e-05	0
1624	-1.25	0.0055	-1e-05	0	-1.25	0.0055	-1e-05	0
1626	-1.25	0.007	-1e-05	0	-1.25	0.007	-1e-05	0
1627	-1.25	0.0075	-1e-05	0	-1.25	0.0075	-1e-05	0
1628	-1.25	0.008	-1e-05	0	-1.25	0.008	-1e-05	0
1629	-1.25	0.0085	-1e-05	0	-1.25	0.0085	-1e-05	0
1630	-1.25	0.009	-1e-05	0	-1.25	0.009	-1e-05	0
1631	-1.25	0.0105	-1e-05	0	-1.25	0.0105	-1e-05	0
1635	-1.25	0.012	-1e-05	0	-1.25	0.012	-1e-05	0
1638	-1.25	0.0145	-2e-05	0	-1.25	0.0145	-2e-05	0
1643	-1.25	0.018	-2e-05	0	-1.25	0.018	-2e-05	0
1654	-1	0	0	0	-1	0	0	0
1656	-1	0.0015	0	0	-1	0.0015	0	0
1657	-1	0.002	0	0	-1	0.002	0	0
1659	-1	0.004	0	0	-1	0.004	0	0
1663	-1	0.0055	0	0	-1	0.0055	0	0
1664	-1	0.006	-1e-05	0	-1	0.006	-1e-05	0
1665	-1	0.0065	-1e-05	0	-1	0.0065	-1e-05	0
1667	-1	0.0075	-1e-05	0	-1	0.0075	-1e-05	0
1675	-1	0.01	-1e-05	0	-1	0.01	-1e-05	0
1682	-1	0.0165	-2e-05	0	-1	0.0165	-2e-05	0
1683	-1	0.0175	-2e-05	0	-1	0.0175	-2e-05	0
1686	-0.75	-0.0095	1e-05	0	-0.75	-0.0095	1e-05	0
1687	-0.75	-0.0085	1e-05	0	-0.75	-0.0085	1e-05	0
1688	-0.75	-0.0075	1e-05	0	-0.75	-0.0075	1e-05	0
1690	-0.75	-0.007	1e-05	0	-0.75	-0.007	1e-05	0
1691	-0.75	-0.006	1e-05	0	-0.75	-0.006	1e-05	0
1695	-0.75	-0.003	1e-05	0	-0.75	-0.003	1e-05	0
1698	-0.75	0.0005	0	0	-0.75	0.0005	0	0
1699	-0.75	0.001	0	0	-0.75	0.001	0	0
1700	-0.75	0.0015	0	0	-0.75	0.0015	0	0
1702	-0.75	0.002	0	0	-0.75	0.002	0	0
1704	-0.75	0.0035	0	0	-0.75	0.0035	0	0
1706	-0.75	0.0045	0	0	-0.75	0.0045	0	0
1709	-0.75	0.0055	-1e-05	0	-0.75	0.0055	-1e-05	0
1713	-0.75	0.007	-1e-05	0	-0.75	0.007	-1e-05	0
1715	-0.75	0.008	-1e-05	0	-0.75	0.008	-1e-05	0
1716	-0.75	0.008	0	0	-0.75	0.008	0	0
1717	-0.75	0.0085	-1e-05	0	-0.75	0.0085	-1e-05	0
1718	-0.75	0.009	-1e-05	0	-0.75	0.009	-1e-05	0
1727	-0.5	-0.0085	1e-05	0	-0.5	-0.0085	1e-05	0
1735	-0.5	-0.0015	0	0	-0.5	-0.0015	0	0
1736	-0.5	-0.001	0	0	-0.5	-0.001	0	0
1737	-0.5	0	0	0	-0.5	0	0	0
1739	-0.5	0.001	0	0	-0.5	0.001	0	0
1740	-0.5	0.0015	0	0	-0.5	0.0015	0	0
1741	-0.5	0.002	0	0	-0.5	0.002	0	0
1742	-0.5	0.0025	0	0	-0.5	0.0025	0	0
1744	-0.5	0.004	-1e-05	0	-0.5	0.004	-1e-05	0
1745	-0.5	0.0045	0	0	-0.5	0.0045	0	0
1746	-0.5	0.005	-2e-05	0	-0.5	0.005	-2e-05	0
1747	-0.5	0.0055	0	0	-0.5	0.0055	0	0
1748	-0.5	0.0065	-1e-05	0	-0.5	0.0065	-1e-05	0
1752	-0.5	0.0095	-2e-05	0	-0.5	0.0095	-2e-05	0
1761	-0.25	-0.0195	3e-05	0	-0.25	-0.0195	3e-05	0
1771	-0.25	-0.0075	1e-05	0	-0.25	-0.0075	1e-05	0
1774	-0.25	-0.0045	1e-05	0	-0.25	-0.0045	1e-05	0
1777	-0.25	-0.002	0	0	-0.25	-0.002	0	0
1778	-0.25	-0.0015	0	0	-0.25	-0.0015	0	0
1779	-0.25	-0.0005	0	0	-0.25	-0.0005	0	0
1780	-0.25	0	0	0	-0.25	0	0	0
1782	-0.25	0.001	0	0	-0.25	0.001	0	0
1783	-0.25	0.0015	0	0	-0.25	0.0015	0	0
1785	-0.25	0.002	0	0	-0.25	0.002	0	0
1787	-0.25	0.0025	0	0	-0.25	0.0025	0	0
1788	-0.25	0.0035	-1e-05	0	-0.25	0.0035	-1e-05	0
1791	-0.25	0.0055	-1e-05	0	-0.25	0.0055	-1e-05	0
1793	-0.25	0.006	-1e-05	0	-0.25	0.006	-1e-05	0
1796	-0.25	0.008	-1e-05	0	-0.25	0.008	-1e-05	0
1803	0	-0.011	1e-05	0	0	-0.011	1e-05	0
1805	0	-0.01	1e-05	0	0	-0.01	1e-05	0
1808	0	-0.009	1e-05	0	0	-0.009	1e-05	0
1810	0	-0.0085	1e-05	0	0	-0.0085	1e-05	0
1811	0	-0.0075	1e-05	0	0	-0.0075	1e-05	0
1813	0	-0.0055	0	0	0	-0.0055	0	0
1816	0	-0.0045	1e-05	0	0	-0.0045	1e-05	0
1817	0	-0.004	0	0	0	-0.004	0	0
1821	0	-0.001	0	0	0	-0.001	0	0
1822	0	-0.001	1e-05	0	0	-0.001	1e-05	0
1823	0	-0.0005	0	0	0	-0.0005	0	0
1824	0	0	0	0	0	0	0	0
1825	0	0.0005	0	0	0	0.0005	0	0
1826	0	0.001	0	0	0	0.001	0	0
1828	0	0.0015	-1e-05	0	0	0.0015	-1e-05	0
1829	0	0.0015	0	0	0	0.0015	0	0
1835	0	0.0035	0	0	0	0.0035	0	0
1838	0	0.005	-1e-05	0	0	0.005	-1e-05	0
1839	0	0.006	-1e-05	0	0	0.006	-1e-05	0
1843	0	0.009	-1e-05	0	0	0.009	-1e-05	0
1846	0	0.013	-2e-05	0	0	0.013	-2e-05	0
1851	0.25	-0.014	1e-05	0	0.25	-0.014	1e-05	0
1853	0.25	-0.0125	1e-05	0	0.25	-0.0125	1e-05	0
1856	0.25	-0.011	1e-05	0	0.25	-0.011	1e-05	0
1857	0.25	-0.0095	1e-05	0	0.25	-0.0095	1e-05	0
1858	0.25	-0.009	2e-05	0	0.25	-0.009	2e-05	0
1863	0.25	-0.007	1e-05	0	0.25	-0.007	1e-05	0
1864	0.25	-0.0065	1e-05	0	0.25	-0.0065	1e-05	0
1866	0.25	-0.0055	1e-05	0	0.25	-0.0055	1e-05	0
1867	0.25	-0.005	1e-05	0	0.25	-0.005	1e-05	0
1870	0.25	-0.0035	1e-05	0	0.25	-0.0035	1e-05	0
1872	0.25	-0.001	0	0	0.25	-0.001	0	0
1873	0.25	-0.0005	0	0	0.25	-0.0005	0	0
1877	0.25	0.001	-1e-05	0	0.25	0.001	-1e-05	0
1878	0.25	0.001	0	0	0.25	0.001	0	0
1880	0.25	0.0025	-1e-05	0	0.25	0.0025	-1e-05	0
1885	0.25	0.0055	-1e-05	0	0.25	0.0055	-1e-05	0
1887	0.25	0.007	-1e-05	0	0.25	0.007	-1e-05	0
1889	0.25	0.0095	-1e-05	0	0.25	0.0095	-1e-05	0
1893	0.5	-0.013	1e-05	0	0.5	-0.013	1e-05	0
1895	0.5	-0.012	1e-05	0	0.5	-0.012	1e-05	0
1896	0.5	-0.011	1e-05	0	0.5	-0.011	1e-05	0
1898	0.5	-0.0105	1e-05	0	0.5	-0.0105	1e-05	0
1900	0.5	-0.009	0	0	0.5	-0.009	0	0
1902	0.5	-0.0085	0	0	0.5	-0.0085	0	0
1906	0.5	-0.0065	0	0	0.5	-0.0065	0	0
1907	0.5	-0.0055	0	0	0.5	-0.0055	0	0
1908	0.5	-0.0055	1e-05	0	0.5	-0.0055	1e-05	0
1909	0.5	-0.0045	0	0	0.5	-0.0045	0	0
1914	0.5	-0.003	1e-05	0	0.5	-0.003	1e-05	0
1916	0.5	-0.002	0	0	0.5	-0.002	0	0
1917	0.5	-0.0015	0	0	0.5	-0.0015	0	0
1918	0.5	-0.001	0	0	0.5	-0.001	0	0
1919	0.5	-0.001	1e-05	0	0.5	-0.001	1e-05	0
1921	0.5	0	0	0	0.5	0	0	0
1933	0.5	0.008	-1e-05	0	0.5	0.008	-1e-05	0
1938	0.75	-0.021	2e-05	0	0.75	-0.021	2e-05	0
1939	0.75	-0.017	2e-05	0	0.75	-0.017	2e-05	0
1942	0.75	-0.015	2e-05	0	0.75	-0.015	2e-05	0
1943	0.75	-0.013	1e-05	0	0.75	-0.013	1e-05	0
1946	0.75	-0.012	1e-05	0	0.75	-0.012	1e-05	0
1950	0.75	-0.009	1e-05	0	0.75	-0.009	1e-05	0
1953	0.75	-0.0085	1e-05	0	0.75	-0.0085	1e-05	0
1962	0.75	-0.0035	0	0	0.75	-0.0035	0	0
1964	0.75	-0.0015	0	0	0.75	-0.0015	0	0
1965	0.75	-0.0005	0	0	0.75	-0.0005	0	0
1966	0.75	0	0	0	0.75	0	0	0
1978	1	-0.0205	2e-05	0	1	-0.0205	2e-05	0
1979	1	-0.0195	2e-05	0	1	-0.0195	2e-05	0
1985	1	-0.0145	1e-05	0	1	-0.0145	1e-05	0
1986	1	-0.0135	1e-05	0	1	-0.0135	1e-05	0
1992	1	-0.009	0	0	1	-0.009	0	0
1994	1	-0.0085	1e-05	0	1	-0.0085	1e-05	0
1995	1	-0.008	1e-05	0	1	-0.008	1e-05	0
1996	1	-0.007	0	0	1	-0.007	0	0
1998	1	-0.0065	1e-05	0	1	-0.0065	1e-05	0
2002	1	-0.005	0	0	1	-0.005	0	0
2004	1	-0.004	0	0	1	-0.004	0	0
2005	1	-0.0035	0	0	1	-0.0035	0	0
2006	1	-0.0025	0	0	1	-0.0025	0	0
2008	1	-0.002	0	0	1	-0.002	0	0
2012	1	0.0005	0	0	1	0.0005	0	0
2016	1.25	-0.0225	2e-05	0	1.25	-0.0225	2e-05	0
2019	1.25	-0.0205	2e-05	0	1.25	-0.0205	2e-05	0
2020	1.25	-0.0195	2e-05	0	1.25	-0.0195	2e-05	0
2021	1.25	-0.0185	3e-05	0	1.25	-0.0185	3e-05	0
2022	1.25	-0.0175	2e-05	0	1.25	-0.0175	2e-05	0
2025	1.25	-0.015	1e-05	0	1.25	-0.015	1e-05	0
2026	1.25	-0.0145	1e-05	0	1.25	-0.0145	1e-05	0
2028	1.25	-0.0135	1e-05	0	1.25	-0.0135	1e-05	0
2029	1.25	-0.0135	2e-05	0	1.25	-0.0135	2e-05	0
2030	1.25	-0.0125	1e-05	0	1.25	-0.0125	1e-05	0
2031	1.25	-0.012	1e-05	0	1.25	-0.012	1e-05	0
2034	1.25	-0.01	1e-05	0	1.25	-0.01	1e-05	0
2035	1.25	-0.0095	1e-05	0	1.25	-0.0095	1e-05	0
2046	1.25	-0.0055	0	0	1.25	-0.0055	0	0
2047	1.25	-0.0045	0	0	1.25	-0.0045	0	0
2051	1.25	-0.0025	0	0	1.25	-0.0025	0	0
2063	1.5	-0.02	3e-05	0	1.5	-0.02	3e-05	0
2070	1.5	-0.0145	2e-05	0	1.5	-0.0145	2e-05	0
2079	1.5	-0.012	1e-05	0	1.5	-0.012	1e-05	0
2081	1.5	-0.0115	1e-05	0	1.5	-0.0115	1e-05	0
2083	1.5	-0.011	0	0	1.5	-0.011	0	0
2086	1.5	-0.01	1e-05	0	1.5	-0.01	1e-05	0
2087	1.5	-0.0085	1e-05	0	1.5	-0.0085	1e-05	0
2089	1.5	-0.006	0	0	1.5	-0.006	0	0
2103	1.75	-0.016	2e-05	0	1.75	-0.016	2e-05	0
2104	1.75	-0.015	2e-05	0	1.75	-0.015	2e-05	0
2107	1.75	-0.013	1e-05	0	1.75	-0.013	1e-05	0
2109	1.75	-0.0125	1e-05	0	1.75	-0.0125	1e-05	0
2110	1.75	-0.0125	2e-05	0	1.75	-0.0125	2e-05	0
2113	1.75	-0.0105	1e-05	0	1.75	-0.0105	1e-05	0
2119	2	-0.032	4e-05	0	2	-0.032	4e-05	0
2120	2	-0.029	4e-05	0	2	-0.029	4e-05	0
2134	2	-0.017	1e-05	0	2	-0.017	1e-05	0
2138	2	-0.0135	1e-05	0	2	-0.0135	1e-05	0
2140	2	-0.012	1e-05	0	2	-0.012	1e-05	0
2141	2	-0.0115	1e-05	0	2	-0.0115	1e-05	0
2144	2	-0.0095	1e-05	0	2	-0.0095	1e-05	0
