4	-11.4	0.0515	-6e-05	0	-11.4	0.0515	-6e-05	0
7	-11.4	0.06	-6e-05	0	-11.4	0.06	-6e-05	0
43	-10.6	0.0645	-6e-05	0	-10.6	0.0645	-6e-05	0
71	-10.2	0.057	-5e-05	0	-10.2	0.057	-5e-05	0
83	-10	0.0385	-3e-05	0	-10	0.0385	-3e-05	0
84	-10	0.041	-3e-05	0	-10	0.041	-3e-05	0
90	-10	0.0515	-5e-05	0	-10	0.0515	-5e-05	0
97	-9.8	0.034	-1e-05	0	-9.8	0.034	-1e-05	0
105	-9.8	0.0495	-5e-05	0	-9.8	0.0495	-5e-05	0
121	-9.6	0.0405	-3e-05	0	-9.6	0.0405	-3e-05	0
163	-9.2	0.0465	-3e-05	0	-9.2	0.0465	-3e-05	0
173	-9	0.0255	-1e-05	0	-9	0.0255	-1e-05	0
177	-9	0.034	-3e-05	0	-9	0.034	-3e-05	0
178	-9	0.0355	-3e-05	0	-9	0.0355	-3e-05	0
183	-9	0.042	-4e-05	0	-9	0.042	-4e-05	0
200	-8.8	0.038	-3e-05	0	-8.8	0.038	-3e-05	0
201	-8.8	0.0385	-3e-05	0	-8.8	0.0385	-3e-05	0
206	-8.8	0.0465	-5e-05	0	-8.8	0.0465	-5e-05	0
224	-8.6	0.03	-2e-05	0	-8.6	0.03	-2e-05	0
232	-8.6	0.04	-4e-05	0	-8.6	0.04	-4e-05	0
248	-8.4	0.032	-3e-05	0	-8.4	0.032	-3e-05	0
250	-8.4	0.0365	-3e-05	0	-8.4	0.0365	-3e-05	0
252	-8.4	0.0375	-3e-05	0	-8.4	0.0375	-3e-05	0
274	-8.2	0.034	-3e-05	0	-8.2	0.034	-3e-05	0
276	-8.2	0.035	-3e-05	0	-8.2	0.035	-3e-05	0
281	-8.2	0.038	-4e-05	0	-8.2	0.038	-4e-05	0
283	-8.2	0.045	-6e-05	0	-8.2	0.045	-6e-05	0
300	-8	0.022	-1e-05	0	-8	0.022	-1e-05	0
309	-8	0.037	-3e-05	0	-8	0.037	-3e-05	0
311	-8	0.0385	-4e-05	0	-8	0.0385	-4e-05	0
318	-8	0.051	-5e-05	0	-8	0.051	-5e-05	0
329	-7.8	0.028	-3e-05	0	-7.8	0.028	-3e-05	0
335	-7.8	0.0375	-3e-05	0	-7.8	0.0375	-3e-05	0
338	-7.8	0.04	-4e-05	0	-7.8	0.04	-4e-05	0
339	-7.8	0.0435	-4e-05	0	-7.8	0.0435	-4e-05	0
353	-7.6	0.0205	-1e-05	0	-7.6	0.0205	-1e-05	0
358	-7.6	0.03	-2e-05	0	-7.6	0.03	-2e-05	0
359	-7.6	0.0305	-3e-05	0	-7.6	0.0305	-3e-05	0
363	-7.6	0.0345	-3e-05	0	-7.6	0.0345	-3e-05	0
374	-7.6	0.0515	-5e-05	0	-7.6	0.0515	-5e-05	0
380	-7.4	0.0185	-1e-05	0	-7.4	0.0185	-1e-05	0
385	-7.4	0.0245	-1e-05	0	-7.4	0.0245	-1e-05	0
386	-7.4	0.0275	-2e-05	0	-7.4	0.0275	-2e-05	0
388	-7.4	0.0285	-3e-05	0	-7.4	0.0285	-3e-05	0
392	-7.4	0.0405	-5e-05	0	-7.4	0.0405	-5e-05	0
397	-7.4	0.0475	-5e-05	0	-7.4	0.0475	-5e-05	0
418	-7.2	0.029	-2e-05	0	-7.2	0.029	-2e-05	0
425	-7.2	0.035	-3e-05	0	-7.2	0.035	-3e-05	0
469	-6.8	0.0155	0	0	-6.8	0.0155	0	0
470	-6.8	0.016	-1e-05	0	-6.8	0.016	-1e-05	0
484	-6.8	0.0385	-4e-05	0	-6.8	0.0385	-4e-05	0
487	-6.8	0.0415	-4e-05	0	-6.8	0.0415	-4e-05	0
492	-6.6	0.0145	0	0	-6.6	0.0145	0	0
496	-6.6	0.022	-2e-05	0	-6.6	0.022	-2e-05	0
501	-6.6	0.0255	-3e-05	0	-6.6	0.0255	-3e-05	0
503	-6.6	0.0275	-2e-05	0	-6.6	0.0275	-2e-05	0
511	-6.6	0.0385	-4e-05	0	-6.6	0.0385	-4e-05	0
514	-6.6	0.046	-5e-05	0	-6.6	0.046	-5e-05	0
521	-6.4	0.0185	-1e-05	0	-6.4	0.0185	-1e-05	0
527	-6.4	0.0255	-3e-05	0	-6.4	0.0255	-3e-05	0
528	-6.4	0.0255	-2e-05	0	-6.4	0.0255	-2e-05	0
530	-6.4	0.0265	-2e-05	0	-6.4	0.0265	-2e-05	0
534	-6.4	0.0295	-3e-05	0	-6.4	0.0295	-3e-05	0
535	-6.4	0.0295	-2e-05	0	-6.4	0.0295	-2e-05	0
537	-6.4	0.0305	-3e-05	0	-6.4	0.0305	-3e-05	0
538	-6.4	0.0305	-2e-05	0	-6.4	0.0305	-2e-05	0
543	-6.4	0.0395	-4e-05	0	-6.4	0.0395	-4e-05	0
545	-6.4	0.04	-3e-05	0	-6.4	0.04	-3e-05	0
554	-6.4	0.0555	-6e-05	0	-6.4	0.0555	-6e-05	0
568	-6.2	0.0195	-1e-05	0	-6.2	0.0195	-1e-05	0
569	-6.2	0.0205	-2e-05	0	-6.2	0.0205	-2e-05	0
574	-6.2	0.026	-2e-05	0	-6.2	0.026	-2e-05	0
582	-6.2	0.031	-3e-05	0	-6.2	0.031	-3e-05	0
583	-6.2	0.0325	-3e-05	0	-6.2	0.0325	-3e-05	0
584	-6.2	0.0335	-3e-05	0	-6.2	0.0335	-3e-05	0
586	-6.2	0.0355	-4e-05	0	-6.2	0.0355	-4e-05	0
587	-6.2	0.036	-4e-05	0	-6.2	0.036	-4e-05	0
591	-6.2	0.0375	-4e-05	0	-6.2	0.0375	-4e-05	0
629	-6	0.021	-1e-05	0	-6	0.021	-1e-05	0
632	-6	0.023	-1e-05	0	-6	0.023	-1e-05	0
638	-6	0.028	-2e-05	0	-6	0.028	-2e-05	0
640	-6	0.03	-2e-05	0	-6	0.03	-2e-05	0
671	-5.8	0.0135	-1e-05	0	-5.8	0.0135	-1e-05	0
673	-5.8	0.0145	-1e-05	0	-5.8	0.0145	-1e-05	0
677	-5.8	0.023	-2e-05	0	-5.8	0.023	-2e-05	0
680	-5.8	0.024	-2e-05	0	-5.8	0.024	-2e-05	0
681	-5.8	0.025	-2e-05	0	-5.8	0.025	-2e-05	0
686	-5.8	0.029	-2e-05	0	-5.8	0.029	-2e-05	0
690	-5.8	0.033	-3e-05	0	-5.8	0.033	-3e-05	0
692	-5.8	0.034	-3e-05	0	-5.8	0.034	-3e-05	0
693	-5.8	0.0345	-4e-05	0	-5.8	0.0345	-4e-05	0
700	-5.8	0.039	-4e-05	0	-5.8	0.039	-4e-05	0
712	-5.8	0.0495	-5e-05	0	-5.8	0.0495	-5e-05	0
728	-5.6	0.021	-2e-05	0	-5.6	0.021	-2e-05	0
733	-5.6	0.0235	-2e-05	0	-5.6	0.0235	-2e-05	0
735	-5.6	0.0245	-2e-05	0	-5.6	0.0245	-2e-05	0
738	-5.6	0.0285	-2e-05	0	-5.6	0.0285	-2e-05	0
747	-5.6	0.0365	-4e-05	0	-5.6	0.0365	-4e-05	0
750	-5.6	0.039	-4e-05	0	-5.6	0.039	-4e-05	0
758	-5.6	0.047	-5e-05	0	-5.6	0.047	-5e-05	0
759	-5.6	0.0505	-6e-05	0	-5.6	0.0505	-6e-05	0
761	-5.4	0.0095	0	0	-5.4	0.0095	0	0
762	-5.4	0.01	-1e-05	0	-5.4	0.01	-1e-05	0
767	-5.4	0.0175	-1e-05	0	-5.4	0.0175	-1e-05	0
772	-5.4	0.021	-2e-05	0	-5.4	0.021	-2e-05	0
776	-5.4	0.024	-4e-05	0	-5.4	0.024	-4e-05	0
777	-5.4	0.0245	-2e-05	0	-5.4	0.0245	-2e-05	0
782	-5.4	0.029	-3e-05	0	-5.4	0.029	-3e-05	0
790	-5.4	0.035	-4e-05	0	-5.4	0.035	-4e-05	0
803	-5.2	0.008	0	0	-5.2	0.008	0	0
807	-5.2	0.014	-1e-05	0	-5.2	0.014	-1e-05	0
809	-5.2	0.016	-1e-05	0	-5.2	0.016	-1e-05	0
810	-5.2	0.0165	-1e-05	0	-5.2	0.0165	-1e-05	0
812	-5.2	0.017	-1e-05	0	-5.2	0.017	-1e-05	0
815	-5.2	0.018	-1e-05	0	-5.2	0.018	-1e-05	0
817	-5.2	0.0195	-1e-05	0	-5.2	0.0195	-1e-05	0
818	-5.2	0.02	-2e-05	0	-5.2	0.02	-2e-05	0
822	-5.2	0.024	-2e-05	0	-5.2	0.024	-2e-05	0
830	-5.2	0.027	-2e-05	0	-5.2	0.027	-2e-05	0
834	-5.2	0.0315	-3e-05	0	-5.2	0.0315	-3e-05	0
835	-5.2	0.033	-3e-05	0	-5.2	0.033	-3e-05	0
836	-5.2	0.0345	-3e-05	0	-5.2	0.0345	-3e-05	0
847	-5.2	0.0485	-6e-05	0	-5.2	0.0485	-6e-05	0
856	-5	0.013	-1e-05	0	-5	0.013	-1e-05	0
857	-5	0.014	-1e-05	0	-5	0.014	-1e-05	0
858	-5	0.0155	-1e-05	0	-5	0.0155	-1e-05	0
860	-5	0.018	-1e-05	0	-5	0.018	-1e-05	0
861	-5	0.0185	-1e-05	0	-5	0.0185	-1e-05	0
865	-5	0.0205	-2e-05	0	-5	0.0205	-2e-05	0
872	-5	0.022	-2e-05	0	-5	0.022	-2e-05	0
873	-5	0.024	-2e-05	0	-5	0.024	-2e-05	0
883	-5	0.0285	-3e-05	0	-5	0.0285	-3e-05	0
890	-5	0.0325	-4e-05	0	-5	0.0325	-4e-05	0
892	-5	0.034	-3e-05	0	-5	0.034	-3e-05	0
900	-5	0.039	-4e-05	0	-5	0.039	-4e-05	0
911	-4.8	0.009	0	0	-4.8	0.009	0	0
912	-4.8	0.0105	0	0	-4.8	0.0105	0	0
914	-4.8	0.013	-1e-05	0	-4.8	0.013	-1e-05	0
921	-4.8	0.018	-1e-05	0	-4.8	0.018	-1e-05	0
922	-4.8	0.0185	-2e-05	0	-4.8	0.0185	-2e-05	0
923	-4.8	0.0195	-2e-05	0	-4.8	0.0195	-2e-05	0
924	-4.8	0.0195	-1e-05	0	-4.8	0.0195	-1e-05	0
927	-4.8	0.0215	-2e-05	0	-4.8	0.0215	-2e-05	0
929	-4.8	0.022	-2e-05	0	-4.8	0.022	-2e-05	0
931	-4.8	0.0235	-2e-05	0	-4.8	0.0235	-2e-05	0
940	-4.8	0.028	-3e-05	0	-4.8	0.028	-3e-05	0
941	-4.8	0.0285	-3e-05	0	-4.8	0.0285	-3e-05	0
943	-4.8	0.029	-3e-05	0	-4.8	0.029	-3e-05	0
951	-4.8	0.036	-4e-05	0	-4.8	0.036	-4e-05	0
952	-4.8	0.036	-3e-05	0	-4.8	0.036	-3e-05	0
969	-4.6	0.011	-1e-05	0	-4.6	0.011	-1e-05	0
970	-4.6	0.011	0	0	-4.6	0.011	0	0
973	-4.6	0.0145	-1e-05	0	-4.6	0.0145	-1e-05	0
974	-4.6	0.015	-1e-05	0	-4.6	0.015	-1e-05	0
975	-4.6	0.0155	-1e-05	0	-4.6	0.0155	-1e-05	0
977	-4.6	0.0165	-1e-05	0	-4.6	0.0165	-1e-05	0
979	-4.6	0.018	-2e-05	0	-4.6	0.018	-2e-05	0
985	-4.6	0.0205	-2e-05	0	-4.6	0.0205	-2e-05	0
986	-4.6	0.021	-2e-05	0	-4.6	0.021	-2e-05	0
987	-4.6	0.0225	-2e-05	0	-4.6	0.0225	-2e-05	0
991	-4.6	0.0235	-2e-05	0	-4.6	0.0235	-2e-05	0
992	-4.6	0.024	-2e-05	0	-4.6	0.024	-2e-05	0
998	-4.6	0.029	-4e-05	0	-4.6	0.029	-4e-05	0
999	-4.6	0.031	-4e-05	0	-4.6	0.031	-4e-05	0
1005	-4.6	0.0375	-5e-05	0	-4.6	0.0375	-5e-05	0
1008	-4.6	0.0385	-4e-05	0	-4.6	0.0385	-4e-05	0
1012	-4.6	0.041	-4e-05	0	-4.6	0.041	-4e-05	0
1014	-4.4	-0.001	1e-05	0	-4.4	-0.001	1e-05	0
1019	-4.4	0.0045	0	0	-4.4	0.0045	0	0
1027	-4.4	0.0125	-1e-05	0	-4.4	0.0125	-1e-05	0
1033	-4.4	0.017	-1e-05	0	-4.4	0.017	-1e-05	0
1035	-4.4	0.0185	-2e-05	0	-4.4	0.0185	-2e-05	0
1036	-4.4	0.019	-2e-05	0	-4.4	0.019	-2e-05	0
1039	-4.4	0.0205	-2e-05	0	-4.4	0.0205	-2e-05	0
1040	-4.4	0.021	-2e-05	0	-4.4	0.021	-2e-05	0
1041	-4.4	0.0215	-2e-05	0	-4.4	0.0215	-2e-05	0
1044	-4.4	0.023	-2e-05	0	-4.4	0.023	-2e-05	0
1051	-4.4	0.03	-3e-05	0	-4.4	0.03	-3e-05	0
1052	-4.4	0.0305	-3e-05	0	-4.4	0.0305	-3e-05	0
1056	-4.4	0.0335	-4e-05	0	-4.4	0.0335	-4e-05	0
1058	-4.4	0.037	-4e-05	0	-4.4	0.037	-4e-05	0
1061	-4.4	0.0405	-6e-05	0	-4.4	0.0405	-6e-05	0
1064	-4.4	0.0415	-4e-05	0	-4.4	0.0415	-4e-05	0
1072	-4.2	0.01	-1e-05	0	-4.2	0.01	-1e-05	0
1074	-4.2	0.01	1e-05	0	-4.2	0.01	1e-05	0
1079	-4.2	0.013	-2e-05	0	-4.2	0.013	-2e-05	0
1082	-4.2	0.0155	-1e-05	0	-4.2	0.0155	-1e-05	0
1087	-4.2	0.0195	-2e-05	0	-4.2	0.0195	-2e-05	0
1088	-4.2	0.02	-2e-05	0	-4.2	0.02	-2e-05	0
1089	-4.2	0.021	-2e-05	0	-4.2	0.021	-2e-05	0
1090	-4.2	0.0215	-2e-05	0	-4.2	0.0215	-2e-05	0
1092	-4.2	0.022	-2e-05	0	-4.2	0.022	-2e-05	0
1094	-4.2	0.0225	-2e-05	0	-4.2	0.0225	-2e-05	0
1095	-4.2	0.024	-3e-05	0	-4.2	0.024	-3e-05	0
1097	-4.2	0.0245	-3e-05	0	-4.2	0.0245	-3e-05	0
1102	-4.2	0.0275	-3e-05	0	-4.2	0.0275	-3e-05	0
1105	-4.2	0.029	-3e-05	0	-4.2	0.029	-3e-05	0
1108	-4.2	0.0315	-4e-05	0	-4.2	0.0315	-4e-05	0
1113	-4.2	0.033	-3e-05	0	-4.2	0.033	-3e-05	0
1114	-4.2	0.034	-3e-05	0	-4.2	0.034	-3e-05	0
1122	-4.2	0.0425	-5e-05	0	-4.2	0.0425	-5e-05	0
1132	-4	0.0035	1e-05	0	-4	0.0035	1e-05	0
1139	-4	0.0125	0	0	-4	0.0125	0	0
1140	-4	0.014	-1e-05	0	-4	0.014	-1e-05	0
1141	-4	0.015	-1e-05	0	-4	0.015	-1e-05	0
1142	-4	0.0155	-1e-05	0	-4	0.0155	-1e-05	0
1143	-4	0.016	-1e-05	0	-4	0.016	-1e-05	0
1146	-4	0.0185	-2e-05	0	-4	0.0185	-2e-05	0
1148	-4	0.0195	-2e-05	0	-4	0.0195	-2e-05	0
1150	-4	0.0215	-1e-05	0	-4	0.0215	-1e-05	0
1151	-4	0.023	-2e-05	0	-4	0.023	-2e-05	0
1156	-4	0.025	-2e-05	0	-4	0.025	-2e-05	0
1159	-4	0.026	-3e-05	0	-4	0.026	-3e-05	0
1162	-4	0.028	-4e-05	0	-4	0.028	-4e-05	0
1169	-4	0.0305	-3e-05	0	-4	0.0305	-3e-05	0
1177	-4	0.037	-4e-05	0	-4	0.037	-4e-05	0
1185	-3.8	0.002	1e-05	0	-3.8	0.002	1e-05	0
1198	-3.8	0.0105	-1e-05	0	-3.8	0.0105	-1e-05	0
1199	-3.8	0.0115	-1e-05	0	-3.8	0.0115	-1e-05	0
1202	-3.8	0.014	-1e-05	0	-3.8	0.014	-1e-05	0
1203	-3.8	0.0145	-2e-05	0	-3.8	0.0145	-2e-05	0
1204	-3.8	0.0145	-1e-05	0	-3.8	0.0145	-1e-05	0
1209	-3.8	0.0165	-2e-05	0	-3.8	0.0165	-2e-05	0
1212	-3.8	0.0175	-2e-05	0	-3.8	0.0175	-2e-05	0
1213	-3.8	0.018	-2e-05	0	-3.8	0.018	-2e-05	0
1214	-3.8	0.0185	-2e-05	0	-3.8	0.0185	-2e-05	0
1216	-3.8	0.019	-2e-05	0	-3.8	0.019	-2e-05	0
1217	-3.8	0.02	-2e-05	0	-3.8	0.02	-2e-05	0
1221	-3.8	0.022	-2e-05	0	-3.8	0.022	-2e-05	0
1225	-3.8	0.0245	-2e-05	0	-3.8	0.0245	-2e-05	0
1229	-3.8	0.028	-3e-05	0	-3.8	0.028	-3e-05	0
1250	-3.6	0.0045	0	0	-3.6	0.0045	0	0
1252	-3.6	0.0055	0	0	-3.6	0.0055	0	0
1253	-3.6	0.006	0	0	-3.6	0.006	0	0
1260	-3.6	0.0105	0	0	-3.6	0.0105	0	0
1261	-3.6	0.011	-1e-05	0	-3.6	0.011	-1e-05	0
1262	-3.6	0.0115	-1e-05	0	-3.6	0.0115	-1e-05	0
1264	-3.6	0.0125	-1e-05	0	-3.6	0.0125	-1e-05	0
1265	-3.6	0.0125	0	0	-3.6	0.0125	0	0
1266	-3.6	0.013	-1e-05	0	-3.6	0.013	-1e-05	0
1267	-3.6	0.0135	-2e-05	0	-3.6	0.0135	-2e-05	0
1268	-3.6	0.0135	-1e-05	0	-3.6	0.0135	-1e-05	0
1269	-3.6	0.0145	-1e-05	0	-3.6	0.0145	-1e-05	0
1270	-3.6	0.015	-2e-05	0	-3.6	0.015	-2e-05	0
1271	-3.6	0.015	-1e-05	0	-3.6	0.015	-1e-05	0
1273	-3.6	0.0155	-1e-05	0	-3.6	0.0155	-1e-05	0
1276	-3.6	0.017	-1e-05	0	-3.6	0.017	-1e-05	0
1277	-3.6	0.0175	-2e-05	0	-3.6	0.0175	-2e-05	0
1278	-3.6	0.0175	-1e-05	0	-3.6	0.0175	-1e-05	0
1279	-3.6	0.018	-2e-05	0	-3.6	0.018	-2e-05	0
1283	-3.6	0.0195	-2e-05	0	-3.6	0.0195	-2e-05	0
1285	-3.6	0.02	-2e-05	0	-3.6	0.02	-2e-05	0
1286	-3.6	0.021	-3e-05	0	-3.6	0.021	-3e-05	0
1287	-3.6	0.021	-2e-05	0	-3.6	0.021	-2e-05	0
1288	-3.6	0.0215	-2e-05	0	-3.6	0.0215	-2e-05	0
1290	-3.6	0.022	-2e-05	0	-3.6	0.022	-2e-05	0
1293	-3.6	0.023	-2e-05	0	-3.6	0.023	-2e-05	0
1297	-3.6	0.0255	-3e-05	0	-3.6	0.0255	-3e-05	0
1298	-3.6	0.026	-3e-05	0	-3.6	0.026	-3e-05	0
1311	-3.6	0.0365	-5e-05	0	-3.6	0.0365	-5e-05	0
1312	-3.6	0.038	-5e-05	0	-3.6	0.038	-5e-05	0
1316	-3.4	-0.002	2e-05	0	-3.4	-0.002	2e-05	0
1320	-3.4	0.004	1e-05	0	-3.4	0.004	1e-05	0
1321	-3.4	0.0045	0	0	-3.4	0.0045	0	0
1322	-3.4	0.005	1e-05	0	-3.4	0.005	1e-05	0
1323	-3.4	0.0055	0	0	-3.4	0.0055	0	0
1327	-3.4	0.007	0	0	-3.4	0.007	0	0
1329	-3.4	0.009	-1e-05	0	-3.4	0.009	-1e-05	0
1334	-3.4	0.012	-1e-05	0	-3.4	0.012	-1e-05	0
1335	-3.4	0.0125	-1e-05	0	-3.4	0.0125	-1e-05	0
1336	-3.4	0.0135	-1e-05	0	-3.4	0.0135	-1e-05	0
1338	-3.4	0.014	-1e-05	0	-3.4	0.014	-1e-05	0
1343	-3.4	0.0165	-2e-05	0	-3.4	0.0165	-2e-05	0
1345	-3.4	0.018	-2e-05	0	-3.4	0.018	-2e-05	0
1347	-3.4	0.019	-2e-05	0	-3.4	0.019	-2e-05	0
1348	-3.4	0.0195	-2e-05	0	-3.4	0.0195	-2e-05	0
1349	-3.4	0.0205	-2e-05	0	-3.4	0.0205	-2e-05	0
1351	-3.4	0.021	-2e-05	0	-3.4	0.021	-2e-05	0
1364	-3.4	0.0295	-3e-05	0	-3.4	0.0295	-3e-05	0
1394	-3.2	0.002	0	0	-3.2	0.002	0	0
1397	-3.2	0.0045	0	0	-3.2	0.0045	0	0
1401	-3.2	0.007	0	0	-3.2	0.007	0	0
1402	-3.2	0.0075	0	0	-3.2	0.0075	0	0
1404	-3.2	0.008	0	0	-3.2	0.008	0	0
1407	-3.2	0.01	-1e-05	0	-3.2	0.01	-1e-05	0
1409	-3.2	0.011	-1e-05	0	-3.2	0.011	-1e-05	0
1412	-3.2	0.014	-1e-05	0	-3.2	0.014	-1e-05	0
1416	-3.2	0.0155	-2e-05	0	-3.2	0.0155	-2e-05	0
1417	-3.2	0.016	-2e-05	0	-3.2	0.016	-2e-05	0
1418	-3.2	0.0165	-2e-05	0	-3.2	0.0165	-2e-05	0
1420	-3.2	0.018	-2e-05	0	-3.2	0.018	-2e-05	0
1421	-3.2	0.0185	-2e-05	0	-3.2	0.0185	-2e-05	0
1423	-3.2	0.019	-2e-05	0	-3.2	0.019	-2e-05	0
1426	-3.2	0.0205	-2e-05	0	-3.2	0.0205	-2e-05	0
1428	-3.2	0.021	-2e-05	0	-3.2	0.021	-2e-05	0
1432	-3.2	0.0225	-3e-05	0	-3.2	0.0225	-3e-05	0
1439	-3.2	0.0255	-3e-05	0	-3.2	0.0255	-3e-05	0
1443	-3.2	0.0275	-3e-05	0	-3.2	0.0275	-3e-05	0
1455	-3.2	0.0405	-5e-05	0	-3.2	0.0405	-5e-05	0
1465	-3	0.002	0	0	-3	0.002	0	0
1473	-3	0.0065	0	0	-3	0.0065	0	0
1475	-3	0.0105	-1e-05	0	-3	0.0105	-1e-05	0
1480	-3	0.013	-2e-05	0	-3	0.013	-2e-05	0
1481	-3	0.013	-1e-05	0	-3	0.013	-1e-05	0
1482	-3	0.0135	-1e-05	0	-3	0.0135	-1e-05	0
1483	-3	0.014	-2e-05	0	-3	0.014	-2e-05	0
1484	-3	0.014	-1e-05	0	-3	0.014	-1e-05	0
1488	-3	0.015	-1e-05	0	-3	0.015	-1e-05	0
1489	-3	0.016	-2e-05	0	-3	0.016	-2e-05	0
1491	-3	0.017	-2e-05	0	-3	0.017	-2e-05	0
1495	-3	0.019	-2e-05	0	-3	0.019	-2e-05	0
1496	-3	0.0195	-3e-05	0	-3	0.0195	-3e-05	0
1497	-3	0.0195	-2e-05	0	-3	0.0195	-2e-05	0
1500	-3	0.0215	-3e-05	0	-3	0.0215	-3e-05	0
1510	-3	0.0245	-1e-05	0	-3	0.0245	-1e-05	0
1514	-3	0.028	-3e-05	0	-3	0.028	-3e-05	0
1534	-2.8	-0.0035	1e-05	0	-2.8	-0.0035	1e-05	0
1537	-2.8	-0.0005	0	0	-2.8	-0.0005	0	0
1541	-2.8	0.003	0	0	-2.8	0.003	0	0
1542	-2.8	0.0035	0	0	-2.8	0.0035	0	0
1545	-2.8	0.005	0	0	-2.8	0.005	0	0
1547	-2.8	0.0055	1e-05	0	-2.8	0.0055	1e-05	0
1549	-2.8	0.0065	-1e-05	0	-2.8	0.0065	-1e-05	0
1551	-2.8	0.009	-1e-05	0	-2.8	0.009	-1e-05	0
1552	-2.8	0.0095	-1e-05	0	-2.8	0.0095	-1e-05	0
1554	-2.8	0.01	-1e-05	0	-2.8	0.01	-1e-05	0
1559	-2.8	0.0125	-1e-05	0	-2.8	0.0125	-1e-05	0
1560	-2.8	0.013	-1e-05	0	-2.8	0.013	-1e-05	0
1563	-2.8	0.0135	-1e-05	0	-2.8	0.0135	-1e-05	0
1564	-2.8	0.014	-1e-05	0	-2.8	0.014	-1e-05	0
1565	-2.8	0.0145	-1e-05	0	-2.8	0.0145	-1e-05	0
1566	-2.8	0.0155	-2e-05	0	-2.8	0.0155	-2e-05	0
1567	-2.8	0.0155	-1e-05	0	-2.8	0.0155	-1e-05	0
1570	-2.8	0.019	-2e-05	0	-2.8	0.019	-2e-05	0
1571	-2.8	0.0195	-2e-05	0	-2.8	0.0195	-2e-05	0
1576	-2.8	0.021	-2e-05	0	-2.8	0.021	-2e-05	0
1579	-2.8	0.022	-2e-05	0	-2.8	0.022	-2e-05	0
1580	-2.8	0.023	-2e-05	0	-2.8	0.023	-2e-05	0
1581	-2.8	0.0235	-3e-05	0	-2.8	0.0235	-3e-05	0
1582	-2.8	0.024	-3e-05	0	-2.8	0.024	-3e-05	0
1585	-2.8	0.0245	-3e-05	0	-2.8	0.0245	-3e-05	0
1586	-2.8	0.0245	-2e-05	0	-2.8	0.0245	-2e-05	0
1590	-2.8	0.0255	-2e-05	0	-2.8	0.0255	-2e-05	0
1611	-2.6	-0.0015	1e-05	0	-2.6	-0.0015	1e-05	0
1616	-2.6	0.002	0	0	-2.6	0.002	0	0
1619	-2.6	0.004	0	0	-2.6	0.004	0	0
1621	-2.6	0.0055	-1e-05	0	-2.6	0.0055	-1e-05	0
1623	-2.6	0.008	-1e-05	0	-2.6	0.008	-1e-05	0
1625	-2.6	0.0085	-1e-05	0	-2.6	0.0085	-1e-05	0
1626	-2.6	0.009	-1e-05	0	-2.6	0.009	-1e-05	0
1635	-2.6	0.013	-1e-05	0	-2.6	0.013	-1e-05	0
1637	-2.6	0.014	-2e-05	0	-2.6	0.014	-2e-05	0
1638	-2.6	0.0145	-2e-05	0	-2.6	0.0145	-2e-05	0
1641	-2.6	0.0155	-2e-05	0	-2.6	0.0155	-2e-05	0
1642	-2.6	0.016	-2e-05	0	-2.6	0.016	-2e-05	0
1643	-2.6	0.016	-1e-05	0	-2.6	0.016	-1e-05	0
1647	-2.6	0.017	-2e-05	0	-2.6	0.017	-2e-05	0
1650	-2.6	0.0185	-2e-05	0	-2.6	0.0185	-2e-05	0
1651	-2.6	0.0195	-3e-05	0	-2.6	0.0195	-3e-05	0
1655	-2.6	0.023	-2e-05	0	-2.6	0.023	-2e-05	0
1664	-2.6	0.028	-4e-05	0	-2.6	0.028	-4e-05	0
1668	-2.6	0.03	-3e-05	0	-2.6	0.03	-3e-05	0
1672	-2.6	0.0335	-4e-05	0	-2.6	0.0335	-4e-05	0
1688	-2.4	0.0025	0	0	-2.4	0.0025	0	0
1692	-2.4	0.004	0	0	-2.4	0.004	0	0
1693	-2.4	0.0045	0	0	-2.4	0.0045	0	0
1694	-2.4	0.005	0	0	-2.4	0.005	0	0
1695	-2.4	0.006	0	0	-2.4	0.006	0	0
1696	-2.4	0.0075	0	0	-2.4	0.0075	0	0
1697	-2.4	0.008	-1e-05	0	-2.4	0.008	-1e-05	0
1700	-2.4	0.0085	-1e-05	0	-2.4	0.0085	-1e-05	0
1709	-2.4	0.012	-2e-05	0	-2.4	0.012	-2e-05	0
1710	-2.4	0.012	-1e-05	0	-2.4	0.012	-1e-05	0
1711	-2.4	0.0125	-1e-05	0	-2.4	0.0125	-1e-05	0
1712	-2.4	0.013	-2e-05	0	-2.4	0.013	-2e-05	0
1715	-2.4	0.0135	-1e-05	0	-2.4	0.0135	-1e-05	0
1716	-2.4	0.014	-2e-05	0	-2.4	0.014	-2e-05	0
1717	-2.4	0.014	-1e-05	0	-2.4	0.014	-1e-05	0
1719	-2.4	0.015	-2e-05	0	-2.4	0.015	-2e-05	0
1722	-2.4	0.0165	-2e-05	0	-2.4	0.0165	-2e-05	0
1733	-2.4	0.0205	-2e-05	0	-2.4	0.0205	-2e-05	0
1743	-2.4	0.0245	-3e-05	0	-2.4	0.0245	-3e-05	0
1753	-2.4	0.0315	-3e-05	0	-2.4	0.0315	-3e-05	0
1769	-2.2	-0.0005	0	0	-2.2	-0.0005	0	0
1771	-2.2	0.0015	0	0	-2.2	0.0015	0	0
1772	-2.2	0.002	0	0	-2.2	0.002	0	0
1773	-2.2	0.0025	0	0	-2.2	0.0025	0	0
1774	-2.2	0.003	1e-05	0	-2.2	0.003	1e-05	0
1779	-2.2	0.0045	0	0	-2.2	0.0045	0	0
1782	-2.2	0.0065	-1e-05	0	-2.2	0.0065	-1e-05	0
1783	-2.2	0.007	-1e-05	0	-2.2	0.007	-1e-05	0
1784	-2.2	0.0075	0	0	-2.2	0.0075	0	0
1792	-2.2	0.0115	-1e-05	0	-2.2	0.0115	-1e-05	0
1793	-2.2	0.012	-1e-05	0	-2.2	0.012	-1e-05	0
1796	-2.2	0.013	-1e-05	0	-2.2	0.013	-1e-05	0
1801	-2.2	0.015	-1e-05	0	-2.2	0.015	-1e-05	0
1805	-2.2	0.0175	-2e-05	0	-2.2	0.0175	-2e-05	0
1816	-2.2	0.0205	-2e-05	0	-2.2	0.0205	-2e-05	0
1822	-2.2	0.0255	-2e-05	0	-2.2	0.0255	-2e-05	0
1839	-2	-0.003	1e-05	0	-2	-0.003	1e-05	0
1841	-2	-0.0015	1e-05	0	-2	-0.0015	1e-05	0
1843	-2	0	0	0	-2	0	0	0
1844	-2	0.0005	0	0	-2	0.0005	0	0
1848	-2	0.002	0	0	-2	0.002	0	0
1849	-2	0.0025	0	0	-2	0.0025	0	0
1851	-2	0.0035	0	0	-2	0.0035	0	0
1852	-2	0.004	0	0	-2	0.004	0	0
1854	-2	0.0045	0	0	-2	0.0045	0	0
1855	-2	0.005	-1e-05	0	-2	0.005	-1e-05	0
1856	-2	0.005	0	0	-2	0.005	0	0
1860	-2	0.008	-1e-05	0	-2	0.008	-1e-05	0
1861	-2	0.0085	-1e-05	0	-2	0.0085	-1e-05	0
1867	-2	0.0105	-1e-05	0	-2	0.0105	-1e-05	0
1868	-2	0.0115	-1e-05	0	-2	0.0115	-1e-05	0
1871	-2	0.0125	-1e-05	0	-2	0.0125	-1e-05	0
1873	-2	0.0135	-1e-05	0	-2	0.0135	-1e-05	0
1875	-2	0.014	-1e-05	0	-2	0.014	-1e-05	0
1876	-2	0.0145	-2e-05	0	-2	0.0145	-2e-05	0
1877	-2	0.015	-2e-05	0	-2	0.015	-2e-05	0
1879	-2	0.0155	-1e-05	0	-2	0.0155	-1e-05	0
1880	-2	0.016	-2e-05	0	-2	0.016	-2e-05	0
1884	-2	0.0175	-2e-05	0	-2	0.0175	-2e-05	0
1889	-2	0.019	-3e-05	0	-2	0.019	-3e-05	0
1896	-2	0.022	-3e-05	0	-2	0.022	-3e-05	0
1897	-2	0.022	-2e-05	0	-2	0.022	-2e-05	0
1925	-1.8	-0.003	1e-05	0	-1.8	-0.003	1e-05	0
1929	-1.8	-0.001	1e-05	0	-1.8	-0.001	1e-05	0
1933	-1.8	0.001	0	0	-1.8	0.001	0	0
1934	-1.8	0.001	1e-05	0	-1.8	0.001	1e-05	0
1935	-1.8	0.0015	0	0	-1.8	0.0015	0	0
1938	-1.8	0.0025	0	0	-1.8	0.0025	0	0
1942	-1.8	0.0045	0	0	-1.8	0.0045	0	0
1943	-1.8	0.005	-1e-05	0	-1.8	0.005	-1e-05	0
1944	-1.8	0.0055	-1e-05	0	-1.8	0.0055	-1e-05	0
1945	-1.8	0.006	0	0	-1.8	0.006	0	0
1949	-1.8	0.0105	-1e-05	0	-1.8	0.0105	-1e-05	0
1951	-1.8	0.0115	-1e-05	0	-1.8	0.0115	-1e-05	0
1953	-1.8	0.012	-1e-05	0	-1.8	0.012	-1e-05	0
1958	-1.8	0.015	-2e-05	0	-1.8	0.015	-2e-05	0
1960	-1.8	0.016	-2e-05	0	-1.8	0.016	-2e-05	0
1961	-1.8	0.0165	-2e-05	0	-1.8	0.0165	-2e-05	0
1967	-1.8	0.019	-2e-05	0	-1.8	0.019	-2e-05	0
1971	-1.8	0.022	-3e-05	0	-1.8	0.022	-3e-05	0
1973	-1.8	0.0235	-3e-05	0	-1.8	0.0235	-3e-05	0
1991	-1.6	-0.0085	1e-05	0	-1.6	-0.0085	1e-05	0
1994	-1.6	-0.005	0	0	-1.6	-0.005	0	0
1996	-1.6	-0.0035	1e-05	0	-1.6	-0.0035	1e-05	0
1999	-1.6	-0.002	0	0	-1.6	-0.002	0	0
2001	-1.6	0.0005	0	0	-1.6	0.0005	0	0
2002	-1.6	0.0005	1e-05	0	-1.6	0.0005	1e-05	0
2003	-1.6	0.0015	0	0	-1.6	0.0015	0	0
2004	-1.6	0.002	-1e-05	0	-1.6	0.002	-1e-05	0
2006	-1.6	0.0025	-1e-05	0	-1.6	0.0025	-1e-05	0
2007	-1.6	0.0025	0	0	-1.6	0.0025	0	0
2008	-1.6	0.003	0	0	-1.6	0.003	0	0
2010	-1.6	0.0035	0	0	-1.6	0.0035	0	0
2011	-1.6	0.004	0	0	-1.6	0.004	0	0
2012	-1.6	0.004	1e-05	0	-1.6	0.004	1e-05	0
2013	-1.6	0.005	0	0	-1.6	0.005	0	0
2016	-1.6	0.0055	0	0	-1.6	0.0055	0	0
2017	-1.6	0.006	0	0	-1.6	0.006	0	0
2018	-1.6	0.0065	-1e-05	0	-1.6	0.0065	-1e-05	0
2020	-1.6	0.0075	-1e-05	0	-1.6	0.0075	-1e-05	0
2021	-1.6	0.009	-1e-05	0	-1.6	0.009	-1e-05	0
2024	-1.6	0.01	-1e-05	0	-1.6	0.01	-1e-05	0
2027	-1.6	0.0105	-1e-05	0	-1.6	0.0105	-1e-05	0
2033	-1.6	0.0135	-1e-05	0	-1.6	0.0135	-1e-05	0
2034	-1.6	0.014	-2e-05	0	-1.6	0.014	-2e-05	0
2043	-1.6	0.017	-2e-05	0	-1.6	0.017	-2e-05	0
2058	-1.6	0.0235	-3e-05	0	-1.6	0.0235	-3e-05	0
2076	-1.4	-0.007	1e-05	0	-1.4	-0.007	1e-05	0
2083	-1.4	-0.002	1e-05	0	-1.4	-0.002	1e-05	0
2085	-1.4	-0.0005	0	0	-1.4	-0.0005	0	0
2088	-1.4	0.001	0	0	-1.4	0.001	0	0
2089	-1.4	0.0015	0	0	-1.4	0.0015	0	0
2090	-1.4	0.002	0	0	-1.4	0.002	0	0
2092	-1.4	0.0025	-1e-05	0	-1.4	0.0025	-1e-05	0
2095	-1.4	0.003	0	0	-1.4	0.003	0	0
2101	-1.4	0.0045	0	0	-1.4	0.0045	0	0
2103	-1.4	0.005	0	0	-1.4	0.005	0	0
2104	-1.4	0.0055	-1e-05	0	-1.4	0.0055	-1e-05	0
2106	-1.4	0.0065	-1e-05	0	-1.4	0.0065	-1e-05	0
2108	-1.4	0.007	-1e-05	0	-1.4	0.007	-1e-05	0
2110	-1.4	0.0075	-1e-05	0	-1.4	0.0075	-1e-05	0
2111	-1.4	0.008	-1e-05	0	-1.4	0.008	-1e-05	0
2112	-1.4	0.009	-1e-05	0	-1.4	0.009	-1e-05	0
2114	-1.4	0.0095	-1e-05	0	-1.4	0.0095	-1e-05	0
2115	-1.4	0.01	-1e-05	0	-1.4	0.01	-1e-05	0
2125	-1.4	0.013	-1e-05	0	-1.4	0.013	-1e-05	0
2126	-1.4	0.013	0	0	-1.4	0.013	0	0
2129	-1.4	0.0145	-2e-05	0	-1.4	0.0145	-2e-05	0
2130	-1.4	0.0145	-1e-05	0	-1.4	0.0145	-1e-05	0
2133	-1.4	0.016	-3e-05	0	-1.4	0.016	-3e-05	0
2137	-1.4	0.0175	-2e-05	0	-1.4	0.0175	-2e-05	0
2138	-1.4	0.018	-2e-05	0	-1.4	0.018	-2e-05	0
2146	-1.4	0.026	-3e-05	0	-1.4	0.026	-3e-05	0
2153	-1.2	-0.0185	3e-05	0	-1.2	-0.0185	3e-05	0
2154	-1.2	-0.0165	1e-05	0	-1.2	-0.0165	1e-05	0
2157	-1.2	-0.01	1e-05	0	-1.2	-0.01	1e-05	0
2163	-1.2	-0.005	0	0	-1.2	-0.005	0	0
2165	-1.2	-0.0045	1e-05	0	-1.2	-0.0045	1e-05	0
2166	-1.2	-0.004	0	0	-1.2	-0.004	0	0
2167	-1.2	-0.0035	1e-05	0	-1.2	-0.0035	1e-05	0
2168	-1.2	-0.0035	2e-05	0	-1.2	-0.0035	2e-05	0
2169	-1.2	-0.003	1e-05	0	-1.2	-0.003	1e-05	0
2173	-1.2	0	0	0	-1.2	0	0	0
2175	-1.2	0.0005	0	0	-1.2	0.0005	0	0
2177	-1.2	0.001	0	0	-1.2	0.001	0	0
2179	-1.2	0.002	0	0	-1.2	0.002	0	0
2180	-1.2	0.0025	0	0	-1.2	0.0025	0	0
2181	-1.2	0.003	0	0	-1.2	0.003	0	0
2182	-1.2	0.0035	0	0	-1.2	0.0035	0	0
2190	-1.2	0.0055	-1e-05	0	-1.2	0.0055	-1e-05	0
2192	-1.2	0.0065	-1e-05	0	-1.2	0.0065	-1e-05	0
2194	-1.2	0.007	-1e-05	0	-1.2	0.007	-1e-05	0
2195	-1.2	0.007	0	0	-1.2	0.007	0	0
2197	-1.2	0.0075	-1e-05	0	-1.2	0.0075	-1e-05	0
2200	-1.2	0.0085	-1e-05	0	-1.2	0.0085	-1e-05	0
2202	-1.2	0.0095	-1e-05	0	-1.2	0.0095	-1e-05	0
2205	-1.2	0.0105	-2e-05	0	-1.2	0.0105	-2e-05	0
2208	-1.2	0.011	-1e-05	0	-1.2	0.011	-1e-05	0
2209	-1.2	0.0115	-2e-05	0	-1.2	0.0115	-2e-05	0
2211	-1.2	0.012	-2e-05	0	-1.2	0.012	-2e-05	0
2212	-1.2	0.012	-1e-05	0	-1.2	0.012	-1e-05	0
2219	-1.2	0.0155	-1e-05	0	-1.2	0.0155	-1e-05	0
2221	-1.2	0.0165	-2e-05	0	-1.2	0.0165	-2e-05	0
2223	-1.2	0.017	-2e-05	0	-1.2	0.017	-2e-05	0
2225	-1.2	0.018	-2e-05	0	-1.2	0.018	-2e-05	0
2244	-1	-0.011	2e-05	0	-1	-0.011	2e-05	0
2247	-1	-0.01	2e-05	0	-1	-0.01	2e-05	0
2248	-1	-0.009	1e-05	0	-1	-0.009	1e-05	0
2249	-1	-0.0085	1e-05	0	-1	-0.0085	1e-05	0
2251	-1	-0.007	2e-05	0	-1	-0.007	2e-05	0
2252	-1	-0.0065	1e-05	0	-1	-0.0065	1e-05	0
2253	-1	-0.006	1e-05	0	-1	-0.006	1e-05	0
2259	-1	-0.0015	1e-05	0	-1	-0.0015	1e-05	0
2261	-1	-0.0005	0	0	-1	-0.0005	0	0
2263	-1	0	0	0	-1	0	0	0
2265	-1	0.0005	0	0	-1	0.0005	0	0
2267	-1	0.001	0	0	-1	0.001	0	0
2269	-1	0.0015	0	0	-1	0.0015	0	0
2272	-1	0.002	0	0	-1	0.002	0	0
2274	-1	0.0025	0	0	-1	0.0025	0	0
2275	-1	0.003	-1e-05	0	-1	0.003	-1e-05	0
2276	-1	0.003	0	0	-1	0.003	0	0
2277	-1	0.0035	0	0	-1	0.0035	0	0
2279	-1	0.0045	0	0	-1	0.0045	0	0
2284	-1	0.006	-1e-05	0	-1	0.006	-1e-05	0
2287	-1	0.0065	-1e-05	0	-1	0.0065	-1e-05	0
2291	-1	0.0085	-1e-05	0	-1	0.0085	-1e-05	0
2293	-1	0.009	-1e-05	0	-1	0.009	-1e-05	0
2294	-1	0.0095	-2e-05	0	-1	0.0095	-2e-05	0
2295	-1	0.0095	-1e-05	0	-1	0.0095	-1e-05	0
2297	-1	0.01	-1e-05	0	-1	0.01	-1e-05	0
2299	-1	0.0105	-1e-05	0	-1	0.0105	-1e-05	0
2300	-1	0.011	-1e-05	0	-1	0.011	-1e-05	0
2303	-1	0.012	-2e-05	0	-1	0.012	-2e-05	0
2305	-1	0.0125	-2e-05	0	-1	0.0125	-2e-05	0
2306	-1	0.013	-2e-05	0	-1	0.013	-2e-05	0
2307	-1	0.013	-1e-05	0	-1	0.013	-1e-05	0
2311	-1	0.015	-2e-05	0	-1	0.015	-2e-05	0
2313	-1	0.0155	-2e-05	0	-1	0.0155	-2e-05	0
2314	-1	0.017	-2e-05	0	-1	0.017	-2e-05	0
2315	-1	0.0175	-2e-05	0	-1	0.0175	-2e-05	0
2325	-1	0.026	-3e-05	0	-1	0.026	-3e-05	0
2341	-0.8	-0.0045	2e-05	0	-0.8	-0.0045	2e-05	0
2345	-0.8	-0.0025	0	0	-0.8	-0.0025	0	0
2346	-0.8	-0.002	0	0	-0.8	-0.002	0	0
2351	-0.8	0.0005	0	0	-0.8	0.0005	0	0
2352	-0.8	0.0005	1e-05	0	-0.8	0.0005	1e-05	0
2353	-0.8	0.001	0	0	-0.8	0.001	0	0
2354	-0.8	0.0015	0	0	-0.8	0.0015	0	0
2356	-0.8	0.002	0	0	-0.8	0.002	0	0
2358	-0.8	0.0025	0	0	-0.8	0.0025	0	0
2359	-0.8	0.003	0	0	-0.8	0.003	0	0
2361	-0.8	0.004	0	0	-0.8	0.004	0	0
2364	-0.8	0.005	-1e-05	0	-0.8	0.005	-1e-05	0
2368	-0.8	0.006	-1e-05	0	-0.8	0.006	-1e-05	0
2369	-0.8	0.0075	-1e-05	0	-0.8	0.0075	-1e-05	0
2370	-0.8	0.008	-1e-05	0	-0.8	0.008	-1e-05	0
2376	-0.8	0.01	-2e-05	0	-0.8	0.01	-2e-05	0
2382	-0.8	0.0115	-2e-05	0	-0.8	0.0115	-2e-05	0
2385	-0.8	0.0135	-2e-05	0	-0.8	0.0135	-2e-05	0
2390	-0.8	0.0195	-3e-05	0	-0.8	0.0195	-3e-05	0
2402	-0.6	-0.015	2e-05	0	-0.6	-0.015	2e-05	0
2405	-0.6	-0.0105	2e-05	0	-0.6	-0.0105	2e-05	0
2408	-0.6	-0.0085	2e-05	0	-0.6	-0.0085	2e-05	0
2412	-0.6	-0.0075	1e-05	0	-0.6	-0.0075	1e-05	0
2413	-0.6	-0.007	1e-05	0	-0.6	-0.007	1e-05	0
2423	-0.6	-0.001	0	0	-0.6	-0.001	0	0
2426	-0.6	0	0	0	-0.6	0	0	0
2428	-0.6	0.0005	0	0	-0.6	0.0005	0	0
2429	-0.6	0.0005	1e-05	0	-0.6	0.0005	1e-05	0
2430	-0.6	0.0015	0	0	-0.6	0.0015	0	0
2432	-0.6	0.0025	-1e-05	0	-0.6	0.0025	-1e-05	0
2433	-0.6	0.0025	0	0	-0.6	0.0025	0	0
2435	-0.6	0.0035	0	0	-0.6	0.0035	0	0
2436	-0.6	0.0045	-1e-05	0	-0.6	0.0045	-1e-05	0
2438	-0.6	0.005	-1e-05	0	-0.6	0.005	-1e-05	0
2440	-0.6	0.006	-1e-05	0	-0.6	0.006	-1e-05	0
2441	-0.6	0.0065	-1e-05	0	-0.6	0.0065	-1e-05	0
2442	-0.6	0.0065	0	0	-0.6	0.0065	0	0
2444	-0.6	0.007	-1e-05	0	-0.6	0.007	-1e-05	0
2447	-0.6	0.009	-1e-05	0	-0.6	0.009	-1e-05	0
2449	-0.6	0.01	-1e-05	0	-0.6	0.01	-1e-05	0
2450	-0.6	0.0105	-2e-05	0	-0.6	0.0105	-2e-05	0
2454	-0.6	0.0115	-1e-05	0	-0.6	0.0115	-1e-05	0
2456	-0.6	0.012	-1e-05	0	-0.6	0.012	-1e-05	0
2458	-0.6	0.0145	-2e-05	0	-0.6	0.0145	-2e-05	0
2460	-0.6	0.016	-2e-05	0	-0.6	0.016	-2e-05	0
2469	-0.4	-0.0205	3e-05	0	-0.4	-0.0205	3e-05	0
2471	-0.4	-0.016	2e-05	0	-0.4	-0.016	2e-05	0
2473	-0.4	-0.015	2e-05	0	-0.4	-0.015	2e-05	0
2479	-0.4	-0.01	2e-05	0	-0.4	-0.01	2e-05	0
2481	-0.4	-0.0095	1e-05	0	-0.4	-0.0095	1e-05	0
2485	-0.4	-0.0085	3e-05	0	-0.4	-0.0085	3e-05	0
2487	-0.4	-0.0075	0	0	-0.4	-0.0075	0	0
2489	-0.4	-0.0065	1e-05	0	-0.4	-0.0065	1e-05	0
2492	-0.4	-0.0055	1e-05	0	-0.4	-0.0055	1e-05	0
2497	-0.4	-0.0035	0	0	-0.4	-0.0035	0	0
2503	-0.4	-0.001	0	0	-0.4	-0.001	0	0
2504	-0.4	-0.0005	0	0	-0.4	-0.0005	0	0
2505	-0.4	0	0	0	-0.4	0	0	0
2506	-0.4	0.0005	0	0	-0.4	0.0005	0	0
2507	-0.4	0.001	0	0	-0.4	0.001	0	0
2511	-0.4	0.002	-1e-05	0	-0.4	0.002	-1e-05	0
2512	-0.4	0.002	0	0	-0.4	0.002	0	0
2514	-0.4	0.0025	0	0	-0.4	0.0025	0	0
2517	-0.4	0.004	0	0	-0.4	0.004	0	0
2521	-0.4	0.006	-1e-05	0	-0.4	0.006	-1e-05	0
2523	-0.4	0.007	-1e-05	0	-0.4	0.007	-1e-05	0
2524	-0.4	0.008	-1e-05	0	-0.4	0.008	-1e-05	0
2526	-0.4	0.0095	-1e-05	0	-0.4	0.0095	-1e-05	0
2535	-0.4	0.0135	-2e-05	0	-0.4	0.0135	-2e-05	0
2541	-0.4	0.017	-2e-05	0	-0.4	0.017	-2e-05	0
2557	-0.2	-0.0145	2e-05	0	-0.2	-0.0145	2e-05	0
2560	-0.2	-0.012	2e-05	0	-0.2	-0.012	2e-05	0
2564	-0.2	-0.0095	1e-05	0	-0.2	-0.0095	1e-05	0
2565	-0.2	-0.0085	1e-05	0	-0.2	-0.0085	1e-05	0
2566	-0.2	-0.008	1e-05	0	-0.2	-0.008	1e-05	0
2569	-0.2	-0.0065	1e-05	0	-0.2	-0.0065	1e-05	0
2570	-0.2	-0.006	1e-05	0	-0.2	-0.006	1e-05	0
2572	-0.2	-0.0045	1e-05	0	-0.2	-0.0045	1e-05	0
2573	-0.2	-0.004	1e-05	0	-0.2	-0.004	1e-05	0
2575	-0.2	-0.0025	0	0	-0.2	-0.0025	0	0
2578	-0.2	-0.0015	0	0	-0.2	-0.0015	0	0
2580	-0.2	-0.001	0	0	-0.2	-0.001	0	0
2582	-0.2	0	0	0	-0.2	0	0	0
2585	-0.2	0.0005	0	0	-0.2	0.0005	0	0
2587	-0.2	0.001	0	0	-0.2	0.001	0	0
2589	-0.2	0.0015	0	0	-0.2	0.0015	0	0
2590	-0.2	0.002	0	0	-0.2	0.002	0	0
2593	-0.2	0.0025	1e-05	0	-0.2	0.0025	1e-05	0
2597	-0.2	0.005	-1e-05	0	-0.2	0.005	-1e-05	0
2598	-0.2	0.0055	-1e-05	0	-0.2	0.0055	-1e-05	0
2599	-0.2	0.0065	-1e-05	0	-0.2	0.0065	-1e-05	0
2602	-0.2	0.009	-2e-05	0	-0.2	0.009	-2e-05	0
2605	-0.2	0.01	-2e-05	0	-0.2	0.01	-2e-05	0
2606	-0.2	0.01	-1e-05	0	-0.2	0.01	-1e-05	0
2610	-0.2	0.0135	-3e-05	0	-0.2	0.0135	-3e-05	0
2619	-0.2	0.02	-2e-05	0	-0.2	0.02	-2e-05	0
2627	0	-0.012	2e-05	0	0	-0.012	2e-05	0
2632	0	-0.009	1e-05	0	0	-0.009	1e-05	0
2635	0	-0.0085	2e-05	0	0	-0.0085	2e-05	0
2638	0	-0.007	1e-05	0	0	-0.007	1e-05	0
2639	0	-0.0065	0	0	0	-0.0065	0	0
2640	0	-0.0065	1e-05	0	0	-0.0065	1e-05	0
2645	0	-0.004	1e-05	0	0	-0.004	1e-05	0
2648	0	-0.003	0	0	0	-0.003	0	0
2654	0	-0.0005	0	0	0	-0.0005	0	0
2657	0	0.0005	0	0	0	0.0005	0	0
2660	0	0.001	0	0	0	0.001	0	0
2662	0	0.0015	0	0	0	0.0015	0	0
2665	0	0.003	-1e-05	0	0	0.003	-1e-05	0
2668	0	0.0055	-1e-05	0	0	0.0055	-1e-05	0
2678	0	0.0115	-1e-05	0	0	0.0115	-1e-05	0
2679	0	0.0135	-2e-05	0	0	0.0135	-2e-05	0
2689	0.2	-0.027	3e-05	0	0.2	-0.027	3e-05	0
2701	0.2	-0.01	1e-05	0	0.2	-0.01	1e-05	0
2702	0.2	-0.009	0	0	0.2	-0.009	0	0
2707	0.2	-0.008	1e-05	0	0.2	-0.008	1e-05	0
2708	0.2	-0.0075	1e-05	0	0.2	-0.0075	1e-05	0
2716	0.2	-0.005	1e-05	0	0.2	-0.005	1e-05	0
2717	0.2	-0.0045	0	0	0.2	-0.0045	0	0
2719	0.2	-0.004	0	0	0.2	-0.004	0	0
2721	0.2	-0.0035	0	0	0.2	-0.0035	0	0
2723	0.2	-0.0025	0	0	0.2	-0.0025	0	0
2725	0.2	-0.002	0	0	0.2	-0.002	0	0
2727	0.2	-0.0015	0	0	0.2	-0.0015	0	0
2735	0.2	0.0015	-1e-05	0	0.2	0.0015	-1e-05	0
2740	0.2	0.0025	-1e-05	0	0.2	0.0025	-1e-05	0
2755	0.2	0.0105	-1e-05	0	0.2	0.0105	-1e-05	0
2768	0.4	-0.019	3e-05	0	0.4	-0.019	3e-05	0
2769	0.4	-0.0185	2e-05	0	0.4	-0.0185	2e-05	0
2775	0.4	-0.014	1e-05	0	0.4	-0.014	1e-05	0
2780	0.4	-0.011	1e-05	0	0.4	-0.011	1e-05	0
2785	0.4	-0.0085	1e-05	0	0.4	-0.0085	1e-05	0
2789	0.4	-0.005	1e-05	0	0.4	-0.005	1e-05	0
2791	0.4	-0.004	0	0	0.4	-0.004	0	0
2792	0.4	-0.003	0	0	0.4	-0.003	0	0
2793	0.4	-0.003	1e-05	0	0.4	-0.003	1e-05	0
2795	0.4	-0.002	0	0	0.4	-0.002	0	0
2797	0.4	-0.0015	0	0	0.4	-0.0015	0	0
2798	0.4	-0.001	0	0	0.4	-0.001	0	0
2800	0.4	-0.0005	-1e-05	0	0.4	-0.0005	-1e-05	0
2801	0.4	-0.0005	0	0	0.4	-0.0005	0	0
2803	0.4	0	1e-05	0	0.4	0	1e-05	0
2804	0.4	0.0005	-1e-05	0	0.4	0.0005	-1e-05	0
2805	0.4	0.0005	0	0	0.4	0.0005	0	0
2812	0.4	0.0035	-1e-05	0	0.4	0.0035	-1e-05	0
2813	0.4	0.0045	-1e-05	0	0.4	0.0045	-1e-05	0
2821	0.4	0.0085	-1e-05	0	0.4	0.0085	-1e-05	0
2822	0.4	0.009	-1e-05	0	0.4	0.009	-1e-05	0
2825	0.4	0.0115	-1e-05	0	0.4	0.0115	-1e-05	0
2836	0.4	0.021	-3e-05	0	0.4	0.021	-3e-05	0
2839	0.6	-0.027	3e-05	0	0.6	-0.027	3e-05	0
2854	0.6	-0.013	2e-05	0	0.6	-0.013	2e-05	0
2857	0.6	-0.0115	1e-05	0	0.6	-0.0115	1e-05	0
2858	0.6	-0.011	1e-05	0	0.6	-0.011	1e-05	0
2859	0.6	-0.0095	1e-05	0	0.6	-0.0095	1e-05	0
2861	0.6	-0.009	1e-05	0	0.6	-0.009	1e-05	0
2864	0.6	-0.008	1e-05	0	0.6	-0.008	1e-05	0
2865	0.6	-0.008	2e-05	0	0.6	-0.008	2e-05	0
2868	0.6	-0.006	1e-05	0	0.6	-0.006	1e-05	0
2873	0.6	-0.004	0	0	0.6	-0.004	0	0
2875	0.6	-0.0035	0	0	0.6	-0.0035	0	0
2876	0.6	-0.003	0	0	0.6	-0.003	0	0
2877	0.6	-0.0025	0	0	0.6	-0.0025	0	0
2878	0.6	-0.002	0	0	0.6	-0.002	0	0
2881	0.6	-0.001	0	0	0.6	-0.001	0	0
2882	0.6	-0.0005	0	0	0.6	-0.0005	0	0
2890	0.6	0.0025	0	0	0.6	0.0025	0	0
2891	0.6	0.003	-1e-05	0	0.6	0.003	-1e-05	0
2896	0.6	0.0055	-2e-05	0	0.6	0.0055	-2e-05	0
2897	0.6	0.0055	-1e-05	0	0.6	0.0055	-1e-05	0
2898	0.6	0.0065	-2e-05	0	0.6	0.0065	-2e-05	0
2909	0.6	0.0155	-2e-05	0	0.6	0.0155	-2e-05	0
2911	0.6	0.0165	-2e-05	0	0.6	0.0165	-2e-05	0
2916	0.8	-0.029	3e-05	0	0.8	-0.029	3e-05	0
2920	0.8	-0.023	3e-05	0	0.8	-0.023	3e-05	0
2922	0.8	-0.021	3e-05	0	0.8	-0.021	3e-05	0
2927	0.8	-0.0175	2e-05	0	0.8	-0.0175	2e-05	0
2932	0.8	-0.015	2e-05	0	0.8	-0.015	2e-05	0
2934	0.8	-0.0145	2e-05	0	0.8	-0.0145	2e-05	0
2938	0.8	-0.012	1e-05	0	0.8	-0.012	1e-05	0
2940	0.8	-0.0115	1e-05	0	0.8	-0.0115	1e-05	0
2956	0.8	-0.0075	1e-05	0	0.8	-0.0075	1e-05	0
2960	0.8	-0.0055	0	0	0.8	-0.0055	0	0
2962	0.8	-0.005	1e-05	0	0.8	-0.005	1e-05	0
2964	0.8	-0.0045	0	0	0.8	-0.0045	0	0
2965	0.8	-0.0045	1e-05	0	0.8	-0.0045	1e-05	0
2969	0.8	-0.003	0	0	0.8	-0.003	0	0
2971	0.8	-0.0025	-1e-05	0	0.8	-0.0025	-1e-05	0
2978	0.8	0.001	-1e-05	0	0.8	0.001	-1e-05	0
2979	0.8	0.0015	-1e-05	0	0.8	0.0015	-1e-05	0
2982	0.8	0.002	-1e-05	0	0.8	0.002	-1e-05	0
2985	0.8	0.0025	-1e-05	0	0.8	0.0025	-1e-05	0
2986	0.8	0.003	-1e-05	0	0.8	0.003	-1e-05	0
2988	0.8	0.0035	0	0	0.8	0.0035	0	0
3000	0.8	0.0075	0	0	0.8	0.0075	0	0
3010	0.8	0.015	-2e-05	0	0.8	0.015	-2e-05	0
3016	1	-0.0255	2e-05	0	1	-0.0255	2e-05	0
3030	1	-0.0135	1e-05	0	1	-0.0135	1e-05	0
3032	1	-0.013	2e-05	0	1	-0.013	2e-05	0
3037	1	-0.011	1e-05	0	1	-0.011	1e-05	0
3039	1	-0.0105	1e-05	0	1	-0.0105	1e-05	0
3044	1	-0.0085	1e-05	0	1	-0.0085	1e-05	0
3051	1	-0.0065	1e-05	0	1	-0.0065	1e-05	0
3057	1	-0.0025	0	0	1	-0.0025	0	0
3059	1	-0.002	0	0	1	-0.002	0	0
3065	1	0	0	0	1	0	0	0
3071	1	0.0065	-1e-05	0	1	0.0065	-1e-05	0
3073	1	0.009	-2e-05	0	1	0.009	-2e-05	0
3091	1.2	-0.0235	3e-05	0	1.2	-0.0235	3e-05	0
3100	1.2	-0.018	2e-05	0	1.2	-0.018	2e-05	0
3108	1.2	-0.016	2e-05	0	1.2	-0.016	2e-05	0
3109	1.2	-0.0155	2e-05	0	1.2	-0.0155	2e-05	0
3110	1.2	-0.0155	3e-05	0	1.2	-0.0155	3e-05	0
3118	1.2	-0.013	2e-05	0	1.2	-0.013	2e-05	0
3122	1.2	-0.012	1e-05	0	1.2	-0.012	1e-05	0
3127	1.2	-0.01	1e-05	0	1.2	-0.01	1e-05	0
3129	1.2	-0.0085	1e-05	0	1.2	-0.0085	1e-05	0
3133	1.2	-0.007	1e-05	0	1.2	-0.007	1e-05	0
3142	1.2	-0.004	-1e-05	0	1.2	-0.004	-1e-05	0
3145	1.2	-0.003	0	0	1.2	-0.003	0	0
3151	1.2	-0.0005	0	0	1.2	-0.0005	0	0
3155	1.2	0.0005	0	0	1.2	0.0005	0	0
3157	1.2	0.0015	0	0	1.2	0.0015	0	0
3164	1.2	0.009	-2e-05	0	1.2	0.009	-2e-05	0
3174	1.4	-0.02	2e-05	0	1.4	-0.02	2e-05	0
3176	1.4	-0.0195	2e-05	0	1.4	-0.0195	2e-05	0
3177	1.4	-0.019	3e-05	0	1.4	-0.019	3e-05	0
3180	1.4	-0.0175	2e-05	0	1.4	-0.0175	2e-05	0
3184	1.4	-0.016	2e-05	0	1.4	-0.016	2e-05	0
3185	1.4	-0.0155	3e-05	0	1.4	-0.0155	3e-05	0
3193	1.4	-0.012	1e-05	0	1.4	-0.012	1e-05	0
3194	1.4	-0.0115	1e-05	0	1.4	-0.0115	1e-05	0
3201	1.4	-0.0095	0	0	1.4	-0.0095	0	0
3203	1.4	-0.009	1e-05	0	1.4	-0.009	1e-05	0
3208	1.4	-0.006	0	0	1.4	-0.006	0	0
3215	1.4	-0.003	0	0	1.4	-0.003	0	0
3216	1.4	-0.0025	-2e-05	0	1.4	-0.0025	-2e-05	0
3219	1.4	-0.0015	-1e-05	0	1.4	-0.0015	-1e-05	0
3220	1.4	-0.0015	0	0	1.4	-0.0015	0	0
3227	1.4	0.0005	0	0	1.4	0.0005	0	0
3229	1.4	0.0025	0	0	1.4	0.0025	0	0
3238	1.4	0.0095	-1e-05	0	1.4	0.0095	-1e-05	0
3251	1.6	-0.024	4e-05	0	1.6	-0.024	4e-05	0
3270	1.6	-0.016	2e-05	0	1.6	-0.016	2e-05	0
3274	1.6	-0.0135	0	0	1.6	-0.0135	0	0
3291	1.6	-0.007	1e-05	0	1.6	-0.007	1e-05	0
3293	1.6	-0.006	1e-05	0	1.6	-0.006	1e-05	0
3305	1.6	-0.0015	0	0	1.6	-0.0015	0	0
3312	1.6	0.0005	0	0	1.6	0.0005	0	0
3340	1.8	-0.0165	2e-05	0	1.8	-0.0165	2e-05	0
3347	1.8	-0.014	2e-05	0	1.8	-0.014	2e-05	0
3349	1.8	-0.0125	0	0	1.8	-0.0125	0	0
3351	1.8	-0.0125	2e-05	0	1.8	-0.0125	2e-05	0
3357	1.8	-0.0095	1e-05	0	1.8	-0.0095	1e-05	0
3360	1.8	-0.008	0	0	1.8	-0.008	0	0
3361	1.8	-0.0075	-1e-05	0	1.8	-0.0075	-1e-05	0
3362	1.8	-0.0065	0	0	1.8	-0.0065	0	0
3402	2	-0.0245	3e-05	0	2	-0.0245	3e-05	0
3407	2	-0.02	2e-05	0	2	-0.02	2e-05	0
3413	2	-0.017	2e-05	0	2	-0.017	2e-05	0
3421	2	-0.014	1e-05	0	2	-0.014	1e-05	0
3423	2	-0.012	1e-05	0	2	-0.012	1e-05	0
3433	2	-0.0075	0	0	2	-0.0075	0	0
3435	2	-0.007	0	0	2	-0.007	0	0
3439	2	-0.004	0	0	2	-0.004	0	0
3441	2	-0.0035	1e-05	0	2	-0.0035	1e-05	0
3443	2	-0.002	0	0	2	-0.002	0	0
3452	2	0.0025	-1e-05	0	2	0.0025	-1e-05	0
3470	2.2	-0.0225	2e-05	0	2.2	-0.0225	2e-05	0
3479	2.2	-0.0175	2e-05	0	2.2	-0.0175	2e-05	0
3482	2.2	-0.016	1e-05	0	2.2	-0.016	1e-05	0
3483	2.2	-0.016	2e-05	0	2.2	-0.016	2e-05	0
3491	2.2	-0.013	2e-05	0	2.2	-0.013	2e-05	0
3496	2.2	-0.0105	1e-05	0	2.2	-0.0105	1e-05	0
3503	2.2	-0.0065	0	0	2.2	-0.0065	0	0
3512	2.2	-0.002	0	0	2.2	-0.002	0	0
3514	2.2	0	-1e-05	0	2.2	0	-1e-05	0
3515	2.2	0	0	0	2.2	0	0	0
3518	2.2	0.0025	-1e-05	0	2.2	0.0025	-1e-05	0
3538	2.4	-0.0275	3e-05	0	2.4	-0.0275	3e-05	0
3548	2.4	-0.023	1e-05	0	2.4	-0.023	1e-05	0
3551	2.4	-0.022	2e-05	0	2.4	-0.022	2e-05	0
3552	2.4	-0.021	2e-05	0	2.4	-0.021	2e-05	0
3557	2.4	-0.0195	2e-05	0	2.4	-0.0195	2e-05	0
3561	2.4	-0.017	1e-05	0	2.4	-0.017	1e-05	0
3566	2.4	-0.0145	1e-05	0	2.4	-0.0145	1e-05	0
3568	2.4	-0.014	1e-05	0	2.4	-0.014	1e-05	0
3569	2.4	-0.014	2e-05	0	2.4	-0.014	2e-05	0
3570	2.4	-0.0135	1e-05	0	2.4	-0.0135	1e-05	0
3571	2.4	-0.013	1e-05	0	2.4	-0.013	1e-05	0
3575	2.4	-0.011	1e-05	0	2.4	-0.011	1e-05	0
3581	2.4	-0.0085	1e-05	0	2.4	-0.0085	1e-05	0
3582	2.4	-0.008	0	0	2.4	-0.008	0	0
3590	2.4	-0.0035	0	0	2.4	-0.0035	0	0
3594	2.4	-0.0015	0	0	2.4	-0.0015	0	0
3611	2.6	-0.0325	4e-05	0	2.6	-0.0325	4e-05	0
3614	2.6	-0.028	3e-05	0	2.6	-0.028	3e-05	0
3619	2.6	-0.026	3e-05	0	2.6	-0.026	3e-05	0
3624	2.6	-0.022	1e-05	0	2.6	-0.022	1e-05	0
3626	2.6	-0.0215	2e-05	0	2.6	-0.0215	2e-05	0
3638	2.6	-0.0155	1e-05	0	2.6	-0.0155	1e-05	0
3642	2.6	-0.014	1e-05	0	2.6	-0.014	1e-05	0
3646	2.6	-0.0125	1e-05	0	2.6	-0.0125	1e-05	0
3647	2.6	-0.012	1e-05	0	2.6	-0.012	1e-05	0
3650	2.6	-0.01	1e-05	0	2.6	-0.01	1e-05	0
3653	2.6	-0.0095	2e-05	0	2.6	-0.0095	2e-05	0
3662	2.6	-0.005	0	0	2.6	-0.005	0	0
3671	2.6	0.006	-2e-05	0	2.6	0.006	-2e-05	0
3674	2.6	0.0075	-2e-05	0	2.6	0.0075	-2e-05	0
3679	2.8	-0.0355	4e-05	0	2.8	-0.0355	4e-05	0
3681	2.8	-0.031	3e-05	0	2.8	-0.031	3e-05	0
3686	2.8	-0.0265	4e-05	0	2.8	-0.0265	4e-05	0
3697	2.8	-0.0195	2e-05	0	2.8	-0.0195	2e-05	0
3701	2.8	-0.0185	3e-05	0	2.8	-0.0185	3e-05	0
3703	2.8	-0.017	1e-05	0	2.8	-0.017	1e-05	0
3711	2.8	-0.013	2e-05	0	2.8	-0.013	2e-05	0
3718	2.8	-0.0105	1e-05	0	2.8	-0.0105	1e-05	0
3719	2.8	-0.0095	1e-05	0	2.8	-0.0095	1e-05	0
3763	3	-0.025	3e-05	0	3	-0.025	3e-05	0
3770	3	-0.0215	2e-05	0	3	-0.0215	2e-05	0
3772	3	-0.021	2e-05	0	3	-0.021	2e-05	0
3774	3	-0.0205	2e-05	0	3	-0.0205	2e-05	0
3782	3	-0.017	1e-05	0	3	-0.017	1e-05	0
3784	3	-0.016	2e-05	0	3	-0.016	2e-05	0
3786	3	-0.015	1e-05	0	3	-0.015	1e-05	0
3789	3	-0.0135	1e-05	0	3	-0.0135	1e-05	0
3800	3	-0.01	1e-05	0	3	-0.01	1e-05	0
3807	3	-0.007	0	0	3	-0.007	0	0
3811	3	-0.005	0	0	3	-0.005	0	0
3816	3	-0.002	-1e-05	0	3	-0.002	-1e-05	0
3828	3.2	-0.0305	4e-05	0	3.2	-0.0305	4e-05	0
3830	3.2	-0.03	3e-05	0	3.2	-0.03	3e-05	0
3843	3.2	-0.0245	3e-05	0	3.2	-0.0245	3e-05	0
3849	3.2	-0.0215	2e-05	0	3.2	-0.0215	2e-05	0
3855	3.2	-0.018	2e-05	0	3.2	-0.018	2e-05	0
3861	3.2	-0.0135	1e-05	0	3.2	-0.0135	1e-05	0
3869	3.2	-0.0085	0	0	3.2	-0.0085	0	0
3879	3.2	-0.003	0	0	3.2	-0.003	0	0
3887	3.4	-0.0435	6e-05	0	3.4	-0.0435	6e-05	0
3904	3.4	-0.028	2e-05	0	3.4	-0.028	2e-05	0
3909	3.4	-0.0245	3e-05	0	3.4	-0.0245	3e-05	0
3910	3.4	-0.0235	3e-05	0	3.4	-0.0235	3e-05	0
3912	3.4	-0.0215	2e-05	0	3.4	-0.0215	2e-05	0
3917	3.4	-0.0185	2e-05	0	3.4	-0.0185	2e-05	0
3918	3.4	-0.018	1e-05	0	3.4	-0.018	1e-05	0
3920	3.4	-0.0165	2e-05	0	3.4	-0.0165	2e-05	0
3935	3.4	-0.0115	1e-05	0	3.4	-0.0115	1e-05	0
3937	3.4	-0.011	1e-05	0	3.4	-0.011	1e-05	0
3952	3.6	-0.041	4e-05	0	3.6	-0.041	4e-05	0
3954	3.6	-0.039	5e-05	0	3.6	-0.039	5e-05	0
3976	3.6	-0.0225	3e-05	0	3.6	-0.0225	3e-05	0
3983	3.6	-0.017	2e-05	0	3.6	-0.017	2e-05	0
3985	3.6	-0.016	1e-05	0	3.6	-0.016	1e-05	0
3986	3.6	-0.016	2e-05	0	3.6	-0.016	2e-05	0
3993	3.6	-0.011	1e-05	0	3.6	-0.011	1e-05	0
4000	3.6	-0.0075	1e-05	0	3.6	-0.0075	1e-05	0
4037	3.8	-0.0235	3e-05	0	3.8	-0.0235	3e-05	0
4038	3.8	-0.0225	2e-05	0	3.8	-0.0225	2e-05	0
4043	3.8	-0.0195	1e-05	0	3.8	-0.0195	1e-05	0
4050	3.8	-0.0155	1e-05	0	3.8	-0.0155	1e-05	0
4051	3.8	-0.013	1e-05	0	3.8	-0.013	1e-05	0
4058	3.8	-0.0085	1e-05	0	3.8	-0.0085	1e-05	0
4070	4	-0.0465	5e-05	0	4	-0.0465	5e-05	0
4080	4	-0.0355	4e-05	0	4	-0.0355	4e-05	0
4089	4	-0.03	3e-05	0	4	-0.03	3e-05	0
4093	4	-0.027	2e-05	0	4	-0.027	2e-05	0
4103	4	-0.023	2e-05	0	4	-0.023	2e-05	0
4106	4	-0.02	2e-05	0	4	-0.02	2e-05	0
4107	4	-0.0195	2e-05	0	4	-0.0195	2e-05	0
4110	4	-0.018	2e-05	0	4	-0.018	2e-05	0
4112	4	-0.0175	2e-05	0	4	-0.0175	2e-05	0
4113	4	-0.016	1e-05	0	4	-0.016	1e-05	0
4155	4.2	-0.0245	2e-05	0	4.2	-0.0245	2e-05	0
4156	4.2	-0.0245	3e-05	0	4.2	-0.0245	3e-05	0
4161	4.2	-0.022	2e-05	0	4.2	-0.022	2e-05	0
4163	4.2	-0.021	2e-05	0	4.2	-0.021	2e-05	0
4166	4.2	-0.0195	2e-05	0	4.2	-0.0195	2e-05	0
4191	4.4	-0.0405	4e-05	0	4.4	-0.0405	4e-05	0
4195	4.4	-0.0345	3e-05	0	4.4	-0.0345	3e-05	0
4201	4.4	-0.031	3e-05	0	4.4	-0.031	3e-05	0
4213	4.4	-0.022	2e-05	0	4.4	-0.022	2e-05	0
4240	4.4	-0.002	0	0	4.4	-0.002	0	0
4253	4.6	-0.0395	5e-05	0	4.6	-0.0395	5e-05	0
4263	4.6	-0.0305	3e-05	0	4.6	-0.0305	3e-05	0
4268	4.6	-0.0275	3e-05	0	4.6	-0.0275	3e-05	0
4269	4.6	-0.027	2e-05	0	4.6	-0.027	2e-05	0
4276	4.6	-0.024	2e-05	0	4.6	-0.024	2e-05	0
4322	4.8	-0.0335	4e-05	0	4.8	-0.0335	4e-05	0
4346	4.8	-0.021	1e-05	0	4.8	-0.021	1e-05	0
4350	4.8	-0.017	1e-05	0	4.8	-0.017	1e-05	0
4353	4.8	-0.014	1e-05	0	4.8	-0.014	1e-05	0
4355	4.8	-0.013	1e-05	0	4.8	-0.013	1e-05	0
4375	5	-0.036	3e-05	0	5	-0.036	3e-05	0
4376	5	-0.036	4e-05	0	5	-0.036	4e-05	0
4382	5	-0.0305	3e-05	0	5	-0.0305	3e-05	0
4395	5	-0.021	1e-05	0	5	-0.021	1e-05	0
4399	5	-0.0195	3e-05	0	5	-0.0195	3e-05	0
4401	5	-0.0175	1e-05	0	5	-0.0175	1e-05	0
4407	5	-0.011	1e-05	0	5	-0.011	1e-05	0
4412	5	-0.001	-1e-05	0	5	-0.001	-1e-05	0
4423	5.2	-0.042	5e-05	0	5.2	-0.042	5e-05	0
4427	5.2	-0.0395	4e-05	0	5.2	-0.0395	4e-05	0
4428	5.2	-0.0375	4e-05	0	5.2	-0.0375	4e-05	0
4473	5.4	-0.0355	3e-05	0	5.4	-0.0355	3e-05	0
4475	5.4	-0.033	3e-05	0	5.4	-0.033	3e-05	0
4490	5.4	-0.017	1e-05	0	5.4	-0.017	1e-05	0
4495	5.4	-0.012	0	0	5.4	-0.012	0	0
4514	5.6	-0.036	4e-05	0	5.6	-0.036	4e-05	0
4517	5.6	-0.0335	3e-05	0	5.6	-0.0335	3e-05	0
4521	5.6	-0.0315	3e-05	0	5.6	-0.0315	3e-05	0
4523	5.6	-0.0295	2e-05	0	5.6	-0.0295	2e-05	0
4531	5.6	-0.0235	2e-05	0	5.6	-0.0235	2e-05	0
4533	5.6	-0.0205	2e-05	0	5.6	-0.0205	2e-05	0
4561	5.8	-0.03	2e-05	0	5.8	-0.03	2e-05	0
4564	5.8	-0.029	2e-05	0	5.8	-0.029	2e-05	0
4650	6.2	-0.033	3e-05	0	6.2	-0.033	3e-05	0
4657	6.2	-0.0255	2e-05	0	6.2	-0.0255	2e-05	0
4678	6.4	-0.045	4e-05	0	6.4	-0.045	4e-05	0
4679	6.4	-0.0415	4e-05	0	6.4	-0.0415	4e-05	0
4692	6.4	-0.027	2e-05	0	6.4	-0.027	2e-05	0
4713	6.6	-0.0455	6e-05	0	6.6	-0.0455	6e-05	0
4720	6.6	-0.041	3e-05	0	6.6	-0.041	3e-05	0
4755	6.8	-0.045	4e-05	0	6.8	-0.045	4e-05	0
4776	6.8	-0.0205	1e-05	0	6.8	-0.0205	1e-05	0
4842	7.2	-0.021	2e-05	0	7.2	-0.021	2e-05	0
4864	7.4	-0.044	5e-05	0	7.4	-0.044	5e-05	0
4875	7.4	-0.026	2e-05	0	7.4	-0.026	2e-05	0
4921	7.8	-0.043	4e-05	0	7.8	-0.043	4e-05	0
4964	8.2	-0.06	6e-05	0	8.2	-0.06	6e-05	0
4995	8.4	-0.046	4e-05	0	8.4	-0.046	4e-05	0
5014	8.6	-0.047	4e-05	0	8.6	-0.047	4e-05	0
5016	8.6	-0.046	4e-05	0	8.6	-0.046	4e-05	0
5083	9.2	-0.0455	4e-05	0	9.2	-0.0455	4e-05	0
5102	9.4	-0.0445	4e-05	0	9.4	-0.0445	4e-05	0
5105	9.4	-0.039	3e-05	0	9.4	-0.039	3e-05	0
5114	9.6	-0.065	7e-05	0	9.6	-0.065	7e-05	0
5135	9.8	-0.051	5e-05	0	9.8	-0.051	5e-05	0
5236	11.4	-0.049	5e-05	0	11.4	-0.049	5e-05	0
5280	-12.4	0.0635	-6e-05	0	-12.4	0.0635	-6e-05	0
5296	-11.8	0.056	-5e-05	0	-11.8	0.056	-5e-05	0
5300	-11.6	0.042	-3e-05	0	-11.6	0.042	-3e-05	0
5359	-10.6	0.0585	-6e-05	0	-10.6	0.0585	-6e-05	0
5367	-10.4	0.04	-4e-05	0	-10.4	0.04	-4e-05	0
5391	-10	0.0535	-5e-05	0	-10	0.0535	-5e-05	0
5397	-9.8	0.0395	-4e-05	0	-9.8	0.0395	-4e-05	0
5408	-9.6	0.0355	-3e-05	0	-9.6	0.0355	-3e-05	0
5413	-9.6	0.0455	-4e-05	0	-9.6	0.0455	-4e-05	0
5414	-9.6	0.0465	-5e-05	0	-9.6	0.0465	-5e-05	0
5426	-9.4	0.0385	-4e-05	0	-9.4	0.0385	-4e-05	0
5427	-9.4	0.0405	-4e-05	0	-9.4	0.0405	-4e-05	0
5428	-9.4	0.044	-4e-05	0	-9.4	0.044	-4e-05	0
5430	-9.4	0.0445	-3e-05	0	-9.4	0.0445	-3e-05	0
5440	-9.2	0.0355	-3e-05	0	-9.2	0.0355	-3e-05	0
5441	-9.2	0.036	-3e-05	0	-9.2	0.036	-3e-05	0
5444	-9.2	0.0415	-4e-05	0	-9.2	0.0415	-4e-05	0
5451	-9.2	0.0525	-5e-05	0	-9.2	0.0525	-5e-05	0
5461	-9	0.035	-3e-05	0	-9	0.035	-3e-05	0
5463	-9	0.039	-3e-05	0	-9	0.039	-3e-05	0
5493	-8.8	0.0455	-3e-05	0	-8.8	0.0455	-3e-05	0
5498	-8.8	0.0575	-5e-05	0	-8.8	0.0575	-5e-05	0
5508	-8.6	0.033	-3e-05	0	-8.6	0.033	-3e-05	0
5516	-8.6	0.047	-4e-05	0	-8.6	0.047	-4e-05	0
5531	-8.4	0.0295	-2e-05	0	-8.4	0.0295	-2e-05	0
5533	-8.4	0.0335	-3e-05	0	-8.4	0.0335	-3e-05	0
5540	-8.4	0.043	-4e-05	0	-8.4	0.043	-4e-05	0
5542	-8.4	0.046	-5e-05	0	-8.4	0.046	-5e-05	0
5556	-8.2	0.0275	-3e-05	0	-8.2	0.0275	-3e-05	0
5578	-8	0.033	-3e-05	0	-8	0.033	-3e-05	0
5580	-8	0.036	-2e-05	0	-8	0.036	-2e-05	0
5586	-8	0.0555	-6e-05	0	-8	0.0555	-6e-05	0
5594	-7.8	0.03	-2e-05	0	-7.8	0.03	-2e-05	0
5595	-7.8	0.031	-3e-05	0	-7.8	0.031	-3e-05	0
5620	-7.6	0.024	-1e-05	0	-7.6	0.024	-1e-05	0
5621	-7.6	0.026	-2e-05	0	-7.6	0.026	-2e-05	0
5624	-7.6	0.03	-2e-05	0	-7.6	0.03	-2e-05	0
5626	-7.6	0.034	-2e-05	0	-7.6	0.034	-2e-05	0
5628	-7.6	0.0355	-3e-05	0	-7.6	0.0355	-3e-05	0
5633	-7.6	0.0405	-4e-05	0	-7.6	0.0405	-4e-05	0
5636	-7.6	0.043	-5e-05	0	-7.6	0.043	-5e-05	0
5637	-7.6	0.044	-4e-05	0	-7.6	0.044	-4e-05	0
5639	-7.6	0.0465	-4e-05	0	-7.6	0.0465	-4e-05	0
5640	-7.6	0.048	-5e-05	0	-7.6	0.048	-5e-05	0
5642	-7.6	0.0555	-6e-05	0	-7.6	0.0555	-6e-05	0
5646	-7.4	0.016	0	0	-7.4	0.016	0	0
5647	-7.4	0.019	-1e-05	0	-7.4	0.019	-1e-05	0
5648	-7.4	0.021	-1e-05	0	-7.4	0.021	-1e-05	0
5651	-7.4	0.025	-2e-05	0	-7.4	0.025	-2e-05	0
5652	-7.4	0.0255	-2e-05	0	-7.4	0.0255	-2e-05	0
5655	-7.4	0.029	-1e-05	0	-7.4	0.029	-1e-05	0
5656	-7.4	0.0295	-2e-05	0	-7.4	0.0295	-2e-05	0
5663	-7.4	0.037	-4e-05	0	-7.4	0.037	-4e-05	0
5669	-7.4	0.0445	-4e-05	0	-7.4	0.0445	-4e-05	0
5695	-7.2	0.026	-2e-05	0	-7.2	0.026	-2e-05	0
5697	-7.2	0.027	-2e-05	0	-7.2	0.027	-2e-05	0
5706	-7.2	0.037	-3e-05	0	-7.2	0.037	-3e-05	0
5709	-7.2	0.0395	-3e-05	0	-7.2	0.0395	-3e-05	0
5726	-7	0.0165	0	0	-7	0.0165	0	0
5730	-7	0.027	-2e-05	0	-7	0.027	-2e-05	0
5755	-6.8	0.0195	-1e-05	0	-6.8	0.0195	-1e-05	0
5763	-6.8	0.0275	-3e-05	0	-6.8	0.0275	-3e-05	0
5773	-6.8	0.0395	-4e-05	0	-6.8	0.0395	-4e-05	0
5787	-6.6	0.01	0	0	-6.6	0.01	0	0
5788	-6.6	0.0105	0	0	-6.6	0.0105	0	0
5791	-6.6	0.016	-1e-05	0	-6.6	0.016	-1e-05	0
5796	-6.6	0.023	-1e-05	0	-6.6	0.023	-1e-05	0
5802	-6.6	0.028	-2e-05	0	-6.6	0.028	-2e-05	0
5805	-6.6	0.0295	-2e-05	0	-6.6	0.0295	-2e-05	0
5806	-6.6	0.03	-2e-05	0	-6.6	0.03	-2e-05	0
5809	-6.6	0.0325	-3e-05	0	-6.6	0.0325	-3e-05	0
5810	-6.6	0.034	-3e-05	0	-6.6	0.034	-3e-05	0
5814	-6.6	0.04	-3e-05	0	-6.6	0.04	-3e-05	0
5816	-6.6	0.0445	-5e-05	0	-6.6	0.0445	-5e-05	0
5818	-6.6	0.047	-5e-05	0	-6.6	0.047	-5e-05	0
5822	-6.6	0.0495	-5e-05	0	-6.6	0.0495	-5e-05	0
5828	-6.4	0.0135	0	0	-6.4	0.0135	0	0
5833	-6.4	0.022	-1e-05	0	-6.4	0.022	-1e-05	0
5837	-6.4	0.0245	-2e-05	0	-6.4	0.0245	-2e-05	0
5842	-6.4	0.0275	-3e-05	0	-6.4	0.0275	-3e-05	0
5846	-6.4	0.0315	-3e-05	0	-6.4	0.0315	-3e-05	0
5849	-6.4	0.033	-3e-05	0	-6.4	0.033	-3e-05	0
5862	-6.4	0.046	-4e-05	0	-6.4	0.046	-4e-05	0
5870	-6.2	0.017	-1e-05	0	-6.2	0.017	-1e-05	0
5876	-6.2	0.021	-1e-05	0	-6.2	0.021	-1e-05	0
5877	-6.2	0.0245	-2e-05	0	-6.2	0.0245	-2e-05	0
5878	-6.2	0.0255	-2e-05	0	-6.2	0.0255	-2e-05	0
5884	-6.2	0.03	-3e-05	0	-6.2	0.03	-3e-05	0
5886	-6.2	0.0325	-4e-05	0	-6.2	0.0325	-4e-05	0
5895	-6.2	0.045	-5e-05	0	-6.2	0.045	-5e-05	0
5899	-6	0.0065	1e-05	0	-6	0.0065	1e-05	0
5904	-6	0.0205	-2e-05	0	-6	0.0205	-2e-05	0
5907	-6	0.023	-3e-05	0	-6	0.023	-3e-05	0
5909	-6	0.024	-2e-05	0	-6	0.024	-2e-05	0
5911	-6	0.0245	-2e-05	0	-6	0.0245	-2e-05	0
5915	-6	0.031	-3e-05	0	-6	0.031	-3e-05	0
5918	-6	0.0335	-3e-05	0	-6	0.0335	-3e-05	0
5919	-6	0.0345	-3e-05	0	-6	0.0345	-3e-05	0
5924	-6	0.0385	-5e-05	0	-6	0.0385	-5e-05	0
5926	-6	0.039	-5e-05	0	-6	0.039	-5e-05	0
5927	-6	0.04	-4e-05	0	-6	0.04	-4e-05	0
5929	-6	0.042	-6e-05	0	-6	0.042	-6e-05	0
5941	-5.8	0.014	-1e-05	0	-5.8	0.014	-1e-05	0
5945	-5.8	0.021	-1e-05	0	-5.8	0.021	-1e-05	0
5950	-5.8	0.027	-2e-05	0	-5.8	0.027	-2e-05	0
5951	-5.8	0.0305	-4e-05	0	-5.8	0.0305	-4e-05	0
5952	-5.8	0.0305	-3e-05	0	-5.8	0.0305	-3e-05	0
5953	-5.8	0.033	-3e-05	0	-5.8	0.033	-3e-05	0
5954	-5.8	0.0335	-4e-05	0	-5.8	0.0335	-4e-05	0
5956	-5.8	0.035	-3e-05	0	-5.8	0.035	-3e-05	0
5965	-5.8	0.0415	-5e-05	0	-5.8	0.0415	-5e-05	0
5979	-5.6	0.0155	-1e-05	0	-5.6	0.0155	-1e-05	0
5981	-5.6	0.018	-1e-05	0	-5.6	0.018	-1e-05	0
5986	-5.6	0.023	-2e-05	0	-5.6	0.023	-2e-05	0
5987	-5.6	0.024	-2e-05	0	-5.6	0.024	-2e-05	0
5990	-5.6	0.0245	-2e-05	0	-5.6	0.0245	-2e-05	0
5992	-5.6	0.0255	-2e-05	0	-5.6	0.0255	-2e-05	0
5998	-5.6	0.03	-3e-05	0	-5.6	0.03	-3e-05	0
6002	-5.6	0.033	-3e-05	0	-5.6	0.033	-3e-05	0
6006	-5.6	0.038	-4e-05	0	-5.6	0.038	-4e-05	0
6010	-5.6	0.0425	-4e-05	0	-5.6	0.0425	-4e-05	0
6011	-5.6	0.043	-4e-05	0	-5.6	0.043	-4e-05	0
6012	-5.6	0.044	-4e-05	0	-5.6	0.044	-4e-05	0
6024	-5.4	-0.003	1e-05	0	-5.4	-0.003	1e-05	0
6027	-5.4	0.0085	1e-05	0	-5.4	0.0085	1e-05	0
6030	-5.4	0.012	-1e-05	0	-5.4	0.012	-1e-05	0
6032	-5.4	0.0145	-1e-05	0	-5.4	0.0145	-1e-05	0
6035	-5.4	0.0185	-1e-05	0	-5.4	0.0185	-1e-05	0
6037	-5.4	0.02	-2e-05	0	-5.4	0.02	-2e-05	0
6040	-5.4	0.0245	-2e-05	0	-5.4	0.0245	-2e-05	0
6044	-5.4	0.0265	-3e-05	0	-5.4	0.0265	-3e-05	0
6049	-5.4	0.031	-3e-05	0	-5.4	0.031	-3e-05	0
6058	-5.4	0.0385	-4e-05	0	-5.4	0.0385	-4e-05	0
6059	-5.4	0.0395	-4e-05	0	-5.4	0.0395	-4e-05	0
6064	-5.4	0.042	-4e-05	0	-5.4	0.042	-4e-05	0
6066	-5.4	0.0435	-5e-05	0	-5.4	0.0435	-5e-05	0
6084	-5.2	0.0135	0	0	-5.2	0.0135	0	0
6086	-5.2	0.016	-1e-05	0	-5.2	0.016	-1e-05	0
6091	-5.2	0.02	-2e-05	0	-5.2	0.02	-2e-05	0
6094	-5.2	0.0215	-2e-05	0	-5.2	0.0215	-2e-05	0
6095	-5.2	0.022	-2e-05	0	-5.2	0.022	-2e-05	0
6096	-5.2	0.0225	-2e-05	0	-5.2	0.0225	-2e-05	0
6097	-5.2	0.0235	-3e-05	0	-5.2	0.0235	-3e-05	0
6098	-5.2	0.0235	-2e-05	0	-5.2	0.0235	-2e-05	0
6099	-5.2	0.024	-3e-05	0	-5.2	0.024	-3e-05	0
6100	-5.2	0.024	-2e-05	0	-5.2	0.024	-2e-05	0
6101	-5.2	0.025	-2e-05	0	-5.2	0.025	-2e-05	0
6103	-5.2	0.026	-2e-05	0	-5.2	0.026	-2e-05	0
6105	-5.2	0.0275	-2e-05	0	-5.2	0.0275	-2e-05	0
6108	-5.2	0.029	-2e-05	0	-5.2	0.029	-2e-05	0
6119	-5.2	0.0425	-4e-05	0	-5.2	0.0425	-4e-05	0
6135	-5	0.0125	0	0	-5	0.0125	0	0
6137	-5	0.0135	-1e-05	0	-5	0.0135	-1e-05	0
6147	-5	0.023	-2e-05	0	-5	0.023	-2e-05	0
6152	-5	0.025	-2e-05	0	-5	0.025	-2e-05	0
6156	-5	0.0275	-2e-05	0	-5	0.0275	-2e-05	0
6160	-5	0.03	-3e-05	0	-5	0.03	-3e-05	0
6173	-5	0.042	-4e-05	0	-5	0.042	-4e-05	0
6177	-5	0.0465	-5e-05	0	-5	0.0465	-5e-05	0
6191	-4.8	0.0085	0	0	-4.8	0.0085	0	0
6193	-4.8	0.01	-2e-05	0	-4.8	0.01	-2e-05	0
6198	-4.8	0.014	-1e-05	0	-4.8	0.014	-1e-05	0
6199	-4.8	0.0155	-1e-05	0	-4.8	0.0155	-1e-05	0
6202	-4.8	0.018	-1e-05	0	-4.8	0.018	-1e-05	0
6203	-4.8	0.0185	-2e-05	0	-4.8	0.0185	-2e-05	0
6204	-4.8	0.019	-1e-05	0	-4.8	0.019	-1e-05	0
6205	-4.8	0.0195	-2e-05	0	-4.8	0.0195	-2e-05	0
6206	-4.8	0.02	-2e-05	0	-4.8	0.02	-2e-05	0
6209	-4.8	0.022	-1e-05	0	-4.8	0.022	-1e-05	0
6210	-4.8	0.024	-3e-05	0	-4.8	0.024	-3e-05	0
6211	-4.8	0.0245	-2e-05	0	-4.8	0.0245	-2e-05	0
6218	-4.8	0.028	-2e-05	0	-4.8	0.028	-2e-05	0
6220	-4.8	0.029	-3e-05	0	-4.8	0.029	-3e-05	0
6222	-4.8	0.0305	-3e-05	0	-4.8	0.0305	-3e-05	0
6224	-4.8	0.032	-4e-05	0	-4.8	0.032	-4e-05	0
6231	-4.8	0.0365	-4e-05	0	-4.8	0.0365	-4e-05	0
6233	-4.8	0.038	-4e-05	0	-4.8	0.038	-4e-05	0
6238	-4.8	0.0435	-5e-05	0	-4.8	0.0435	-5e-05	0
6241	-4.8	0.046	-4e-05	0	-4.8	0.046	-4e-05	0
6242	-4.8	0.0465	-5e-05	0	-4.8	0.0465	-5e-05	0
6246	-4.6	0.0015	1e-05	0	-4.6	0.0015	1e-05	0
6250	-4.6	0.006	0	0	-4.6	0.006	0	0
6253	-4.6	0.0115	-1e-05	0	-4.6	0.0115	-1e-05	0
6255	-4.6	0.013	-1e-05	0	-4.6	0.013	-1e-05	0
6257	-4.6	0.0135	0	0	-4.6	0.0135	0	0
6258	-4.6	0.0145	-1e-05	0	-4.6	0.0145	-1e-05	0
6269	-4.6	0.02	-2e-05	0	-4.6	0.02	-2e-05	0
6272	-4.6	0.022	-2e-05	0	-4.6	0.022	-2e-05	0
6275	-4.6	0.024	-3e-05	0	-4.6	0.024	-3e-05	0
6276	-4.6	0.024	-2e-05	0	-4.6	0.024	-2e-05	0
6285	-4.6	0.031	-4e-05	0	-4.6	0.031	-4e-05	0
6293	-4.6	0.0375	-4e-05	0	-4.6	0.0375	-4e-05	0
6298	-4.6	0.0435	-5e-05	0	-4.6	0.0435	-5e-05	0
6304	-4.4	0.005	0	0	-4.4	0.005	0	0
6309	-4.4	0.009	0	0	-4.4	0.009	0	0
6315	-4.4	0.0135	-1e-05	0	-4.4	0.0135	-1e-05	0
6316	-4.4	0.014	-1e-05	0	-4.4	0.014	-1e-05	0
6317	-4.4	0.0145	-1e-05	0	-4.4	0.0145	-1e-05	0
6318	-4.4	0.0165	-1e-05	0	-4.4	0.0165	-1e-05	0
6321	-4.4	0.019	-1e-05	0	-4.4	0.019	-1e-05	0
6322	-4.4	0.0205	-2e-05	0	-4.4	0.0205	-2e-05	0
6324	-4.4	0.021	-1e-05	0	-4.4	0.021	-1e-05	0
6327	-4.4	0.0225	-2e-05	0	-4.4	0.0225	-2e-05	0
6328	-4.4	0.023	-2e-05	0	-4.4	0.023	-2e-05	0
6329	-4.4	0.024	-2e-05	0	-4.4	0.024	-2e-05	0
6335	-4.4	0.0305	-4e-05	0	-4.4	0.0305	-4e-05	0
6347	-4.4	0.0355	-5e-05	0	-4.4	0.0355	-5e-05	0
6351	-4.4	0.0385	-4e-05	0	-4.4	0.0385	-4e-05	0
6372	-4.2	0.0115	-1e-05	0	-4.2	0.0115	-1e-05	0
6374	-4.2	0.0135	-1e-05	0	-4.2	0.0135	-1e-05	0
6376	-4.2	0.0145	-1e-05	0	-4.2	0.0145	-1e-05	0
6381	-4.2	0.0165	-2e-05	0	-4.2	0.0165	-2e-05	0
6384	-4.2	0.0185	-2e-05	0	-4.2	0.0185	-2e-05	0
6386	-4.2	0.019	-2e-05	0	-4.2	0.019	-2e-05	0
6387	-4.2	0.0195	-2e-05	0	-4.2	0.0195	-2e-05	0
6388	-4.2	0.02	-2e-05	0	-4.2	0.02	-2e-05	0
6389	-4.2	0.0215	-2e-05	0	-4.2	0.0215	-2e-05	0
6393	-4.2	0.023	-2e-05	0	-4.2	0.023	-2e-05	0
6396	-4.2	0.024	-2e-05	0	-4.2	0.024	-2e-05	0
6400	-4.2	0.0265	-3e-05	0	-4.2	0.0265	-3e-05	0
6401	-4.2	0.028	-3e-05	0	-4.2	0.028	-3e-05	0
6404	-4.2	0.0295	-3e-05	0	-4.2	0.0295	-3e-05	0
6420	-4.2	0.05	-6e-05	0	-4.2	0.05	-6e-05	0
6423	-4	0.003	1e-05	0	-4	0.003	1e-05	0
6432	-4	0.0095	-1e-05	0	-4	0.0095	-1e-05	0
6433	-4	0.011	-1e-05	0	-4	0.011	-1e-05	0
6435	-4	0.013	-1e-05	0	-4	0.013	-1e-05	0
6437	-4	0.0135	-1e-05	0	-4	0.0135	-1e-05	0
6438	-4	0.014	-1e-05	0	-4	0.014	-1e-05	0
6439	-4	0.0145	-1e-05	0	-4	0.0145	-1e-05	0
6440	-4	0.015	-2e-05	0	-4	0.015	-2e-05	0
6441	-4	0.015	-1e-05	0	-4	0.015	-1e-05	0
6445	-4	0.0185	-1e-05	0	-4	0.0185	-1e-05	0
6447	-4	0.0195	-2e-05	0	-4	0.0195	-2e-05	0
6448	-4	0.0195	-1e-05	0	-4	0.0195	-1e-05	0
6450	-4	0.02	-2e-05	0	-4	0.02	-2e-05	0
6451	-4	0.0205	-2e-05	0	-4	0.0205	-2e-05	0
6452	-4	0.0215	-2e-05	0	-4	0.0215	-2e-05	0
6453	-4	0.022	-2e-05	0	-4	0.022	-2e-05	0
6454	-4	0.0225	-3e-05	0	-4	0.0225	-3e-05	0
6455	-4	0.0225	-2e-05	0	-4	0.0225	-2e-05	0
6459	-4	0.027	-3e-05	0	-4	0.027	-3e-05	0
6462	-4	0.0295	-4e-05	0	-4	0.0295	-4e-05	0
6468	-4	0.033	-3e-05	0	-4	0.033	-3e-05	0
6472	-4	0.035	-4e-05	0	-4	0.035	-4e-05	0
6480	-3.8	-0.0095	3e-05	0	-3.8	-0.0095	3e-05	0
6481	-3.8	-0.0035	2e-05	0	-3.8	-0.0035	2e-05	0
6484	-3.8	0.0035	0	0	-3.8	0.0035	0	0
6486	-3.8	0.0055	0	0	-3.8	0.0055	0	0
6490	-3.8	0.0095	0	0	-3.8	0.0095	0	0
6491	-3.8	0.01	0	0	-3.8	0.01	0	0
6494	-3.8	0.0125	-1e-05	0	-3.8	0.0125	-1e-05	0
6496	-3.8	0.013	-1e-05	0	-3.8	0.013	-1e-05	0
6497	-3.8	0.0135	-1e-05	0	-3.8	0.0135	-1e-05	0
6498	-3.8	0.0145	-1e-05	0	-3.8	0.0145	-1e-05	0
6499	-3.8	0.015	-2e-05	0	-3.8	0.015	-2e-05	0
6500	-3.8	0.015	-1e-05	0	-3.8	0.015	-1e-05	0
6501	-3.8	0.0165	-2e-05	0	-3.8	0.0165	-2e-05	0
6504	-3.8	0.0175	-2e-05	0	-3.8	0.0175	-2e-05	0
6506	-3.8	0.0185	-1e-05	0	-3.8	0.0185	-1e-05	0
6507	-3.8	0.0195	-2e-05	0	-3.8	0.0195	-2e-05	0
6509	-3.8	0.02	-2e-05	0	-3.8	0.02	-2e-05	0
6511	-3.8	0.0205	-2e-05	0	-3.8	0.0205	-2e-05	0
6512	-3.8	0.021	-2e-05	0	-3.8	0.021	-2e-05	0
6515	-3.8	0.0215	-2e-05	0	-3.8	0.0215	-2e-05	0
6517	-3.8	0.0225	-2e-05	0	-3.8	0.0225	-2e-05	0
6521	-3.8	0.026	-3e-05	0	-3.8	0.026	-3e-05	0
6523	-3.8	0.0275	-3e-05	0	-3.8	0.0275	-3e-05	0
6525	-3.8	0.0285	-4e-05	0	-3.8	0.0285	-4e-05	0
6529	-3.8	0.0295	-2e-05	0	-3.8	0.0295	-2e-05	0
6536	-3.8	0.0345	-4e-05	0	-3.8	0.0345	-4e-05	0
6561	-3.6	0.008	-1e-05	0	-3.6	0.008	-1e-05	0
6565	-3.6	0.0095	-1e-05	0	-3.6	0.0095	-1e-05	0
6568	-3.6	0.012	-1e-05	0	-3.6	0.012	-1e-05	0
6569	-3.6	0.0125	-1e-05	0	-3.6	0.0125	-1e-05	0
6570	-3.6	0.013	-1e-05	0	-3.6	0.013	-1e-05	0
6572	-3.6	0.0135	-1e-05	0	-3.6	0.0135	-1e-05	0
6573	-3.6	0.014	-1e-05	0	-3.6	0.014	-1e-05	0
6575	-3.6	0.0145	-1e-05	0	-3.6	0.0145	-1e-05	0
6579	-3.6	0.0155	-1e-05	0	-3.6	0.0155	-1e-05	0
6580	-3.6	0.016	-1e-05	0	-3.6	0.016	-1e-05	0
6582	-3.6	0.017	-2e-05	0	-3.6	0.017	-2e-05	0
6585	-3.6	0.0185	-2e-05	0	-3.6	0.0185	-2e-05	0
6587	-3.6	0.0195	-2e-05	0	-3.6	0.0195	-2e-05	0
6588	-3.6	0.02	-2e-05	0	-3.6	0.02	-2e-05	0
6589	-3.6	0.0205	-2e-05	0	-3.6	0.0205	-2e-05	0
6592	-3.6	0.0225	-2e-05	0	-3.6	0.0225	-2e-05	0
6595	-3.6	0.0245	-2e-05	0	-3.6	0.0245	-2e-05	0
6596	-3.6	0.025	-2e-05	0	-3.6	0.025	-2e-05	0
6597	-3.6	0.0265	-3e-05	0	-3.6	0.0265	-3e-05	0
6608	-3.6	0.0405	-4e-05	0	-3.6	0.0405	-4e-05	0
6615	-3.4	0.0025	0	0	-3.4	0.0025	0	0
6616	-3.4	0.0035	0	0	-3.4	0.0035	0	0
6617	-3.4	0.0055	-1e-05	0	-3.4	0.0055	-1e-05	0
6618	-3.4	0.0055	0	0	-3.4	0.0055	0	0
6626	-3.4	0.0115	-1e-05	0	-3.4	0.0115	-1e-05	0
6627	-3.4	0.012	-1e-05	0	-3.4	0.012	-1e-05	0
6628	-3.4	0.013	-1e-05	0	-3.4	0.013	-1e-05	0
6629	-3.4	0.0135	-1e-05	0	-3.4	0.0135	-1e-05	0
6631	-3.4	0.0155	-1e-05	0	-3.4	0.0155	-1e-05	0
6632	-3.4	0.017	-1e-05	0	-3.4	0.017	-1e-05	0
6634	-3.4	0.018	-2e-05	0	-3.4	0.018	-2e-05	0
6636	-3.4	0.019	-2e-05	0	-3.4	0.019	-2e-05	0
6638	-3.4	0.0195	-2e-05	0	-3.4	0.0195	-2e-05	0
6639	-3.4	0.021	-2e-05	0	-3.4	0.021	-2e-05	0
6645	-3.4	0.0255	-3e-05	0	-3.4	0.0255	-3e-05	0
6647	-3.4	0.026	-3e-05	0	-3.4	0.026	-3e-05	0
6681	-3.2	0.0055	1e-05	0	-3.2	0.0055	1e-05	0
6682	-3.2	0.006	0	0	-3.2	0.006	0	0
6684	-3.2	0.007	0	0	-3.2	0.007	0	0
6685	-3.2	0.008	-1e-05	0	-3.2	0.008	-1e-05	0
6686	-3.2	0.009	-1e-05	0	-3.2	0.009	-1e-05	0
6687	-3.2	0.0095	0	0	-3.2	0.0095	0	0
6689	-3.2	0.0115	-1e-05	0	-3.2	0.0115	-1e-05	0
6692	-3.2	0.013	-1e-05	0	-3.2	0.013	-1e-05	0
6693	-3.2	0.0135	-1e-05	0	-3.2	0.0135	-1e-05	0
6695	-3.2	0.014	-1e-05	0	-3.2	0.014	-1e-05	0
6696	-3.2	0.0145	-1e-05	0	-3.2	0.0145	-1e-05	0
6702	-3.2	0.017	-2e-05	0	-3.2	0.017	-2e-05	0
6703	-3.2	0.017	-1e-05	0	-3.2	0.017	-1e-05	0
6704	-3.2	0.018	-2e-05	0	-3.2	0.018	-2e-05	0
6706	-3.2	0.0185	-2e-05	0	-3.2	0.0185	-2e-05	0
6710	-3.2	0.023	-3e-05	0	-3.2	0.023	-3e-05	0
6726	-3.2	0.033	-3e-05	0	-3.2	0.033	-3e-05	0
6738	-3	-0.006	2e-05	0	-3	-0.006	2e-05	0
6750	-3	0.0075	0	0	-3	0.0075	0	0
6751	-3	0.0085	-1e-05	0	-3	0.0085	-1e-05	0
6754	-3	0.01	-1e-05	0	-3	0.01	-1e-05	0
6756	-3	0.0105	-1e-05	0	-3	0.0105	-1e-05	0
6759	-3	0.013	-1e-05	0	-3	0.013	-1e-05	0
6760	-3	0.0135	-2e-05	0	-3	0.0135	-2e-05	0
6761	-3	0.0135	-1e-05	0	-3	0.0135	-1e-05	0
6763	-3	0.014	-1e-05	0	-3	0.014	-1e-05	0
6767	-3	0.0165	-1e-05	0	-3	0.0165	-1e-05	0
6769	-3	0.017	-2e-05	0	-3	0.017	-2e-05	0
6770	-3	0.0175	-2e-05	0	-3	0.0175	-2e-05	0
6772	-3	0.018	-2e-05	0	-3	0.018	-2e-05	0
6774	-3	0.02	-2e-05	0	-3	0.02	-2e-05	0
6776	-3	0.022	-3e-05	0	-3	0.022	-3e-05	0
6777	-3	0.022	-2e-05	0	-3	0.022	-2e-05	0
6779	-3	0.0235	-3e-05	0	-3	0.0235	-3e-05	0
6781	-3	0.0245	-3e-05	0	-3	0.0245	-3e-05	0
6785	-3	0.0275	-3e-05	0	-3	0.0275	-3e-05	0
6811	-2.8	0.003	0	0	-2.8	0.003	0	0
6817	-2.8	0.0055	0	0	-2.8	0.0055	0	0
6818	-2.8	0.0055	1e-05	0	-2.8	0.0055	1e-05	0
6819	-2.8	0.006	0	0	-2.8	0.006	0	0
6820	-2.8	0.0075	0	0	-2.8	0.0075	0	0
6821	-2.8	0.0085	0	0	-2.8	0.0085	0	0
6822	-2.8	0.0095	-2e-05	0	-2.8	0.0095	-2e-05	0
6823	-2.8	0.0095	-1e-05	0	-2.8	0.0095	-1e-05	0
6824	-2.8	0.01	-1e-05	0	-2.8	0.01	-1e-05	0
6825	-2.8	0.01	0	0	-2.8	0.01	0	0
6831	-2.8	0.0125	-1e-05	0	-2.8	0.0125	-1e-05	0
6833	-2.8	0.013	-1e-05	0	-2.8	0.013	-1e-05	0
6835	-2.8	0.0145	-2e-05	0	-2.8	0.0145	-2e-05	0
6839	-2.8	0.016	-2e-05	0	-2.8	0.016	-2e-05	0
6840	-2.8	0.016	-1e-05	0	-2.8	0.016	-1e-05	0
6841	-2.8	0.0165	-2e-05	0	-2.8	0.0165	-2e-05	0
6845	-2.8	0.018	-1e-05	0	-2.8	0.018	-1e-05	0
6847	-2.8	0.0195	-3e-05	0	-2.8	0.0195	-3e-05	0
6848	-2.8	0.0195	-2e-05	0	-2.8	0.0195	-2e-05	0
6851	-2.8	0.0205	-2e-05	0	-2.8	0.0205	-2e-05	0
6858	-2.8	0.0235	-2e-05	0	-2.8	0.0235	-2e-05	0
6860	-2.8	0.0245	-3e-05	0	-2.8	0.0245	-3e-05	0
6861	-2.8	0.025	-3e-05	0	-2.8	0.025	-3e-05	0
6862	-2.8	0.0255	-2e-05	0	-2.8	0.0255	-2e-05	0
6864	-2.8	0.0285	-2e-05	0	-2.8	0.0285	-2e-05	0
6877	-2.6	-0.0105	2e-05	0	-2.6	-0.0105	2e-05	0
6887	-2.6	-0.001	0	0	-2.6	-0.001	0	0
6889	-2.6	0	1e-05	0	-2.6	0	1e-05	0
6891	-2.6	0.0025	0	0	-2.6	0.0025	0	0
6892	-2.6	0.004	-1e-05	0	-2.6	0.004	-1e-05	0
6893	-2.6	0.0045	-1e-05	0	-2.6	0.0045	-1e-05	0
6895	-2.6	0.006	-1e-05	0	-2.6	0.006	-1e-05	0
6898	-2.6	0.0065	0	0	-2.6	0.0065	0	0
6902	-2.6	0.0085	-1e-05	0	-2.6	0.0085	-1e-05	0
6903	-2.6	0.009	-1e-05	0	-2.6	0.009	-1e-05	0
6905	-2.6	0.0095	-1e-05	0	-2.6	0.0095	-1e-05	0
6906	-2.6	0.0095	0	0	-2.6	0.0095	0	0
6907	-2.6	0.0105	-2e-05	0	-2.6	0.0105	-2e-05	0
6909	-2.6	0.0125	-1e-05	0	-2.6	0.0125	-1e-05	0
6911	-2.6	0.0135	-1e-05	0	-2.6	0.0135	-1e-05	0
6912	-2.6	0.0145	-2e-05	0	-2.6	0.0145	-2e-05	0
6913	-2.6	0.015	-1e-05	0	-2.6	0.015	-1e-05	0
6914	-2.6	0.0155	-2e-05	0	-2.6	0.0155	-2e-05	0
6915	-2.6	0.016	-2e-05	0	-2.6	0.016	-2e-05	0
6916	-2.6	0.0165	-2e-05	0	-2.6	0.0165	-2e-05	0
6921	-2.6	0.0175	-2e-05	0	-2.6	0.0175	-2e-05	0
6924	-2.6	0.019	-3e-05	0	-2.6	0.019	-3e-05	0
6928	-2.6	0.021	-2e-05	0	-2.6	0.021	-2e-05	0
6931	-2.6	0.0225	-2e-05	0	-2.6	0.0225	-2e-05	0
6937	-2.6	0.025	-2e-05	0	-2.6	0.025	-2e-05	0
6946	-2.6	0.0285	-4e-05	0	-2.6	0.0285	-4e-05	0
6948	-2.6	0.03	-4e-05	0	-2.6	0.03	-4e-05	0
6967	-2.4	0.003	0	0	-2.4	0.003	0	0
6969	-2.4	0.006	0	0	-2.4	0.006	0	0
6971	-2.4	0.0075	-1e-05	0	-2.4	0.0075	-1e-05	0
6972	-2.4	0.008	-1e-05	0	-2.4	0.008	-1e-05	0
6973	-2.4	0.0085	-1e-05	0	-2.4	0.0085	-1e-05	0
6975	-2.4	0.009	-1e-05	0	-2.4	0.009	-1e-05	0
6987	-2.4	0.014	-2e-05	0	-2.4	0.014	-2e-05	0
6988	-2.4	0.0145	-2e-05	0	-2.4	0.0145	-2e-05	0
6991	-2.4	0.016	-2e-05	0	-2.4	0.016	-2e-05	0
6992	-2.4	0.0165	-2e-05	0	-2.4	0.0165	-2e-05	0
6994	-2.4	0.017	-2e-05	0	-2.4	0.017	-2e-05	0
6995	-2.4	0.0175	-3e-05	0	-2.4	0.0175	-3e-05	0
6996	-2.4	0.0175	-2e-05	0	-2.4	0.0175	-2e-05	0
6997	-2.4	0.0195	-2e-05	0	-2.4	0.0195	-2e-05	0
7000	-2.4	0.0205	-3e-05	0	-2.4	0.0205	-3e-05	0
7002	-2.4	0.022	-2e-05	0	-2.4	0.022	-2e-05	0
7006	-2.4	0.0235	-2e-05	0	-2.4	0.0235	-2e-05	0
7013	-2.4	0.026	-3e-05	0	-2.4	0.026	-3e-05	0
7033	-2.2	-0.0015	0	0	-2.2	-0.0015	0	0
7036	-2.2	0	0	0	-2.2	0	0	0
7038	-2.2	0.003	0	0	-2.2	0.003	0	0
7040	-2.2	0.0045	0	0	-2.2	0.0045	0	0
7042	-2.2	0.006	-1e-05	0	-2.2	0.006	-1e-05	0
7044	-2.2	0.008	-1e-05	0	-2.2	0.008	-1e-05	0
7045	-2.2	0.0085	-1e-05	0	-2.2	0.0085	-1e-05	0
7054	-2.2	0.012	-1e-05	0	-2.2	0.012	-1e-05	0
7055	-2.2	0.0125	-1e-05	0	-2.2	0.0125	-1e-05	0
7056	-2.2	0.013	-2e-05	0	-2.2	0.013	-2e-05	0
7057	-2.2	0.013	-1e-05	0	-2.2	0.013	-1e-05	0
7058	-2.2	0.013	0	0	-2.2	0.013	0	0
7063	-2.2	0.0155	-2e-05	0	-2.2	0.0155	-2e-05	0
7065	-2.2	0.0175	-2e-05	0	-2.2	0.0175	-2e-05	0
7066	-2.2	0.019	-2e-05	0	-2.2	0.019	-2e-05	0
7069	-2.2	0.0205	-2e-05	0	-2.2	0.0205	-2e-05	0
7073	-2.2	0.022	-2e-05	0	-2.2	0.022	-2e-05	0
7074	-2.2	0.0225	-2e-05	0	-2.2	0.0225	-2e-05	0
7078	-2.2	0.024	-3e-05	0	-2.2	0.024	-3e-05	0
7105	-2	0.0025	0	0	-2	0.0025	0	0
7107	-2	0.0035	0	0	-2	0.0035	0	0
7110	-2	0.0045	-1e-05	0	-2	0.0045	-1e-05	0
7113	-2	0.0055	0	0	-2	0.0055	0	0
7114	-2	0.0055	1e-05	0	-2	0.0055	1e-05	0
7115	-2	0.006	-1e-05	0	-2	0.006	-1e-05	0
7116	-2	0.0065	0	0	-2	0.0065	0	0
7118	-2	0.008	-1e-05	0	-2	0.008	-1e-05	0
7120	-2	0.0085	-1e-05	0	-2	0.0085	-1e-05	0
7126	-2	0.011	-1e-05	0	-2	0.011	-1e-05	0
7127	-2	0.0115	-1e-05	0	-2	0.0115	-1e-05	0
7128	-2	0.012	-2e-05	0	-2	0.012	-2e-05	0
7131	-2	0.013	-2e-05	0	-2	0.013	-2e-05	0
7133	-2	0.0135	-2e-05	0	-2	0.0135	-2e-05	0
7134	-2	0.014	-2e-05	0	-2	0.014	-2e-05	0
7136	-2	0.0145	-2e-05	0	-2	0.0145	-2e-05	0
7143	-2	0.017	-3e-05	0	-2	0.017	-3e-05	0
7145	-2	0.0175	-2e-05	0	-2	0.0175	-2e-05	0
7148	-2	0.0185	-2e-05	0	-2	0.0185	-2e-05	0
7149	-2	0.019	-2e-05	0	-2	0.019	-2e-05	0
7157	-2	0.0225	-2e-05	0	-2	0.0225	-2e-05	0
7168	-1.8	-0.011	2e-05	0	-1.8	-0.011	2e-05	0
7175	-1.8	-0.0035	1e-05	0	-1.8	-0.0035	1e-05	0
7177	-1.8	-0.0025	1e-05	0	-1.8	-0.0025	1e-05	0
7180	-1.8	-0.0005	1e-05	0	-1.8	-0.0005	1e-05	0
7181	-1.8	0	0	0	-1.8	0	0	0
7182	-1.8	0.001	0	0	-1.8	0.001	0	0
7183	-1.8	0.0015	0	0	-1.8	0.0015	0	0
7185	-1.8	0.002	0	0	-1.8	0.002	0	0
7186	-1.8	0.0025	0	0	-1.8	0.0025	0	0
7188	-1.8	0.003	0	0	-1.8	0.003	0	0
7189	-1.8	0.0035	0	0	-1.8	0.0035	0	0
7190	-1.8	0.004	0	0	-1.8	0.004	0	0
7191	-1.8	0.0045	0	0	-1.8	0.0045	0	0
7197	-1.8	0.007	0	0	-1.8	0.007	0	0
7198	-1.8	0.0075	-1e-05	0	-1.8	0.0075	-1e-05	0
7200	-1.8	0.008	-1e-05	0	-1.8	0.008	-1e-05	0
7203	-1.8	0.0085	-1e-05	0	-1.8	0.0085	-1e-05	0
7209	-1.8	0.01	-1e-05	0	-1.8	0.01	-1e-05	0
7210	-1.8	0.0105	-1e-05	0	-1.8	0.0105	-1e-05	0
7213	-1.8	0.0115	-1e-05	0	-1.8	0.0115	-1e-05	0
7215	-1.8	0.0125	-1e-05	0	-1.8	0.0125	-1e-05	0
7217	-1.8	0.013	-1e-05	0	-1.8	0.013	-1e-05	0
7218	-1.8	0.0135	-2e-05	0	-1.8	0.0135	-2e-05	0
7223	-1.8	0.0145	-1e-05	0	-1.8	0.0145	-1e-05	0
7227	-1.8	0.016	-2e-05	0	-1.8	0.016	-2e-05	0
7228	-1.8	0.017	-2e-05	0	-1.8	0.017	-2e-05	0
7229	-1.8	0.018	-2e-05	0	-1.8	0.018	-2e-05	0
7230	-1.8	0.0185	-2e-05	0	-1.8	0.0185	-2e-05	0
7231	-1.8	0.019	-2e-05	0	-1.8	0.019	-2e-05	0
7233	-1.8	0.02	-2e-05	0	-1.8	0.02	-2e-05	0
7234	-1.8	0.021	-3e-05	0	-1.8	0.021	-3e-05	0
7263	-1.6	-0.0025	0	0	-1.6	-0.0025	0	0
7268	-1.6	-0.001	-1e-05	0	-1.6	-0.001	-1e-05	0
7271	-1.6	0.001	0	0	-1.6	0.001	0	0
7272	-1.6	0.002	0	0	-1.6	0.002	0	0
7274	-1.6	0.0025	0	0	-1.6	0.0025	0	0
7275	-1.6	0.003	-1e-05	0	-1.6	0.003	-1e-05	0
7277	-1.6	0.004	-1e-05	0	-1.6	0.004	-1e-05	0
7281	-1.6	0.0055	-1e-05	0	-1.6	0.0055	-1e-05	0
7283	-1.6	0.007	-1e-05	0	-1.6	0.007	-1e-05	0
7285	-1.6	0.0075	-1e-05	0	-1.6	0.0075	-1e-05	0
7287	-1.6	0.008	-1e-05	0	-1.6	0.008	-1e-05	0
7288	-1.6	0.008	0	0	-1.6	0.008	0	0
7289	-1.6	0.0085	-1e-05	0	-1.6	0.0085	-1e-05	0
7290	-1.6	0.0085	0	0	-1.6	0.0085	0	0
7291	-1.6	0.009	-1e-05	0	-1.6	0.009	-1e-05	0
7292	-1.6	0.009	0	0	-1.6	0.009	0	0
7293	-1.6	0.0095	-1e-05	0	-1.6	0.0095	-1e-05	0
7295	-1.6	0.01	-1e-05	0	-1.6	0.01	-1e-05	0
7297	-1.6	0.0115	-2e-05	0	-1.6	0.0115	-2e-05	0
7299	-1.6	0.012	-2e-05	0	-1.6	0.012	-2e-05	0
7308	-1.6	0.016	-3e-05	0	-1.6	0.016	-3e-05	0
7309	-1.6	0.016	-1e-05	0	-1.6	0.016	-1e-05	0
7312	-1.6	0.017	-3e-05	0	-1.6	0.017	-3e-05	0
7315	-1.6	0.0195	-2e-05	0	-1.6	0.0195	-2e-05	0
7317	-1.6	0.021	-3e-05	0	-1.6	0.021	-3e-05	0
7318	-1.6	0.021	-2e-05	0	-1.6	0.021	-2e-05	0
7321	-1.6	0.0225	-3e-05	0	-1.6	0.0225	-3e-05	0
7322	-1.6	0.0235	-3e-05	0	-1.6	0.0235	-3e-05	0
7325	-1.6	0.025	-5e-05	0	-1.6	0.025	-5e-05	0
7342	-1.4	-0.012	2e-05	0	-1.4	-0.012	2e-05	0
7349	-1.4	-0.0035	0	0	-1.4	-0.0035	0	0
7350	-1.4	-0.003	1e-05	0	-1.4	-0.003	1e-05	0
7353	-1.4	-0.002	0	0	-1.4	-0.002	0	0
7361	-1.4	0.001	0	0	-1.4	0.001	0	0
7362	-1.4	0.0015	0	0	-1.4	0.0015	0	0
7363	-1.4	0.002	0	0	-1.4	0.002	0	0
7364	-1.4	0.003	-1e-05	0	-1.4	0.003	-1e-05	0
7365	-1.4	0.003	0	0	-1.4	0.003	0	0
7366	-1.4	0.0035	0	0	-1.4	0.0035	0	0
7370	-1.4	0.0045	-1e-05	0	-1.4	0.0045	-1e-05	0
7371	-1.4	0.0045	0	0	-1.4	0.0045	0	0
7372	-1.4	0.005	0	0	-1.4	0.005	0	0
7373	-1.4	0.0055	-1e-05	0	-1.4	0.0055	-1e-05	0
7375	-1.4	0.0065	-1e-05	0	-1.4	0.0065	-1e-05	0
7376	-1.4	0.007	-1e-05	0	-1.4	0.007	-1e-05	0
7377	-1.4	0.007	0	0	-1.4	0.007	0	0
7378	-1.4	0.0075	-1e-05	0	-1.4	0.0075	-1e-05	0
7381	-1.4	0.0085	-2e-05	0	-1.4	0.0085	-2e-05	0
7382	-1.4	0.0085	-1e-05	0	-1.4	0.0085	-1e-05	0
7384	-1.4	0.0095	-1e-05	0	-1.4	0.0095	-1e-05	0
7385	-1.4	0.01	-1e-05	0	-1.4	0.01	-1e-05	0
7386	-1.4	0.011	-1e-05	0	-1.4	0.011	-1e-05	0
7387	-1.4	0.011	0	0	-1.4	0.011	0	0
7392	-1.4	0.0125	-1e-05	0	-1.4	0.0125	-1e-05	0
7394	-1.4	0.0135	-1e-05	0	-1.4	0.0135	-1e-05	0
7396	-1.4	0.0145	-2e-05	0	-1.4	0.0145	-2e-05	0
7427	-1.2	-0.0055	1e-05	0	-1.2	-0.0055	1e-05	0
7428	-1.2	-0.005	1e-05	0	-1.2	-0.005	1e-05	0
7431	-1.2	-0.0045	1e-05	0	-1.2	-0.0045	1e-05	0
7432	-1.2	-0.0035	0	0	-1.2	-0.0035	0	0
7433	-1.2	-0.003	1e-05	0	-1.2	-0.003	1e-05	0
7435	-1.2	-0.001	0	0	-1.2	-0.001	0	0
7436	-1.2	-0.001	1e-05	0	-1.2	-0.001	1e-05	0
7438	-1.2	-0.0005	0	0	-1.2	-0.0005	0	0
7442	-1.2	0.002	0	0	-1.2	0.002	0	0
7445	-1.2	0.003	0	0	-1.2	0.003	0	0
7446	-1.2	0.0035	-1e-05	0	-1.2	0.0035	-1e-05	0
7448	-1.2	0.0045	-1e-05	0	-1.2	0.0045	-1e-05	0
7451	-1.2	0.0055	0	0	-1.2	0.0055	0	0
7454	-1.2	0.007	-2e-05	0	-1.2	0.007	-2e-05	0
7455	-1.2	0.007	-1e-05	0	-1.2	0.007	-1e-05	0
7456	-1.2	0.0075	-1e-05	0	-1.2	0.0075	-1e-05	0
7457	-1.2	0.0075	0	0	-1.2	0.0075	0	0
7459	-1.2	0.008	-1e-05	0	-1.2	0.008	-1e-05	0
7460	-1.2	0.0085	-1e-05	0	-1.2	0.0085	-1e-05	0
7461	-1.2	0.009	-1e-05	0	-1.2	0.009	-1e-05	0
7463	-1.2	0.0095	-1e-05	0	-1.2	0.0095	-1e-05	0
7466	-1.2	0.01	-1e-05	0	-1.2	0.01	-1e-05	0
7468	-1.2	0.0105	-1e-05	0	-1.2	0.0105	-1e-05	0
7469	-1.2	0.011	-1e-05	0	-1.2	0.011	-1e-05	0
7472	-1.2	0.013	-1e-05	0	-1.2	0.013	-1e-05	0
7477	-1.2	0.015	-3e-05	0	-1.2	0.015	-3e-05	0
7479	-1.2	0.0155	-2e-05	0	-1.2	0.0155	-2e-05	0
7482	-1.2	0.0175	-3e-05	0	-1.2	0.0175	-3e-05	0
7483	-1.2	0.0175	-2e-05	0	-1.2	0.0175	-2e-05	0
7490	-1.2	0.0245	-4e-05	0	-1.2	0.0245	-4e-05	0
7502	-1	-0.0165	3e-05	0	-1	-0.0165	3e-05	0
7506	-1	-0.0115	2e-05	0	-1	-0.0115	2e-05	0
7508	-1	-0.009	1e-05	0	-1	-0.009	1e-05	0
7511	-1	-0.006	1e-05	0	-1	-0.006	1e-05	0
7512	-1	-0.0055	1e-05	0	-1	-0.0055	1e-05	0
7517	-1	-0.0035	0	0	-1	-0.0035	0	0
7521	-1	-0.0015	0	0	-1	-0.0015	0	0
7522	-1	-0.0015	1e-05	0	-1	-0.0015	1e-05	0
7526	-1	-0.0005	0	0	-1	-0.0005	0	0
7527	-1	0	0	0	-1	0	0	0
7532	-1	0.0015	0	0	-1	0.0015	0	0
7533	-1	0.002	0	0	-1	0.002	0	0
7534	-1	0.0025	0	0	-1	0.0025	0	0
7537	-1	0.0035	0	0	-1	0.0035	0	0
7539	-1	0.004	0	0	-1	0.004	0	0
7542	-1	0.0045	0	0	-1	0.0045	0	0
7544	-1	0.006	-1e-05	0	-1	0.006	-1e-05	0
7545	-1	0.0065	-1e-05	0	-1	0.0065	-1e-05	0
7547	-1	0.0075	-1e-05	0	-1	0.0075	-1e-05	0
7548	-1	0.008	-1e-05	0	-1	0.008	-1e-05	0
7549	-1	0.0085	-1e-05	0	-1	0.0085	-1e-05	0
7550	-1	0.009	-1e-05	0	-1	0.009	-1e-05	0
7552	-1	0.0095	-1e-05	0	-1	0.0095	-1e-05	0
7555	-1	0.01	-1e-05	0	-1	0.01	-1e-05	0
7556	-1	0.0105	-1e-05	0	-1	0.0105	-1e-05	0
7560	-1	0.0125	-2e-05	0	-1	0.0125	-2e-05	0
7562	-1	0.0135	-2e-05	0	-1	0.0135	-2e-05	0
7581	-1	0.0255	-4e-05	0	-1	0.0255	-4e-05	0
7586	-0.8	-0.02	3e-05	0	-0.8	-0.02	3e-05	0
7591	-0.8	-0.017	2e-05	0	-0.8	-0.017	2e-05	0
7596	-0.8	-0.013	2e-05	0	-0.8	-0.013	2e-05	0
7597	-0.8	-0.0105	2e-05	0	-0.8	-0.0105	2e-05	0
7607	-0.8	-0.004	1e-05	0	-0.8	-0.004	1e-05	0
7610	-0.8	-0.0015	0	0	-0.8	-0.0015	0	0
7611	-0.8	-0.001	0	0	-0.8	-0.001	0	0
7613	-0.8	-0.0005	0	0	-0.8	-0.0005	0	0
7614	-0.8	0	0	0	-0.8	0	0	0
7616	-0.8	0.001	0	0	-0.8	0.001	0	0
7618	-0.8	0.0015	0	0	-0.8	0.0015	0	0
7620	-0.8	0.002	0	0	-0.8	0.002	0	0
7622	-0.8	0.0025	0	0	-0.8	0.0025	0	0
7626	-0.8	0.004	-1e-05	0	-0.8	0.004	-1e-05	0
7629	-0.8	0.0055	-1e-05	0	-0.8	0.0055	-1e-05	0
7633	-0.8	0.0065	-1e-05	0	-0.8	0.0065	-1e-05	0
7635	-0.8	0.007	-1e-05	0	-0.8	0.007	-1e-05	0
7636	-0.8	0.0075	-2e-05	0	-0.8	0.0075	-2e-05	0
7637	-0.8	0.0075	-1e-05	0	-0.8	0.0075	-1e-05	0
7639	-0.8	0.008	-1e-05	0	-0.8	0.008	-1e-05	0
7648	-0.8	0.0105	-1e-05	0	-0.8	0.0105	-1e-05	0
7653	-0.8	0.0125	-3e-05	0	-0.8	0.0125	-3e-05	0
7664	-0.8	0.018	-2e-05	0	-0.8	0.018	-2e-05	0
7666	-0.8	0.0195	-2e-05	0	-0.8	0.0195	-2e-05	0
7677	-0.6	-0.0255	3e-05	0	-0.6	-0.0255	3e-05	0
7680	-0.6	-0.017	2e-05	0	-0.6	-0.017	2e-05	0
7683	-0.6	-0.0135	2e-05	0	-0.6	-0.0135	2e-05	0
7691	-0.6	-0.01	1e-05	0	-0.6	-0.01	1e-05	0
7697	-0.6	-0.0075	1e-05	0	-0.6	-0.0075	1e-05	0
7710	-0.6	-0.0015	0	0	-0.6	-0.0015	0	0
7712	-0.6	-0.001	0	0	-0.6	-0.001	0	0
7715	-0.6	0	0	0	-0.6	0	0	0
7717	-0.6	0.0005	0	0	-0.6	0.0005	0	0
7718	-0.6	0.001	0	0	-0.6	0.001	0	0
7720	-0.6	0.0015	0	0	-0.6	0.0015	0	0
7721	-0.6	0.002	0	0	-0.6	0.002	0	0
7722	-0.6	0.0025	0	0	-0.6	0.0025	0	0
7723	-0.6	0.003	-1e-05	0	-0.6	0.003	-1e-05	0
7724	-0.6	0.003	0	0	-0.6	0.003	0	0
7725	-0.6	0.0035	0	0	-0.6	0.0035	0	0
7728	-0.6	0.004	0	0	-0.6	0.004	0	0
7730	-0.6	0.0045	0	0	-0.6	0.0045	0	0
7735	-0.6	0.006	0	0	-0.6	0.006	0	0
7738	-0.6	0.007	-1e-05	0	-0.6	0.007	-1e-05	0
7744	-0.6	0.009	-1e-05	0	-0.6	0.009	-1e-05	0
7745	-0.6	0.0095	-2e-05	0	-0.6	0.0095	-2e-05	0
7748	-0.6	0.0105	-2e-05	0	-0.6	0.0105	-2e-05	0
7751	-0.6	0.0125	-2e-05	0	-0.6	0.0125	-2e-05	0
7781	-0.4	-0.0115	1e-05	0	-0.4	-0.0115	1e-05	0
7784	-0.4	-0.0085	1e-05	0	-0.4	-0.0085	1e-05	0
7786	-0.4	-0.008	2e-05	0	-0.4	-0.008	2e-05	0
7790	-0.4	-0.007	1e-05	0	-0.4	-0.007	1e-05	0
7793	-0.4	-0.0055	1e-05	0	-0.4	-0.0055	1e-05	0
7801	-0.4	-0.0015	0	0	-0.4	-0.0015	0	0
7802	-0.4	-0.0015	1e-05	0	-0.4	-0.0015	1e-05	0
7804	-0.4	-0.001	0	0	-0.4	-0.001	0	0
7807	-0.4	-0.0005	0	0	-0.4	-0.0005	0	0
7808	-0.4	0	0	0	-0.4	0	0	0
7810	-0.4	0.0005	0	0	-0.4	0.0005	0	0
7812	-0.4	0.001	0	0	-0.4	0.001	0	0
7815	-0.4	0.002	-1e-05	0	-0.4	0.002	-1e-05	0
7816	-0.4	0.002	0	0	-0.4	0.002	0	0
7819	-0.4	0.0025	0	0	-0.4	0.0025	0	0
7822	-0.4	0.004	0	0	-0.4	0.004	0	0
7826	-0.4	0.0055	-1e-05	0	-0.4	0.0055	-1e-05	0
7827	-0.4	0.006	-2e-05	0	-0.4	0.006	-2e-05	0
7830	-0.4	0.0065	-1e-05	0	-0.4	0.0065	-1e-05	0
7832	-0.4	0.0075	-1e-05	0	-0.4	0.0075	-1e-05	0
7837	-0.4	0.009	-1e-05	0	-0.4	0.009	-1e-05	0
7838	-0.4	0.0095	-1e-05	0	-0.4	0.0095	-1e-05	0
7841	-0.4	0.011	-2e-05	0	-0.4	0.011	-2e-05	0
7856	-0.4	0.02	-3e-05	0	-0.4	0.02	-3e-05	0
7868	-0.2	-0.0155	2e-05	0	-0.2	-0.0155	2e-05	0
7872	-0.2	-0.012	1e-05	0	-0.2	-0.012	1e-05	0
7873	-0.2	-0.012	2e-05	0	-0.2	-0.012	2e-05	0
7880	-0.2	-0.0085	1e-05	0	-0.2	-0.0085	1e-05	0
7882	-0.2	-0.0075	1e-05	0	-0.2	-0.0075	1e-05	0
7884	-0.2	-0.007	0	0	-0.2	-0.007	0	0
7888	-0.2	-0.006	1e-05	0	-0.2	-0.006	1e-05	0
7890	-0.2	-0.0055	1e-05	0	-0.2	-0.0055	1e-05	0
7899	-0.2	-0.003	0	0	-0.2	-0.003	0	0
7904	-0.2	-0.0015	0	0	-0.2	-0.0015	0	0
7907	-0.2	-0.0005	0	0	-0.2	-0.0005	0	0
7908	-0.2	0	0	0	-0.2	0	0	0
7912	-0.2	0.0015	0	0	-0.2	0.0015	0	0
7914	-0.2	0.0025	0	0	-0.2	0.0025	0	0
7918	-0.2	0.0045	-1e-05	0	-0.2	0.0045	-1e-05	0
7923	-0.2	0.007	-1e-05	0	-0.2	0.007	-1e-05	0
7924	-0.2	0.0075	-1e-05	0	-0.2	0.0075	-1e-05	0
7930	-0.2	0.0095	-1e-05	0	-0.2	0.0095	-1e-05	0
7934	-0.2	0.011	-2e-05	0	-0.2	0.011	-2e-05	0
7941	-0.2	0.0135	-2e-05	0	-0.2	0.0135	-2e-05	0
7946	-0.2	0.0165	-2e-05	0	-0.2	0.0165	-2e-05	0
7978	0	-0.01	2e-05	0	0	-0.01	2e-05	0
7979	0	-0.009	1e-05	0	0	-0.009	1e-05	0
7981	0	-0.008	1e-05	0	0	-0.008	1e-05	0
7987	0	-0.005	1e-05	0	0	-0.005	1e-05	0
7991	0	-0.0035	1e-05	0	0	-0.0035	1e-05	0
7992	0	-0.003	0	0	0	-0.003	0	0
7993	0	-0.0025	0	0	0	-0.0025	0	0
7997	0	-0.0015	0	0	0	-0.0015	0	0
7999	0	-0.001	0	0	0	-0.001	0	0
8000	0	-0.0005	0	0	0	-0.0005	0	0
8001	0	0	0	0	0	0	0	0
8004	0	0.0005	-1e-05	0	0	0.0005	-1e-05	0
8005	0	0.001	0	0	0	0.001	0	0
8008	0	0.002	-1e-05	0	0	0.002	-1e-05	0
8010	0	0.003	-1e-05	0	0	0.003	-1e-05	0
8011	0	0.0035	-1e-05	0	0	0.0035	-1e-05	0
8013	0	0.004	0	0	0	0.004	0	0
8017	0	0.006	-1e-05	0	0	0.006	-1e-05	0
8020	0	0.007	-1e-05	0	0	0.007	-1e-05	0
8023	0	0.008	-1e-05	0	0	0.008	-1e-05	0
8028	0	0.0105	-2e-05	0	0	0.0105	-2e-05	0
8031	0	0.0125	-2e-05	0	0	0.0125	-2e-05	0
8033	0	0.013	-2e-05	0	0	0.013	-2e-05	0
8035	0	0.0185	-3e-05	0	0	0.0185	-3e-05	0
8043	0	0.0245	-2e-05	0	0	0.0245	-2e-05	0
8050	0.2	-0.018	2e-05	0	0.2	-0.018	2e-05	0
8053	0.2	-0.0135	1e-05	0	0.2	-0.0135	1e-05	0
8055	0.2	-0.0115	1e-05	0	0.2	-0.0115	1e-05	0
8060	0.2	-0.007	1e-05	0	0.2	-0.007	1e-05	0
8065	0.2	-0.005	1e-05	0	0.2	-0.005	1e-05	0
8069	0.2	-0.003	0	0	0.2	-0.003	0	0
8071	0.2	-0.0025	0	0	0.2	-0.0025	0	0
8074	0.2	-0.0015	-1e-05	0	0.2	-0.0015	-1e-05	0
8075	0.2	-0.001	0	0	0.2	-0.001	0	0
8076	0.2	-0.0005	0	0	0.2	-0.0005	0	0
8077	0.2	0	0	0	0.2	0	0	0
8081	0.2	0.001	0	0	0.2	0.001	0	0
8083	0.2	0.002	-1e-05	0	0.2	0.002	-1e-05	0
8085	0.2	0.0035	-2e-05	0	0.2	0.0035	-2e-05	0
8087	0.2	0.0035	0	0	0.2	0.0035	0	0
8088	0.2	0.0045	-1e-05	0	0.2	0.0045	-1e-05	0
8090	0.2	0.0055	-1e-05	0	0.2	0.0055	-1e-05	0
8131	0.4	-0.0085	1e-05	0	0.4	-0.0085	1e-05	0
8132	0.4	-0.008	1e-05	0	0.4	-0.008	1e-05	0
8136	0.4	-0.006	0	0	0.4	-0.006	0	0
8137	0.4	-0.006	1e-05	0	0.4	-0.006	1e-05	0
8138	0.4	-0.0045	1e-05	0	0.4	-0.0045	1e-05	0
8139	0.4	-0.004	0	0	0.4	-0.004	0	0
8141	0.4	-0.0035	0	0	0.4	-0.0035	0	0
8144	0.4	-0.002	0	0	0.4	-0.002	0	0
8145	0.4	-0.0015	0	0	0.4	-0.0015	0	0
8147	0.4	-0.001	0	0	0.4	-0.001	0	0
8148	0.4	-0.0005	0	0	0.4	-0.0005	0	0
8152	0.4	0.001	0	0	0.4	0.001	0	0
8158	0.4	0.004	-1e-05	0	0.4	0.004	-1e-05	0
8160	0.4	0.0045	-1e-05	0	0.4	0.0045	-1e-05	0
8163	0.4	0.006	-1e-05	0	0.4	0.006	-1e-05	0
8168	0.4	0.008	-1e-05	0	0.4	0.008	-1e-05	0
8171	0.4	0.0095	-2e-05	0	0.4	0.0095	-2e-05	0
8190	0.6	-0.02	3e-05	0	0.6	-0.02	3e-05	0
8192	0.6	-0.018	1e-05	0	0.6	-0.018	1e-05	0
8193	0.6	-0.018	2e-05	0	0.6	-0.018	2e-05	0
8194	0.6	-0.0175	2e-05	0	0.6	-0.0175	2e-05	0
8195	0.6	-0.0165	2e-05	0	0.6	-0.0165	2e-05	0
8203	0.6	-0.0105	1e-05	0	0.6	-0.0105	1e-05	0
8205	0.6	-0.01	1e-05	0	0.6	-0.01	1e-05	0
8208	0.6	-0.009	1e-05	0	0.6	-0.009	1e-05	0
8212	0.6	-0.007	1e-05	0	0.6	-0.007	1e-05	0
8213	0.6	-0.006	0	0	0.6	-0.006	0	0
8215	0.6	-0.0055	0	0	0.6	-0.0055	0	0
8219	0.6	-0.003	0	0	0.6	-0.003	0	0
8222	0.6	-0.002	0	0	0.6	-0.002	0	0
8225	0.6	-0.001	0	0	0.6	-0.001	0	0
8227	0.6	-0.0005	0	0	0.6	-0.0005	0	0
8228	0.6	0	0	0	0.6	0	0	0
8235	0.6	0.0035	-1e-05	0	0.6	0.0035	-1e-05	0
8237	0.6	0.004	0	0	0.6	0.004	0	0
8239	0.6	0.0045	0	0	0.6	0.0045	0	0
8246	0.6	0.007	-1e-05	0	0.6	0.007	-1e-05	0
8281	0.8	-0.017	2e-05	0	0.8	-0.017	2e-05	0
8283	0.8	-0.016	1e-05	0	0.8	-0.016	1e-05	0
8287	0.8	-0.014	2e-05	0	0.8	-0.014	2e-05	0
8289	0.8	-0.012	2e-05	0	0.8	-0.012	2e-05	0
8292	0.8	-0.011	2e-05	0	0.8	-0.011	2e-05	0
8297	0.8	-0.0095	1e-05	0	0.8	-0.0095	1e-05	0
8299	0.8	-0.009	1e-05	0	0.8	-0.009	1e-05	0
8301	0.8	-0.008	1e-05	0	0.8	-0.008	1e-05	0
8307	0.8	-0.0045	1e-05	0	0.8	-0.0045	1e-05	0
8308	0.8	-0.0045	2e-05	0	0.8	-0.0045	2e-05	0
8310	0.8	-0.0035	0	0	0.8	-0.0035	0	0
8311	0.8	-0.0035	1e-05	0	0.8	-0.0035	1e-05	0
8313	0.8	-0.002	0	0	0.8	-0.002	0	0
8316	0.8	-0.0015	0	0	0.8	-0.0015	0	0
8318	0.8	-0.0005	-1e-05	0	0.8	-0.0005	-1e-05	0
8319	0.8	-0.0005	0	0	0.8	-0.0005	0	0
8320	0.8	0	0	0	0.8	0	0	0
8327	0.8	0.003	-1e-05	0	0.8	0.003	-1e-05	0
8329	0.8	0.0035	-1e-05	0	0.8	0.0035	-1e-05	0
8332	0.8	0.0055	-1e-05	0	0.8	0.0055	-1e-05	0
8337	0.8	0.0085	-2e-05	0	0.8	0.0085	-2e-05	0
8360	1	-0.016	2e-05	0	1	-0.016	2e-05	0
8363	1	-0.015	2e-05	0	1	-0.015	2e-05	0
8366	1	-0.0135	2e-05	0	1	-0.0135	2e-05	0
8369	1	-0.012	1e-05	0	1	-0.012	1e-05	0
8373	1	-0.0105	1e-05	0	1	-0.0105	1e-05	0
8374	1	-0.01	1e-05	0	1	-0.01	1e-05	0
8376	1	-0.0095	0	0	1	-0.0095	0	0
8377	1	-0.0095	1e-05	0	1	-0.0095	1e-05	0
8383	1	-0.008	0	0	1	-0.008	0	0
8384	1	-0.008	1e-05	0	1	-0.008	1e-05	0
8385	1	-0.007	1e-05	0	1	-0.007	1e-05	0
8388	1	-0.0055	0	0	1	-0.0055	0	0
8390	1	-0.0045	0	0	1	-0.0045	0	0
8393	1	-0.0035	1e-05	0	1	-0.0035	1e-05	0
8398	1	-0.0015	0	0	1	-0.0015	0	0
8400	1	-0.001	0	0	1	-0.001	0	0
8403	1	0	0	0	1	0	0	0
8404	1	0.0005	-1e-05	0	1	0.0005	-1e-05	0
8420	1	0.01	-1e-05	0	1	0.01	-1e-05	0
8425	1	0.015	-2e-05	0	1	0.015	-2e-05	0
8455	1.2	-0.0155	2e-05	0	1.2	-0.0155	2e-05	0
8458	1.2	-0.014	1e-05	0	1.2	-0.014	1e-05	0
8468	1.2	-0.011	1e-05	0	1.2	-0.011	1e-05	0
8469	1.2	-0.0105	1e-05	0	1.2	-0.0105	1e-05	0
8470	1.2	-0.01	1e-05	0	1.2	-0.01	1e-05	0
8471	1.2	-0.009	0	0	1.2	-0.009	0	0
8481	1.2	-0.0055	1e-05	0	1.2	-0.0055	1e-05	0
8482	1.2	-0.0045	0	0	1.2	-0.0045	0	0
8491	1.2	-0.0005	0	0	1.2	-0.0005	0	0
8517	1.4	-0.0205	2e-05	0	1.4	-0.0205	2e-05	0
8518	1.4	-0.0205	3e-05	0	1.4	-0.0205	3e-05	0
8524	1.4	-0.018	2e-05	0	1.4	-0.018	2e-05	0
8528	1.4	-0.0165	2e-05	0	1.4	-0.0165	2e-05	0
8536	1.4	-0.0135	1e-05	0	1.4	-0.0135	1e-05	0
8539	1.4	-0.0125	1e-05	0	1.4	-0.0125	1e-05	0
8541	1.4	-0.012	1e-05	0	1.4	-0.012	1e-05	0
8545	1.4	-0.01	1e-05	0	1.4	-0.01	1e-05	0
8547	1.4	-0.0095	1e-05	0	1.4	-0.0095	1e-05	0
8549	1.4	-0.009	1e-05	0	1.4	-0.009	1e-05	0
8550	1.4	-0.0085	0	0	1.4	-0.0085	0	0
8551	1.4	-0.0085	1e-05	0	1.4	-0.0085	1e-05	0
8552	1.4	-0.0085	2e-05	0	1.4	-0.0085	2e-05	0
8554	1.4	-0.008	2e-05	0	1.4	-0.008	2e-05	0
8555	1.4	-0.0075	1e-05	0	1.4	-0.0075	1e-05	0
8565	1.4	-0.0035	-1e-05	0	1.4	-0.0035	-1e-05	0
8566	1.4	-0.003	0	0	1.4	-0.003	0	0
8567	1.4	-0.003	1e-05	0	1.4	-0.003	1e-05	0
8568	1.4	-0.0025	0	0	1.4	-0.0025	0	0
8580	1.4	0.0045	-1e-05	0	1.4	0.0045	-1e-05	0
8595	1.6	-0.0255	3e-05	0	1.6	-0.0255	3e-05	0
8596	1.6	-0.024	3e-05	0	1.6	-0.024	3e-05	0
8606	1.6	-0.018	2e-05	0	1.6	-0.018	2e-05	0
8614	1.6	-0.0135	1e-05	0	1.6	-0.0135	1e-05	0
8615	1.6	-0.0135	2e-05	0	1.6	-0.0135	2e-05	0
8617	1.6	-0.013	1e-05	0	1.6	-0.013	1e-05	0
8620	1.6	-0.0125	2e-05	0	1.6	-0.0125	2e-05	0
8621	1.6	-0.0115	0	0	1.6	-0.0115	0	0
8622	1.6	-0.0115	1e-05	0	1.6	-0.0115	1e-05	0
8623	1.6	-0.011	1e-05	0	1.6	-0.011	1e-05	0
8626	1.6	-0.01	1e-05	0	1.6	-0.01	1e-05	0
8628	1.6	-0.0095	1e-05	0	1.6	-0.0095	1e-05	0
8636	1.6	-0.005	0	0	1.6	-0.005	0	0
8637	1.6	-0.0045	0	0	1.6	-0.0045	0	0
8639	1.6	-0.004	0	0	1.6	-0.004	0	0
8645	1.6	-0.002	0	0	1.6	-0.002	0	0
8648	1.6	-0.0005	0	0	1.6	-0.0005	0	0
8649	1.6	0	-1e-05	0	1.6	0	-1e-05	0
8650	1.6	0	0	0	1.6	0	0	0
8662	1.6	0.0065	-2e-05	0	1.6	0.0065	-2e-05	0
8695	1.8	-0.0165	2e-05	0	1.8	-0.0165	2e-05	0
8696	1.8	-0.015	1e-05	0	1.8	-0.015	1e-05	0
8697	1.8	-0.0145	1e-05	0	1.8	-0.0145	1e-05	0
8699	1.8	-0.014	2e-05	0	1.8	-0.014	2e-05	0
8703	1.8	-0.013	1e-05	0	1.8	-0.013	1e-05	0
8704	1.8	-0.0125	1e-05	0	1.8	-0.0125	1e-05	0
8712	1.8	-0.01	1e-05	0	1.8	-0.01	1e-05	0
8715	1.8	-0.0085	1e-05	0	1.8	-0.0085	1e-05	0
8717	1.8	-0.0075	0	0	1.8	-0.0075	0	0
8719	1.8	-0.007	1e-05	0	1.8	-0.007	1e-05	0
8722	1.8	-0.0055	0	0	1.8	-0.0055	0	0
8729	1.8	-0.0025	0	0	1.8	-0.0025	0	0
8730	1.8	-0.002	0	0	1.8	-0.002	0	0
8732	1.8	-0.001	0	0	1.8	-0.001	0	0
8733	1.8	-0.0005	0	0	1.8	-0.0005	0	0
8756	2	-0.0275	3e-05	0	2	-0.0275	3e-05	0
8762	2	-0.025	3e-05	0	2	-0.025	3e-05	0
8763	2	-0.023	3e-05	0	2	-0.023	3e-05	0
8770	2	-0.019	2e-05	0	2	-0.019	2e-05	0
8772	2	-0.018	1e-05	0	2	-0.018	1e-05	0
8781	2	-0.0145	2e-05	0	2	-0.0145	2e-05	0
8783	2	-0.014	1e-05	0	2	-0.014	1e-05	0
8800	2	-0.0065	0	0	2	-0.0065	0	0
8802	2	-0.0055	-1e-05	0	2	-0.0055	-1e-05	0
8804	2	-0.005	-1e-05	0	2	-0.005	-1e-05	0
8816	2	0.0005	-1e-05	0	2	0.0005	-1e-05	0
8832	2.2	-0.0275	4e-05	0	2.2	-0.0275	4e-05	0
8836	2.2	-0.024	3e-05	0	2.2	-0.024	3e-05	0
8840	2.2	-0.0205	2e-05	0	2.2	-0.0205	2e-05	0
8857	2.2	-0.0145	1e-05	0	2.2	-0.0145	1e-05	0
8858	2.2	-0.0145	2e-05	0	2.2	-0.0145	2e-05	0
8859	2.2	-0.0135	1e-05	0	2.2	-0.0135	1e-05	0
8862	2.2	-0.0125	1e-05	0	2.2	-0.0125	1e-05	0
8869	2.2	-0.0095	1e-05	0	2.2	-0.0095	1e-05	0
8871	2.2	-0.009	0	0	2.2	-0.009	0	0
8872	2.2	-0.009	1e-05	0	2.2	-0.009	1e-05	0
8877	2.2	-0.0065	1e-05	0	2.2	-0.0065	1e-05	0
8882	2.2	-0.005	1e-05	0	2.2	-0.005	1e-05	0
8883	2.2	-0.004	0	0	2.2	-0.004	0	0
8884	2.2	-0.0035	0	0	2.2	-0.0035	0	0
8886	2.2	-0.002	0	0	2.2	-0.002	0	0
8895	2.2	0.009	-2e-05	0	2.2	0.009	-2e-05	0
8903	2.4	-0.029	3e-05	0	2.4	-0.029	3e-05	0
8916	2.4	-0.022	1e-05	0	2.4	-0.022	1e-05	0
8926	2.4	-0.0195	2e-05	0	2.4	-0.0195	2e-05	0
8927	2.4	-0.019	2e-05	0	2.4	-0.019	2e-05	0
8930	2.4	-0.0165	2e-05	0	2.4	-0.0165	2e-05	0
8934	2.4	-0.015	0	0	2.4	-0.015	0	0
8940	2.4	-0.0085	0	0	2.4	-0.0085	0	0
8941	2.4	-0.0085	1e-05	0	2.4	-0.0085	1e-05	0
8951	2.4	-0.0055	0	0	2.4	-0.0055	0	0
8956	2.4	-0.004	1e-05	0	2.4	-0.004	1e-05	0
8959	2.4	-0.0025	0	0	2.4	-0.0025	0	0
8976	2.6	-0.0335	4e-05	0	2.6	-0.0335	4e-05	0
8977	2.6	-0.0325	5e-05	0	2.6	-0.0325	5e-05	0
8993	2.6	-0.0185	2e-05	0	2.6	-0.0185	2e-05	0
8995	2.6	-0.018	2e-05	0	2.6	-0.018	2e-05	0
8999	2.6	-0.0165	1e-05	0	2.6	-0.0165	1e-05	0
9019	2.6	-0.0055	0	0	2.6	-0.0055	0	0
9045	2.8	-0.025	3e-05	0	2.8	-0.025	3e-05	0
9047	2.8	-0.024	1e-05	0	2.8	-0.024	1e-05	0
9048	2.8	-0.024	2e-05	0	2.8	-0.024	2e-05	0
9057	2.8	-0.018	2e-05	0	2.8	-0.018	2e-05	0
9058	2.8	-0.0175	1e-05	0	2.8	-0.0175	1e-05	0
9065	2.8	-0.0145	1e-05	0	2.8	-0.0145	1e-05	0
9068	2.8	-0.0125	1e-05	0	2.8	-0.0125	1e-05	0
9071	2.8	-0.011	1e-05	0	2.8	-0.011	1e-05	0
9073	2.8	-0.01	0	0	2.8	-0.01	0	0
9077	2.8	-0.006	0	0	2.8	-0.006	0	0
9085	2.8	-0.003	0	0	2.8	-0.003	0	0
9091	2.8	0	0	0	2.8	0	0	0
9107	3	-0.0305	4e-05	0	3	-0.0305	4e-05	0
9115	3	-0.0225	2e-05	0	3	-0.0225	2e-05	0
9118	3	-0.0205	2e-05	0	3	-0.0205	2e-05	0
9124	3	-0.0185	2e-05	0	3	-0.0185	2e-05	0
9126	3	-0.017	2e-05	0	3	-0.017	2e-05	0
9128	3	-0.0165	2e-05	0	3	-0.0165	2e-05	0
9129	3	-0.015	1e-05	0	3	-0.015	1e-05	0
9130	3	-0.0145	1e-05	0	3	-0.0145	1e-05	0
9131	3	-0.014	1e-05	0	3	-0.014	1e-05	0
9140	3	-0.0095	0	0	3	-0.0095	0	0
9142	3	-0.008	0	0	3	-0.008	0	0
9149	3	-0.0045	-1e-05	0	3	-0.0045	-1e-05	0
9169	3.2	-0.0315	3e-05	0	3.2	-0.0315	3e-05	0
9178	3.2	-0.028	4e-05	0	3.2	-0.028	4e-05	0
9183	3.2	-0.024	2e-05	0	3.2	-0.024	2e-05	0
9189	3.2	-0.022	2e-05	0	3.2	-0.022	2e-05	0
9199	3.2	-0.015	1e-05	0	3.2	-0.015	1e-05	0
9201	3.2	-0.0145	1e-05	0	3.2	-0.0145	1e-05	0
9203	3.2	-0.0135	1e-05	0	3.2	-0.0135	1e-05	0
9205	3.2	-0.0115	1e-05	0	3.2	-0.0115	1e-05	0
9209	3.2	-0.0095	0	0	3.2	-0.0095	0	0
9217	3.2	0.0025	-1e-05	0	3.2	0.0025	-1e-05	0
9229	3.4	-0.0315	3e-05	0	3.4	-0.0315	3e-05	0
9248	3.4	-0.0245	3e-05	0	3.4	-0.0245	3e-05	0
9251	3.4	-0.0215	2e-05	0	3.4	-0.0215	2e-05	0
9252	3.4	-0.021	2e-05	0	3.4	-0.021	2e-05	0
9259	3.4	-0.0175	2e-05	0	3.4	-0.0175	2e-05	0
9266	3.4	-0.0155	1e-05	0	3.4	-0.0155	1e-05	0
9274	3.4	-0.012	1e-05	0	3.4	-0.012	1e-05	0
9276	3.4	-0.011	0	0	3.4	-0.011	0	0
9278	3.4	-0.0105	1e-05	0	3.4	-0.0105	1e-05	0
9309	3.6	-0.03	4e-05	0	3.6	-0.03	4e-05	0
9314	3.6	-0.0275	2e-05	0	3.6	-0.0275	2e-05	0
9326	3.6	-0.0225	2e-05	0	3.6	-0.0225	2e-05	0
9331	3.6	-0.0195	2e-05	0	3.6	-0.0195	2e-05	0
9337	3.6	-0.017	1e-05	0	3.6	-0.017	1e-05	0
9352	3.6	-0.0105	1e-05	0	3.6	-0.0105	1e-05	0
9386	3.8	-0.025	2e-05	0	3.8	-0.025	2e-05	0
9387	3.8	-0.025	3e-05	0	3.8	-0.025	3e-05	0
9394	3.8	-0.0205	2e-05	0	3.8	-0.0205	2e-05	0
9410	3.8	-0.0125	1e-05	0	3.8	-0.0125	1e-05	0
9414	3.8	-0.008	1e-05	0	3.8	-0.008	1e-05	0
9435	4	-0.036	4e-05	0	4	-0.036	4e-05	0
9452	4	-0.025	2e-05	0	4	-0.025	2e-05	0
9453	4	-0.0245	2e-05	0	4	-0.0245	2e-05	0
9457	4	-0.0235	3e-05	0	4	-0.0235	3e-05	0
9466	4	-0.0185	1e-05	0	4	-0.0185	1e-05	0
9467	4	-0.0185	2e-05	0	4	-0.0185	2e-05	0
9470	4	-0.016	1e-05	0	4	-0.016	1e-05	0
9472	4	-0.0155	2e-05	0	4	-0.0155	2e-05	0
9473	4	-0.015	0	0	4	-0.015	0	0
9477	4	-0.013	1e-05	0	4	-0.013	1e-05	0
9507	4.2	-0.0365	4e-05	0	4.2	-0.0365	4e-05	0
9510	4.2	-0.0355	5e-05	0	4.2	-0.0355	5e-05	0
9514	4.2	-0.0285	3e-05	0	4.2	-0.0285	3e-05	0
9515	4.2	-0.028	3e-05	0	4.2	-0.028	3e-05	0
9520	4.2	-0.024	2e-05	0	4.2	-0.024	2e-05	0
9525	4.2	-0.0215	1e-05	0	4.2	-0.0215	1e-05	0
9546	4.2	-0.0085	0	0	4.2	-0.0085	0	0
9583	4.4	-0.022	2e-05	0	4.4	-0.022	2e-05	0
9584	4.4	-0.0195	2e-05	0	4.4	-0.0195	2e-05	0
9589	4.4	-0.0165	1e-05	0	4.4	-0.0165	1e-05	0
9615	4.6	-0.0355	3e-05	0	4.6	-0.0355	3e-05	0
9618	4.6	-0.034	3e-05	0	4.6	-0.034	3e-05	0
9625	4.6	-0.0285	2e-05	0	4.6	-0.0285	2e-05	0
9627	4.6	-0.027	3e-05	0	4.6	-0.027	3e-05	0
9636	4.6	-0.02	2e-05	0	4.6	-0.02	2e-05	0
9637	4.6	-0.018	2e-05	0	4.6	-0.018	2e-05	0
9641	4.6	-0.0155	1e-05	0	4.6	-0.0155	1e-05	0
9651	4.6	-0.01	0	0	4.6	-0.01	0	0
9668	4.8	-0.0395	4e-05	0	4.8	-0.0395	4e-05	0
9669	4.8	-0.037	4e-05	0	4.8	-0.037	4e-05	0
9675	4.8	-0.0345	5e-05	0	4.8	-0.0345	5e-05	0
9690	4.8	-0.0255	3e-05	0	4.8	-0.0255	3e-05	0
9691	4.8	-0.025	2e-05	0	4.8	-0.025	2e-05	0
9692	4.8	-0.0235	2e-05	0	4.8	-0.0235	2e-05	0
9694	4.8	-0.023	2e-05	0	4.8	-0.023	2e-05	0
9733	5	-0.0305	3e-05	0	5	-0.0305	3e-05	0
9742	5	-0.0255	2e-05	0	5	-0.0255	2e-05	0
9749	5	-0.022	2e-05	0	5	-0.022	2e-05	0
9751	5	-0.0205	1e-05	0	5	-0.0205	1e-05	0
9753	5	-0.0195	2e-05	0	5	-0.0195	2e-05	0
9777	5.2	-0.04	4e-05	0	5.2	-0.04	4e-05	0
9792	5.2	-0.028	3e-05	0	5.2	-0.028	3e-05	0
9795	5.2	-0.027	3e-05	0	5.2	-0.027	3e-05	0
9796	5.2	-0.0265	2e-05	0	5.2	-0.0265	2e-05	0
9797	5.2	-0.0255	3e-05	0	5.2	-0.0255	3e-05	0
9798	5.2	-0.0235	2e-05	0	5.2	-0.0235	2e-05	0
9810	5.2	-0.0135	0	0	5.2	-0.0135	0	0
9853	5.4	-0.0195	1e-05	0	5.4	-0.0195	1e-05	0
9867	5.6	-0.0515	6e-05	0	5.6	-0.0515	6e-05	0
9875	5.6	-0.0365	4e-05	0	5.6	-0.0365	4e-05	0
9886	5.6	-0.028	3e-05	0	5.6	-0.028	3e-05	0
9891	5.6	-0.0245	2e-05	0	5.6	-0.0245	2e-05	0
9895	5.6	-0.0225	2e-05	0	5.6	-0.0225	2e-05	0
9901	5.6	-0.0175	1e-05	0	5.6	-0.0175	1e-05	0
9902	5.6	-0.0165	1e-05	0	5.6	-0.0165	1e-05	0
9905	5.6	-0.0135	0	0	5.6	-0.0135	0	0
9915	5.8	-0.0505	5e-05	0	5.8	-0.0505	5e-05	0
9930	5.8	-0.037	3e-05	0	5.8	-0.037	3e-05	0
9931	5.8	-0.0365	4e-05	0	5.8	-0.0365	4e-05	0
9946	5.8	-0.0245	2e-05	0	5.8	-0.0245	2e-05	0
9952	5.8	-0.0215	2e-05	0	5.8	-0.0215	2e-05	0
9966	6	-0.051	5e-05	0	6	-0.051	5e-05	0
9981	6	-0.036	3e-05	0	6	-0.036	3e-05	0
9983	6	-0.034	3e-05	0	6	-0.034	3e-05	0
9986	6	-0.0325	3e-05	0	6	-0.0325	3e-05	0
10019	6.2	-0.0365	3e-05	0	6.2	-0.0365	3e-05	0
10052	6.4	-0.04	4e-05	0	6.4	-0.04	4e-05	0
10100	6.6	-0.0315	2e-05	0	6.6	-0.0315	2e-05	0
10103	6.6	-0.028	2e-05	0	6.6	-0.028	2e-05	0
10104	6.6	-0.0275	2e-05	0	6.6	-0.0275	2e-05	0
10126	6.8	-0.045	5e-05	0	6.8	-0.045	5e-05	0
10158	7	-0.044	5e-05	0	7	-0.044	5e-05	0
10159	7	-0.043	5e-05	0	7	-0.043	5e-05	0
10161	7	-0.042	5e-05	0	7	-0.042	5e-05	0
10162	7	-0.0395	3e-05	0	7	-0.0395	3e-05	0
10164	7	-0.036	3e-05	0	7	-0.036	3e-05	0
10186	7.2	-0.053	5e-05	0	7.2	-0.053	5e-05	0
10195	7.2	-0.0385	3e-05	0	7.2	-0.0385	3e-05	0
10229	7.4	-0.039	3e-05	0	7.4	-0.039	3e-05	0
10241	7.4	-0.0265	2e-05	0	7.4	-0.0265	2e-05	0
10245	7.4	-0.019	0	0	7.4	-0.019	0	0
10259	7.6	-0.043	4e-05	0	7.6	-0.043	4e-05	0
10287	7.8	-0.0385	4e-05	0	7.8	-0.0385	4e-05	0
10307	8	-0.038	3e-05	0	8	-0.038	3e-05	0
10331	8.2	-0.041	3e-05	0	8.2	-0.041	3e-05	0
10361	8.4	-0.0285	1e-05	0	8.4	-0.0285	1e-05	0
10422	9	-0.0445	3e-05	0	9	-0.0445	3e-05	0
10433	9	-0.0335	3e-05	0	9	-0.0335	3e-05	0
10463	9.4	-0.0425	4e-05	0	9.4	-0.0425	4e-05	0
10477	9.6	-0.057	5e-05	0	9.6	-0.057	5e-05	0
10573	10.8	-0.049	4e-05	0	10.8	-0.049	4e-05	0
10654	12.6	-0.062	5e-05	0	12.6	-0.062	5e-05	0
