1	-11.25	0.041	-3e-05	0	-11.25	0.041	-3e-05	0
2	-11.25	0.072	-8e-05	0	-11.25	0.072	-8e-05	0
3	-11	0.0745	-8e-05	0	-11	0.0745	-8e-05	0
4	-10.25	0.0565	-5e-05	0	-10.25	0.0565	-5e-05	0
5	-9.75	0.0495	-5e-05	0	-9.75	0.0495	-5e-05	0
6	-9.5	0.049	-5e-05	0	-9.5	0.049	-5e-05	0
7	-9.5	0.0515	-5e-05	0	-9.5	0.0515	-5e-05	0
8	-9.5	0.058	-6e-05	0	-9.5	0.058	-6e-05	0
9	-9.25	0.0435	-5e-05	0	-9.25	0.0435	-5e-05	0
10	-8.75	0.0415	-4e-05	0	-8.75	0.0415	-4e-05	0
11	-8.75	0.0475	-4e-05	0	-8.75	0.0475	-4e-05	0
12	-8.75	0.0555	-5e-05	0	-8.75	0.0555	-5e-05	0
13	-8.5	0.0465	-4e-05	0	-8.5	0.0465	-4e-05	0
14	-8.5	0.05	-6e-05	0	-8.5	0.05	-6e-05	0
15	-8.25	0.049	-5e-05	0	-8.25	0.049	-5e-05	0
16	-8.25	0.051	-6e-05	0	-8.25	0.051	-6e-05	0
17	-8.25	0.057	-5e-05	0	-8.25	0.057	-5e-05	0
18	-8	0.024	-2e-05	0	-8	0.024	-2e-05	0
19	-8	0.0365	-4e-05	0	-8	0.0365	-4e-05	0
20	-8	0.039	-3e-05	0	-8	0.039	-3e-05	0
21	-8	0.053	-5e-05	0	-8	0.053	-5e-05	0
22	-8	0.0635	-7e-05	0	-8	0.0635	-7e-05	0
23	-7.75	0.029	-2e-05	0	-7.75	0.029	-2e-05	0
24	-7.75	0.0395	-3e-05	0	-7.75	0.0395	-3e-05	0
25	-7.75	0.041	-4e-05	0	-7.75	0.041	-4e-05	0
26	-7.75	0.052	-5e-05	0	-7.75	0.052	-5e-05	0
27	-7.75	0.053	-5e-05	0	-7.75	0.053	-5e-05	0
28	-7.75	0.057	-5e-05	0	-7.75	0.057	-5e-05	0
29	-7.5	0.0405	-4e-05	0	-7.5	0.0405	-4e-05	0
30	-7.5	0.043	-4e-05	0	-7.5	0.043	-4e-05	0
31	-7.5	0.0435	-5e-05	0	-7.5	0.0435	-5e-05	0
32	-7.5	0.046	-4e-05	0	-7.5	0.046	-4e-05	0
33	-7.5	0.0505	-5e-05	0	-7.5	0.0505	-5e-05	0
34	-7.5	0.054	-6e-05	0	-7.5	0.054	-6e-05	0
35	-7.25	0.023	-2e-05	0	-7.25	0.023	-2e-05	0
36	-7.25	0.026	-2e-05	0	-7.25	0.026	-2e-05	0
37	-7.25	0.044	-4e-05	0	-7.25	0.044	-4e-05	0
38	-7.25	0.0625	-7e-05	0	-7.25	0.0625	-7e-05	0
39	-7	0.031	-3e-05	0	-7	0.031	-3e-05	0
40	-7	0.032	-3e-05	0	-7	0.032	-3e-05	0
41	-7	0.0325	-4e-05	0	-7	0.0325	-4e-05	0
42	-7	0.0475	-5e-05	0	-7	0.0475	-5e-05	0
43	-7	0.053	-5e-05	0	-7	0.053	-5e-05	0
44	-7	0.054	-6e-05	0	-7	0.054	-6e-05	0
45	-6.75	0.0295	-2e-05	0	-6.75	0.0295	-2e-05	0
46	-6.75	0.033	-3e-05	0	-6.75	0.033	-3e-05	0
47	-6.75	0.034	-2e-05	0	-6.75	0.034	-2e-05	0
48	-6.75	0.0355	-2e-05	0	-6.75	0.0355	-2e-05	0
49	-6.75	0.0415	-3e-05	0	-6.75	0.0415	-3e-05	0
50	-6.75	0.0425	-4e-05	0	-6.75	0.0425	-4e-05	0
51	-6.75	0.0465	-5e-05	0	-6.75	0.0465	-5e-05	0
52	-6.75	0.055	-6e-05	0	-6.75	0.055	-6e-05	0
53	-6.5	0.0205	-2e-05	0	-6.5	0.0205	-2e-05	0
54	-6.5	0.0295	-2e-05	0	-6.5	0.0295	-2e-05	0
55	-6.5	0.031	-2e-05	0	-6.5	0.031	-2e-05	0
56	-6.5	0.0375	-4e-05	0	-6.5	0.0375	-4e-05	0
57	-6.5	0.0375	-3e-05	0	-6.5	0.0375	-3e-05	0
58	-6.5	0.0405	-4e-05	0	-6.5	0.0405	-4e-05	0
59	-6.5	0.044	-5e-05	0	-6.5	0.044	-5e-05	0
60	-6.5	0.051	-5e-05	0	-6.5	0.051	-5e-05	0
61	-6.25	0.025	-3e-05	0	-6.25	0.025	-3e-05	0
62	-6.25	0.0285	-3e-05	0	-6.25	0.0285	-3e-05	0
63	-6.25	0.0295	-2e-05	0	-6.25	0.0295	-2e-05	0
64	-6.25	0.03	-4e-05	0	-6.25	0.03	-4e-05	0
65	-6.25	0.035	-4e-05	0	-6.25	0.035	-4e-05	0
66	-6.25	0.036	-3e-05	0	-6.25	0.036	-3e-05	0
67	-6.25	0.0365	-4e-05	0	-6.25	0.0365	-4e-05	0
68	-6.25	0.038	-3e-05	0	-6.25	0.038	-3e-05	0
69	-6.25	0.0405	-3e-05	0	-6.25	0.0405	-3e-05	0
70	-6.25	0.043	-5e-05	0	-6.25	0.043	-5e-05	0
71	-6.25	0.0445	-5e-05	0	-6.25	0.0445	-5e-05	0
72	-6.25	0.045	-5e-05	0	-6.25	0.045	-5e-05	0
73	-6.25	0.0495	-5e-05	0	-6.25	0.0495	-5e-05	0
74	-6	0.0325	-2e-05	0	-6	0.0325	-2e-05	0
75	-6	0.0355	-4e-05	0	-6	0.0355	-4e-05	0
76	-6	0.0355	-3e-05	0	-6	0.0355	-3e-05	0
77	-6	0.037	-4e-05	0	-6	0.037	-4e-05	0
78	-6	0.038	-3e-05	0	-6	0.038	-3e-05	0
79	-6	0.041	-5e-05	0	-6	0.041	-5e-05	0
80	-6	0.0415	-4e-05	0	-6	0.0415	-4e-05	0
81	-6	0.042	-4e-05	0	-6	0.042	-4e-05	0
82	-6	0.0485	-5e-05	0	-6	0.0485	-5e-05	0
83	-6	0.0505	-5e-05	0	-6	0.0505	-5e-05	0
84	-5.75	0.0215	-2e-05	0	-5.75	0.0215	-2e-05	0
85	-5.75	0.0255	-2e-05	0	-5.75	0.0255	-2e-05	0
86	-5.75	0.027	-3e-05	0	-5.75	0.027	-3e-05	0
87	-5.75	0.03	-3e-05	0	-5.75	0.03	-3e-05	0
88	-5.75	0.031	-2e-05	0	-5.75	0.031	-2e-05	0
89	-5.75	0.0325	-3e-05	0	-5.75	0.0325	-3e-05	0
90	-5.75	0.033	-4e-05	0	-5.75	0.033	-4e-05	0
91	-5.75	0.034	-4e-05	0	-5.75	0.034	-4e-05	0
92	-5.75	0.037	-4e-05	0	-5.75	0.037	-4e-05	0
93	-5.75	0.0405	-4e-05	0	-5.75	0.0405	-4e-05	0
94	-5.75	0.044	-5e-05	0	-5.75	0.044	-5e-05	0
95	-5.75	0.0445	-4e-05	0	-5.75	0.0445	-4e-05	0
96	-5.75	0.049	-5e-05	0	-5.75	0.049	-5e-05	0
97	-5.5	0.0145	-1e-05	0	-5.5	0.0145	-1e-05	0
98	-5.5	0.0155	-1e-05	0	-5.5	0.0155	-1e-05	0
99	-5.5	0.0215	-2e-05	0	-5.5	0.0215	-2e-05	0
100	-5.5	0.0235	-2e-05	0	-5.5	0.0235	-2e-05	0
101	-5.5	0.025	-2e-05	0	-5.5	0.025	-2e-05	0
102	-5.5	0.026	-2e-05	0	-5.5	0.026	-2e-05	0
103	-5.5	0.029	-3e-05	0	-5.5	0.029	-3e-05	0
104	-5.5	0.0305	-3e-05	0	-5.5	0.0305	-3e-05	0
105	-5.5	0.0335	-3e-05	0	-5.5	0.0335	-3e-05	0
106	-5.5	0.034	-3e-05	0	-5.5	0.034	-3e-05	0
107	-5.5	0.036	-3e-05	0	-5.5	0.036	-3e-05	0
108	-5.5	0.039	-4e-05	0	-5.5	0.039	-4e-05	0
109	-5.5	0.04	-3e-05	0	-5.5	0.04	-3e-05	0
110	-5.5	0.0405	-4e-05	0	-5.5	0.0405	-4e-05	0
111	-5.5	0.047	-4e-05	0	-5.5	0.047	-4e-05	0
112	-5.5	0.049	-6e-05	0	-5.5	0.049	-6e-05	0
113	-5.25	0.017	-1e-05	0	-5.25	0.017	-1e-05	0
114	-5.25	0.0195	-1e-05	0	-5.25	0.0195	-1e-05	0
115	-5.25	0.0225	-2e-05	0	-5.25	0.0225	-2e-05	0
116	-5.25	0.03	-4e-05	0	-5.25	0.03	-4e-05	0
117	-5.25	0.0315	-3e-05	0	-5.25	0.0315	-3e-05	0
118	-5.25	0.032	-4e-05	0	-5.25	0.032	-4e-05	0
119	-5.25	0.032	-3e-05	0	-5.25	0.032	-3e-05	0
120	-5.25	0.0325	-3e-05	0	-5.25	0.0325	-3e-05	0
121	-5.25	0.0345	-3e-05	0	-5.25	0.0345	-3e-05	0
122	-5.25	0.036	-3e-05	0	-5.25	0.036	-3e-05	0
123	-5.25	0.037	-4e-05	0	-5.25	0.037	-4e-05	0
124	-5.25	0.0375	-3e-05	0	-5.25	0.0375	-3e-05	0
125	-5.25	0.0385	-4e-05	0	-5.25	0.0385	-4e-05	0
126	-5.25	0.041	-4e-05	0	-5.25	0.041	-4e-05	0
127	-5.25	0.0425	-4e-05	0	-5.25	0.0425	-4e-05	0
128	-5	0.0205	-2e-05	0	-5	0.0205	-2e-05	0
129	-5	0.021	-2e-05	0	-5	0.021	-2e-05	0
130	-5	0.024	-2e-05	0	-5	0.024	-2e-05	0
131	-5	0.0315	-3e-05	0	-5	0.0315	-3e-05	0
132	-5	0.0385	-3e-05	0	-5	0.0385	-3e-05	0
133	-5	0.042	-6e-05	0	-5	0.042	-6e-05	0
134	-5	0.0445	-5e-05	0	-5	0.0445	-5e-05	0
135	-5	0.0445	-4e-05	0	-5	0.0445	-4e-05	0
136	-5	0.0455	-5e-05	0	-5	0.0455	-5e-05	0
137	-5	0.046	-5e-05	0	-5	0.046	-5e-05	0
138	-5	0.048	-7e-05	0	-5	0.048	-7e-05	0
139	-5	0.049	-6e-05	0	-5	0.049	-6e-05	0
140	-4.75	0.006	0	0	-4.75	0.006	0	0
141	-4.75	0.0135	-1e-05	0	-4.75	0.0135	-1e-05	0
142	-4.75	0.016	-2e-05	0	-4.75	0.016	-2e-05	0
143	-4.75	0.017	-1e-05	0	-4.75	0.017	-1e-05	0
144	-4.75	0.0185	-1e-05	0	-4.75	0.0185	-1e-05	0
145	-4.75	0.0195	-2e-05	0	-4.75	0.0195	-2e-05	0
146	-4.75	0.02	-1e-05	0	-4.75	0.02	-1e-05	0
147	-4.75	0.0245	-2e-05	0	-4.75	0.0245	-2e-05	0
148	-4.75	0.0295	-3e-05	0	-4.75	0.0295	-3e-05	0
149	-4.75	0.0305	-2e-05	0	-4.75	0.0305	-2e-05	0
150	-4.75	0.0315	-3e-05	0	-4.75	0.0315	-3e-05	0
151	-4.75	0.032	-3e-05	0	-4.75	0.032	-3e-05	0
152	-4.75	0.0325	-3e-05	0	-4.75	0.0325	-3e-05	0
153	-4.75	0.034	-4e-05	0	-4.75	0.034	-4e-05	0
154	-4.75	0.0355	-5e-05	0	-4.75	0.0355	-5e-05	0
155	-4.75	0.0355	-4e-05	0	-4.75	0.0355	-4e-05	0
156	-4.75	0.0365	-5e-05	0	-4.75	0.0365	-5e-05	0
157	-4.75	0.039	-4e-05	0	-4.75	0.039	-4e-05	0
158	-4.75	0.0395	-3e-05	0	-4.75	0.0395	-3e-05	0
159	-4.75	0.04	-4e-05	0	-4.75	0.04	-4e-05	0
160	-4.75	0.0405	-4e-05	0	-4.75	0.0405	-4e-05	0
161	-4.75	0.043	-4e-05	0	-4.75	0.043	-4e-05	0
162	-4.5	0.0145	-1e-05	0	-4.5	0.0145	-1e-05	0
163	-4.5	0.0215	-3e-05	0	-4.5	0.0215	-3e-05	0
164	-4.5	0.023	-2e-05	0	-4.5	0.023	-2e-05	0
165	-4.5	0.024	-3e-05	0	-4.5	0.024	-3e-05	0
166	-4.5	0.0255	-2e-05	0	-4.5	0.0255	-2e-05	0
167	-4.5	0.0275	-2e-05	0	-4.5	0.0275	-2e-05	0
168	-4.5	0.028	-4e-05	0	-4.5	0.028	-4e-05	0
169	-4.5	0.029	-3e-05	0	-4.5	0.029	-3e-05	0
170	-4.5	0.029	-2e-05	0	-4.5	0.029	-2e-05	0
171	-4.5	0.033	-3e-05	0	-4.5	0.033	-3e-05	0
172	-4.5	0.036	-4e-05	0	-4.5	0.036	-4e-05	0
173	-4.5	0.0365	-5e-05	0	-4.5	0.0365	-5e-05	0
174	-4.5	0.0365	-4e-05	0	-4.5	0.0365	-4e-05	0
175	-4.5	0.0375	-5e-05	0	-4.5	0.0375	-5e-05	0
176	-4.5	0.038	-5e-05	0	-4.5	0.038	-5e-05	0
177	-4.5	0.038	-4e-05	0	-4.5	0.038	-4e-05	0
178	-4.5	0.0385	-4e-05	0	-4.5	0.0385	-4e-05	0
179	-4.5	0.0405	-4e-05	0	-4.5	0.0405	-4e-05	0
180	-4.5	0.0435	-4e-05	0	-4.5	0.0435	-4e-05	0
181	-4.25	0.004	0	0	-4.25	0.004	0	0
182	-4.25	0.0105	-1e-05	0	-4.25	0.0105	-1e-05	0
183	-4.25	0.0115	0	0	-4.25	0.0115	0	0
184	-4.25	0.0125	-1e-05	0	-4.25	0.0125	-1e-05	0
185	-4.25	0.013	-1e-05	0	-4.25	0.013	-1e-05	0
186	-4.25	0.015	-1e-05	0	-4.25	0.015	-1e-05	0
187	-4.25	0.02	-2e-05	0	-4.25	0.02	-2e-05	0
188	-4.25	0.022	-2e-05	0	-4.25	0.022	-2e-05	0
189	-4.25	0.023	-3e-05	0	-4.25	0.023	-3e-05	0
190	-4.25	0.025	-2e-05	0	-4.25	0.025	-2e-05	0
191	-4.25	0.0255	-4e-05	0	-4.25	0.0255	-4e-05	0
192	-4.25	0.026	-2e-05	0	-4.25	0.026	-2e-05	0
193	-4.25	0.0265	-2e-05	0	-4.25	0.0265	-2e-05	0
194	-4.25	0.027	-3e-05	0	-4.25	0.027	-3e-05	0
195	-4.25	0.0285	-2e-05	0	-4.25	0.0285	-2e-05	0
196	-4.25	0.0305	-2e-05	0	-4.25	0.0305	-2e-05	0
197	-4.25	0.031	-5e-05	0	-4.25	0.031	-5e-05	0
198	-4.25	0.0325	-4e-05	0	-4.25	0.0325	-4e-05	0
199	-4.25	0.035	-4e-05	0	-4.25	0.035	-4e-05	0
200	-4.25	0.0355	-3e-05	0	-4.25	0.0355	-3e-05	0
201	-4.25	0.036	-3e-05	0	-4.25	0.036	-3e-05	0
202	-4.25	0.0395	-5e-05	0	-4.25	0.0395	-5e-05	0
203	-4.25	0.04	-4e-05	0	-4.25	0.04	-4e-05	0
204	-4.25	0.0445	-5e-05	0	-4.25	0.0445	-5e-05	0
205	-4	0.0015	0	0	-4	0.0015	0	0
206	-4	0.0035	0	0	-4	0.0035	0	0
207	-4	0.0105	-1e-05	0	-4	0.0105	-1e-05	0
208	-4	0.011	0	0	-4	0.011	0	0
209	-4	0.013	-1e-05	0	-4	0.013	-1e-05	0
210	-4	0.0135	-1e-05	0	-4	0.0135	-1e-05	0
211	-4	0.014	-1e-05	0	-4	0.014	-1e-05	0
212	-4	0.017	-2e-05	0	-4	0.017	-2e-05	0
213	-4	0.0185	-2e-05	0	-4	0.0185	-2e-05	0
214	-4	0.0195	-2e-05	0	-4	0.0195	-2e-05	0
215	-4	0.0195	-1e-05	0	-4	0.0195	-1e-05	0
216	-4	0.02	-2e-05	0	-4	0.02	-2e-05	0
217	-4	0.023	-3e-05	0	-4	0.023	-3e-05	0
218	-4	0.023	-2e-05	0	-4	0.023	-2e-05	0
219	-4	0.0235	-2e-05	0	-4	0.0235	-2e-05	0
220	-4	0.0245	-2e-05	0	-4	0.0245	-2e-05	0
221	-4	0.026	-3e-05	0	-4	0.026	-3e-05	0
222	-4	0.0265	-3e-05	0	-4	0.0265	-3e-05	0
223	-4	0.028	-3e-05	0	-4	0.028	-3e-05	0
224	-4	0.028	-2e-05	0	-4	0.028	-2e-05	0
225	-4	0.0285	-2e-05	0	-4	0.0285	-2e-05	0
226	-4	0.03	-4e-05	0	-4	0.03	-4e-05	0
227	-4	0.0315	-3e-05	0	-4	0.0315	-3e-05	0
228	-4	0.032	-5e-05	0	-4	0.032	-5e-05	0
229	-4	0.0325	-4e-05	0	-4	0.0325	-4e-05	0
230	-4	0.0325	-3e-05	0	-4	0.0325	-3e-05	0
231	-4	0.0335	-3e-05	0	-4	0.0335	-3e-05	0
232	-4	0.0345	-4e-05	0	-4	0.0345	-4e-05	0
233	-4	0.036	-3e-05	0	-4	0.036	-3e-05	0
234	-4	0.0365	-5e-05	0	-4	0.0365	-5e-05	0
235	-4	0.037	-4e-05	0	-4	0.037	-4e-05	0
236	-4	0.039	-4e-05	0	-4	0.039	-4e-05	0
237	-4	0.0395	-5e-05	0	-4	0.0395	-5e-05	0
238	-4	0.0405	-5e-05	0	-4	0.0405	-5e-05	0
239	-3.75	-0.0005	0	0	-3.75	-0.0005	0	0
240	-3.75	0.005	0	0	-3.75	0.005	0	0
241	-3.75	0.0105	-1e-05	0	-3.75	0.0105	-1e-05	0
242	-3.75	0.014	-1e-05	0	-3.75	0.014	-1e-05	0
243	-3.75	0.0155	-2e-05	0	-3.75	0.0155	-2e-05	0
244	-3.75	0.0185	-2e-05	0	-3.75	0.0185	-2e-05	0
245	-3.75	0.0205	-2e-05	0	-3.75	0.0205	-2e-05	0
246	-3.75	0.0215	-3e-05	0	-3.75	0.0215	-3e-05	0
247	-3.75	0.0235	-3e-05	0	-3.75	0.0235	-3e-05	0
248	-3.75	0.0265	-3e-05	0	-3.75	0.0265	-3e-05	0
249	-3.75	0.027	-2e-05	0	-3.75	0.027	-2e-05	0
250	-3.75	0.0275	-3e-05	0	-3.75	0.0275	-3e-05	0
251	-3.75	0.0275	-2e-05	0	-3.75	0.0275	-2e-05	0
252	-3.75	0.029	-3e-05	0	-3.75	0.029	-3e-05	0
253	-3.75	0.033	-3e-05	0	-3.75	0.033	-3e-05	0
254	-3.75	0.0335	-3e-05	0	-3.75	0.0335	-3e-05	0
255	-3.75	0.0365	-4e-05	0	-3.75	0.0365	-4e-05	0
256	-3.5	-0.009	2e-05	0	-3.5	-0.009	2e-05	0
257	-3.5	0.0065	-1e-05	0	-3.5	0.0065	-1e-05	0
258	-3.5	0.01	0	0	-3.5	0.01	0	0
259	-3.5	0.0105	0	0	-3.5	0.0105	0	0
260	-3.5	0.0135	-1e-05	0	-3.5	0.0135	-1e-05	0
261	-3.5	0.014	-1e-05	0	-3.5	0.014	-1e-05	0
262	-3.5	0.0155	-1e-05	0	-3.5	0.0155	-1e-05	0
263	-3.5	0.018	-2e-05	0	-3.5	0.018	-2e-05	0
264	-3.5	0.0185	-2e-05	0	-3.5	0.0185	-2e-05	0
265	-3.5	0.019	-2e-05	0	-3.5	0.019	-2e-05	0
266	-3.5	0.02	-2e-05	0	-3.5	0.02	-2e-05	0
267	-3.5	0.0205	-2e-05	0	-3.5	0.0205	-2e-05	0
268	-3.5	0.0225	-2e-05	0	-3.5	0.0225	-2e-05	0
269	-3.5	0.023	-2e-05	0	-3.5	0.023	-2e-05	0
270	-3.5	0.025	-2e-05	0	-3.5	0.025	-2e-05	0
271	-3.5	0.0265	-3e-05	0	-3.5	0.0265	-3e-05	0
272	-3.5	0.027	-3e-05	0	-3.5	0.027	-3e-05	0
273	-3.5	0.028	-4e-05	0	-3.5	0.028	-4e-05	0
274	-3.5	0.0285	-3e-05	0	-3.5	0.0285	-3e-05	0
275	-3.5	0.029	-3e-05	0	-3.5	0.029	-3e-05	0
276	-3.5	0.03	-3e-05	0	-3.5	0.03	-3e-05	0
277	-3.5	0.031	-4e-05	0	-3.5	0.031	-4e-05	0
278	-3.5	0.031	-3e-05	0	-3.5	0.031	-3e-05	0
279	-3.5	0.032	-3e-05	0	-3.5	0.032	-3e-05	0
280	-3.5	0.0335	-5e-05	0	-3.5	0.0335	-5e-05	0
281	-3.5	0.0335	-4e-05	0	-3.5	0.0335	-4e-05	0
282	-3.5	0.0335	-3e-05	0	-3.5	0.0335	-3e-05	0
283	-3.25	0.001	0	0	-3.25	0.001	0	0
284	-3.25	0.0015	1e-05	0	-3.25	0.0015	1e-05	0
285	-3.25	0.0075	0	0	-3.25	0.0075	0	0
286	-3.25	0.0105	-1e-05	0	-3.25	0.0105	-1e-05	0
287	-3.25	0.012	-2e-05	0	-3.25	0.012	-2e-05	0
288	-3.25	0.0135	-1e-05	0	-3.25	0.0135	-1e-05	0
289	-3.25	0.015	-1e-05	0	-3.25	0.015	-1e-05	0
290	-3.25	0.015	0	0	-3.25	0.015	0	0
291	-3.25	0.0155	-1e-05	0	-3.25	0.0155	-1e-05	0
292	-3.25	0.016	-2e-05	0	-3.25	0.016	-2e-05	0
293	-3.25	0.019	-3e-05	0	-3.25	0.019	-3e-05	0
294	-3.25	0.019	-2e-05	0	-3.25	0.019	-2e-05	0
295	-3.25	0.02	-2e-05	0	-3.25	0.02	-2e-05	0
296	-3.25	0.0205	-3e-05	0	-3.25	0.0205	-3e-05	0
297	-3.25	0.0205	-2e-05	0	-3.25	0.0205	-2e-05	0
298	-3.25	0.0215	-3e-05	0	-3.25	0.0215	-3e-05	0
299	-3.25	0.0215	-2e-05	0	-3.25	0.0215	-2e-05	0
300	-3.25	0.022	-2e-05	0	-3.25	0.022	-2e-05	0
301	-3.25	0.0225	-2e-05	0	-3.25	0.0225	-2e-05	0
302	-3.25	0.023	-3e-05	0	-3.25	0.023	-3e-05	0
303	-3.25	0.023	-2e-05	0	-3.25	0.023	-2e-05	0
304	-3.25	0.0235	-2e-05	0	-3.25	0.0235	-2e-05	0
305	-3.25	0.024	-3e-05	0	-3.25	0.024	-3e-05	0
306	-3.25	0.024	-2e-05	0	-3.25	0.024	-2e-05	0
307	-3.25	0.0255	-3e-05	0	-3.25	0.0255	-3e-05	0
308	-3.25	0.0285	-3e-05	0	-3.25	0.0285	-3e-05	0
309	-3.25	0.029	-4e-05	0	-3.25	0.029	-4e-05	0
310	-3.25	0.0295	-4e-05	0	-3.25	0.0295	-4e-05	0
311	-3.25	0.0295	-3e-05	0	-3.25	0.0295	-3e-05	0
312	-3.25	0.0305	-3e-05	0	-3.25	0.0305	-3e-05	0
313	-3.25	0.031	-3e-05	0	-3.25	0.031	-3e-05	0
314	-3.25	0.035	-5e-05	0	-3.25	0.035	-5e-05	0
315	-3.25	0.035	-3e-05	0	-3.25	0.035	-3e-05	0
316	-3	-0.004	1e-05	0	-3	-0.004	1e-05	0
317	-3	-0.002	1e-05	0	-3	-0.002	1e-05	0
318	-3	0.0045	0	0	-3	0.0045	0	0
319	-3	0.0085	0	0	-3	0.0085	0	0
320	-3	0.0115	-2e-05	0	-3	0.0115	-2e-05	0
321	-3	0.0125	-1e-05	0	-3	0.0125	-1e-05	0
322	-3	0.013	-2e-05	0	-3	0.013	-2e-05	0
323	-3	0.013	-1e-05	0	-3	0.013	-1e-05	0
324	-3	0.0135	-1e-05	0	-3	0.0135	-1e-05	0
325	-3	0.014	-2e-05	0	-3	0.014	-2e-05	0
326	-3	0.015	-1e-05	0	-3	0.015	-1e-05	0
327	-3	0.015	0	0	-3	0.015	0	0
328	-3	0.0155	-1e-05	0	-3	0.0155	-1e-05	0
329	-3	0.016	-2e-05	0	-3	0.016	-2e-05	0
330	-3	0.0165	-1e-05	0	-3	0.0165	-1e-05	0
331	-3	0.017	-2e-05	0	-3	0.017	-2e-05	0
332	-3	0.017	-1e-05	0	-3	0.017	-1e-05	0
333	-3	0.0175	-3e-05	0	-3	0.0175	-3e-05	0
334	-3	0.018	-2e-05	0	-3	0.018	-2e-05	0
335	-3	0.0185	-1e-05	0	-3	0.0185	-1e-05	0
336	-3	0.019	-2e-05	0	-3	0.019	-2e-05	0
337	-3	0.02	-3e-05	0	-3	0.02	-3e-05	0
338	-3	0.0205	-2e-05	0	-3	0.0205	-2e-05	0
339	-3	0.021	-2e-05	0	-3	0.021	-2e-05	0
340	-3	0.0215	-3e-05	0	-3	0.0215	-3e-05	0
341	-3	0.022	-2e-05	0	-3	0.022	-2e-05	0
342	-3	0.0225	-2e-05	0	-3	0.0225	-2e-05	0
343	-3	0.023	-3e-05	0	-3	0.023	-3e-05	0
344	-3	0.025	-4e-05	0	-3	0.025	-4e-05	0
345	-3	0.0255	-3e-05	0	-3	0.0255	-3e-05	0
346	-3	0.026	-4e-05	0	-3	0.026	-4e-05	0
347	-3	0.026	-3e-05	0	-3	0.026	-3e-05	0
348	-3	0.027	-3e-05	0	-3	0.027	-3e-05	0
349	-3	0.0275	-4e-05	0	-3	0.0275	-4e-05	0
350	-3	0.0285	-4e-05	0	-3	0.0285	-4e-05	0
351	-3	0.0285	-3e-05	0	-3	0.0285	-3e-05	0
352	-3	0.032	-5e-05	0	-3	0.032	-5e-05	0
353	-2.75	0.002	1e-05	0	-2.75	0.002	1e-05	0
354	-2.75	0.006	0	0	-2.75	0.006	0	0
355	-2.75	0.0085	0	0	-2.75	0.0085	0	0
356	-2.75	0.0095	-1e-05	0	-2.75	0.0095	-1e-05	0
357	-2.75	0.0095	0	0	-2.75	0.0095	0	0
358	-2.75	0.01	-2e-05	0	-2.75	0.01	-2e-05	0
359	-2.75	0.0105	-1e-05	0	-2.75	0.0105	-1e-05	0
360	-2.75	0.012	-1e-05	0	-2.75	0.012	-1e-05	0
361	-2.75	0.0125	-1e-05	0	-2.75	0.0125	-1e-05	0
362	-2.75	0.0135	-1e-05	0	-2.75	0.0135	-1e-05	0
363	-2.75	0.014	-1e-05	0	-2.75	0.014	-1e-05	0
364	-2.75	0.0145	-1e-05	0	-2.75	0.0145	-1e-05	0
365	-2.75	0.016	-1e-05	0	-2.75	0.016	-1e-05	0
366	-2.75	0.0175	-1e-05	0	-2.75	0.0175	-1e-05	0
367	-2.75	0.0185	-2e-05	0	-2.75	0.0185	-2e-05	0
368	-2.75	0.02	-2e-05	0	-2.75	0.02	-2e-05	0
369	-2.75	0.0205	-3e-05	0	-2.75	0.0205	-3e-05	0
370	-2.75	0.0205	-2e-05	0	-2.75	0.0205	-2e-05	0
371	-2.75	0.0215	-3e-05	0	-2.75	0.0215	-3e-05	0
372	-2.75	0.022	-2e-05	0	-2.75	0.022	-2e-05	0
373	-2.75	0.0225	-2e-05	0	-2.75	0.0225	-2e-05	0
374	-2.75	0.0235	-3e-05	0	-2.75	0.0235	-3e-05	0
375	-2.75	0.0245	-2e-05	0	-2.75	0.0245	-2e-05	0
376	-2.75	0.025	-3e-05	0	-2.75	0.025	-3e-05	0
377	-2.75	0.026	-3e-05	0	-2.75	0.026	-3e-05	0
378	-2.75	0.0275	-3e-05	0	-2.75	0.0275	-3e-05	0
379	-2.75	0.031	-3e-05	0	-2.75	0.031	-3e-05	0
380	-2.75	0.032	-4e-05	0	-2.75	0.032	-4e-05	0
381	-2.5	-0.0055	1e-05	0	-2.5	-0.0055	1e-05	0
382	-2.5	-0.003	1e-05	0	-2.5	-0.003	1e-05	0
383	-2.5	-0.0015	1e-05	0	-2.5	-0.0015	1e-05	0
384	-2.5	0.0015	1e-05	0	-2.5	0.0015	1e-05	0
385	-2.5	0.002	0	0	-2.5	0.002	0	0
386	-2.5	0.004	0	0	-2.5	0.004	0	0
387	-2.5	0.004	1e-05	0	-2.5	0.004	1e-05	0
388	-2.5	0.0075	-1e-05	0	-2.5	0.0075	-1e-05	0
389	-2.5	0.0085	0	0	-2.5	0.0085	0	0
390	-2.5	0.009	-1e-05	0	-2.5	0.009	-1e-05	0
391	-2.5	0.0105	-1e-05	0	-2.5	0.0105	-1e-05	0
392	-2.5	0.011	-1e-05	0	-2.5	0.011	-1e-05	0
393	-2.5	0.0115	-1e-05	0	-2.5	0.0115	-1e-05	0
394	-2.5	0.0125	-1e-05	0	-2.5	0.0125	-1e-05	0
395	-2.5	0.014	-1e-05	0	-2.5	0.014	-1e-05	0
396	-2.5	0.0145	-2e-05	0	-2.5	0.0145	-2e-05	0
397	-2.5	0.016	-2e-05	0	-2.5	0.016	-2e-05	0
398	-2.5	0.016	-1e-05	0	-2.5	0.016	-1e-05	0
399	-2.5	0.0165	-1e-05	0	-2.5	0.0165	-1e-05	0
400	-2.5	0.0175	-2e-05	0	-2.5	0.0175	-2e-05	0
401	-2.5	0.018	-2e-05	0	-2.5	0.018	-2e-05	0
402	-2.5	0.018	-1e-05	0	-2.5	0.018	-1e-05	0
403	-2.5	0.019	-2e-05	0	-2.5	0.019	-2e-05	0
404	-2.5	0.019	-1e-05	0	-2.5	0.019	-1e-05	0
405	-2.5	0.0195	-2e-05	0	-2.5	0.0195	-2e-05	0
406	-2.5	0.02	-1e-05	0	-2.5	0.02	-1e-05	0
407	-2.5	0.0205	-1e-05	0	-2.5	0.0205	-1e-05	0
408	-2.5	0.021	-2e-05	0	-2.5	0.021	-2e-05	0
409	-2.5	0.0215	-3e-05	0	-2.5	0.0215	-3e-05	0
410	-2.5	0.022	-3e-05	0	-2.5	0.022	-3e-05	0
411	-2.5	0.022	-1e-05	0	-2.5	0.022	-1e-05	0
412	-2.5	0.0235	-3e-05	0	-2.5	0.0235	-3e-05	0
413	-2.5	0.0235	-2e-05	0	-2.5	0.0235	-2e-05	0
414	-2.5	0.0255	-2e-05	0	-2.5	0.0255	-2e-05	0
415	-2.5	0.026	-3e-05	0	-2.5	0.026	-3e-05	0
416	-2.5	0.027	-2e-05	0	-2.5	0.027	-2e-05	0
417	-2.5	0.029	-3e-05	0	-2.5	0.029	-3e-05	0
418	-2.5	0.0295	-3e-05	0	-2.5	0.0295	-3e-05	0
419	-2.5	0.0315	-4e-05	0	-2.5	0.0315	-4e-05	0
420	-2.5	0.0315	-3e-05	0	-2.5	0.0315	-3e-05	0
421	-2.25	-0.005	0	0	-2.25	-0.005	0	0
422	-2.25	-0.001	1e-05	0	-2.25	-0.001	1e-05	0
423	-2.25	0.0005	1e-05	0	-2.25	0.0005	1e-05	0
424	-2.25	0.0035	1e-05	0	-2.25	0.0035	1e-05	0
425	-2.25	0.004	0	0	-2.25	0.004	0	0
426	-2.25	0.0055	0	0	-2.25	0.0055	0	0
427	-2.25	0.007	0	0	-2.25	0.007	0	0
428	-2.25	0.0075	-1e-05	0	-2.25	0.0075	-1e-05	0
429	-2.25	0.0085	0	0	-2.25	0.0085	0	0
430	-2.25	0.009	0	0	-2.25	0.009	0	0
431	-2.25	0.01	-1e-05	0	-2.25	0.01	-1e-05	0
432	-2.25	0.0105	-1e-05	0	-2.25	0.0105	-1e-05	0
433	-2.25	0.011	0	0	-2.25	0.011	0	0
434	-2.25	0.0115	-1e-05	0	-2.25	0.0115	-1e-05	0
435	-2.25	0.013	-1e-05	0	-2.25	0.013	-1e-05	0
436	-2.25	0.0135	-1e-05	0	-2.25	0.0135	-1e-05	0
437	-2.25	0.0145	-2e-05	0	-2.25	0.0145	-2e-05	0
438	-2.25	0.015	-2e-05	0	-2.25	0.015	-2e-05	0
439	-2.25	0.0165	-2e-05	0	-2.25	0.0165	-2e-05	0
440	-2.25	0.0165	-1e-05	0	-2.25	0.0165	-1e-05	0
441	-2.25	0.0175	-2e-05	0	-2.25	0.0175	-2e-05	0
442	-2.25	0.018	-2e-05	0	-2.25	0.018	-2e-05	0
443	-2.25	0.018	-1e-05	0	-2.25	0.018	-1e-05	0
444	-2.25	0.019	-3e-05	0	-2.25	0.019	-3e-05	0
445	-2.25	0.02	-2e-05	0	-2.25	0.02	-2e-05	0
446	-2.25	0.0205	-3e-05	0	-2.25	0.0205	-3e-05	0
447	-2.25	0.021	-2e-05	0	-2.25	0.021	-2e-05	0
448	-2.25	0.022	-2e-05	0	-2.25	0.022	-2e-05	0
449	-2.25	0.0235	-2e-05	0	-2.25	0.0235	-2e-05	0
450	-2.25	0.0255	-4e-05	0	-2.25	0.0255	-4e-05	0
451	-2	-0.005	2e-05	0	-2	-0.005	2e-05	0
452	-2	-0.002	1e-05	0	-2	-0.002	1e-05	0
453	-2	0.003	0	0	-2	0.003	0	0
454	-2	0.0045	-1e-05	0	-2	0.0045	-1e-05	0
455	-2	0.0045	0	0	-2	0.0045	0	0
456	-2	0.0055	0	0	-2	0.0055	0	0
457	-2	0.007	0	0	-2	0.007	0	0
458	-2	0.0075	0	0	-2	0.0075	0	0
459	-2	0.0085	-1e-05	0	-2	0.0085	-1e-05	0
460	-2	0.009	-1e-05	0	-2	0.009	-1e-05	0
461	-2	0.0095	-1e-05	0	-2	0.0095	-1e-05	0
462	-2	0.01	-1e-05	0	-2	0.01	-1e-05	0
463	-2	0.0105	0	0	-2	0.0105	0	0
464	-2	0.011	-1e-05	0	-2	0.011	-1e-05	0
465	-2	0.0115	-1e-05	0	-2	0.0115	-1e-05	0
466	-2	0.0125	-1e-05	0	-2	0.0125	-1e-05	0
467	-2	0.0135	-2e-05	0	-2	0.0135	-2e-05	0
468	-2	0.0135	-1e-05	0	-2	0.0135	-1e-05	0
469	-2	0.0135	0	0	-2	0.0135	0	0
470	-2	0.014	-1e-05	0	-2	0.014	-1e-05	0
471	-2	0.0145	-2e-05	0	-2	0.0145	-2e-05	0
472	-2	0.0145	-1e-05	0	-2	0.0145	-1e-05	0
473	-2	0.015	-3e-05	0	-2	0.015	-3e-05	0
474	-2	0.015	-2e-05	0	-2	0.015	-2e-05	0
475	-2	0.016	-2e-05	0	-2	0.016	-2e-05	0
476	-2	0.0165	-1e-05	0	-2	0.0165	-1e-05	0
477	-2	0.017	-3e-05	0	-2	0.017	-3e-05	0
478	-2	0.017	-2e-05	0	-2	0.017	-2e-05	0
479	-2	0.018	-2e-05	0	-2	0.018	-2e-05	0
480	-2	0.0185	-3e-05	0	-2	0.0185	-3e-05	0
481	-2	0.0185	-2e-05	0	-2	0.0185	-2e-05	0
482	-2	0.02	-2e-05	0	-2	0.02	-2e-05	0
483	-2	0.0205	-3e-05	0	-2	0.0205	-3e-05	0
484	-2	0.0205	-2e-05	0	-2	0.0205	-2e-05	0
485	-2	0.021	-3e-05	0	-2	0.021	-3e-05	0
486	-2	0.023	-4e-05	0	-2	0.023	-4e-05	0
487	-2	0.0235	-2e-05	0	-2	0.0235	-2e-05	0
488	-1.75	-0.0105	2e-05	0	-1.75	-0.0105	2e-05	0
489	-1.75	-0.0075	1e-05	0	-1.75	-0.0075	1e-05	0
490	-1.75	-0.0065	1e-05	0	-1.75	-0.0065	1e-05	0
491	-1.75	0	1e-05	0	-1.75	0	1e-05	0
492	-1.75	0.0015	0	0	-1.75	0.0015	0	0
493	-1.75	0.002	0	0	-1.75	0.002	0	0
494	-1.75	0.003	1e-05	0	-1.75	0.003	1e-05	0
495	-1.75	0.0035	0	0	-1.75	0.0035	0	0
496	-1.75	0.005	-1e-05	0	-1.75	0.005	-1e-05	0
497	-1.75	0.005	0	0	-1.75	0.005	0	0
498	-1.75	0.0055	0	0	-1.75	0.0055	0	0
499	-1.75	0.007	0	0	-1.75	0.007	0	0
500	-1.75	0.008	-1e-05	0	-1.75	0.008	-1e-05	0
501	-1.75	0.01	-1e-05	0	-1.75	0.01	-1e-05	0
502	-1.75	0.01	0	0	-1.75	0.01	0	0
503	-1.75	0.0105	-1e-05	0	-1.75	0.0105	-1e-05	0
504	-1.75	0.011	-1e-05	0	-1.75	0.011	-1e-05	0
505	-1.75	0.0115	-1e-05	0	-1.75	0.0115	-1e-05	0
506	-1.75	0.012	-2e-05	0	-1.75	0.012	-2e-05	0
507	-1.75	0.012	-1e-05	0	-1.75	0.012	-1e-05	0
508	-1.75	0.014	-1e-05	0	-1.75	0.014	-1e-05	0
509	-1.75	0.0145	-2e-05	0	-1.75	0.0145	-2e-05	0
510	-1.75	0.015	-2e-05	0	-1.75	0.015	-2e-05	0
511	-1.75	0.0155	-2e-05	0	-1.75	0.0155	-2e-05	0
512	-1.75	0.016	-2e-05	0	-1.75	0.016	-2e-05	0
513	-1.75	0.017	-2e-05	0	-1.75	0.017	-2e-05	0
514	-1.75	0.0175	-2e-05	0	-1.75	0.0175	-2e-05	0
515	-1.75	0.019	-2e-05	0	-1.75	0.019	-2e-05	0
516	-1.75	0.0205	-4e-05	0	-1.75	0.0205	-4e-05	0
517	-1.75	0.022	-2e-05	0	-1.75	0.022	-2e-05	0
518	-1.75	0.0265	-4e-05	0	-1.75	0.0265	-4e-05	0
519	-1.5	-0.0045	1e-05	0	-1.5	-0.0045	1e-05	0
520	-1.5	-0.0035	1e-05	0	-1.5	-0.0035	1e-05	0
521	-1.5	-0.0005	1e-05	0	-1.5	-0.0005	1e-05	0
522	-1.5	0	0	0	-1.5	0	0	0
523	-1.5	0	1e-05	0	-1.5	0	1e-05	0
524	-1.5	0.001	0	0	-1.5	0.001	0	0
525	-1.5	0.0015	0	0	-1.5	0.0015	0	0
526	-1.5	0.002	0	0	-1.5	0.002	0	0
527	-1.5	0.0025	0	0	-1.5	0.0025	0	0
528	-1.5	0.0035	0	0	-1.5	0.0035	0	0
529	-1.5	0.0065	-2e-05	0	-1.5	0.0065	-2e-05	0
530	-1.5	0.0065	0	0	-1.5	0.0065	0	0
531	-1.5	0.008	-2e-05	0	-1.5	0.008	-2e-05	0
532	-1.5	0.0085	-1e-05	0	-1.5	0.0085	-1e-05	0
533	-1.5	0.009	0	0	-1.5	0.009	0	0
534	-1.5	0.01	-1e-05	0	-1.5	0.01	-1e-05	0
535	-1.5	0.0105	-1e-05	0	-1.5	0.0105	-1e-05	0
536	-1.5	0.011	-1e-05	0	-1.5	0.011	-1e-05	0
537	-1.5	0.0115	-1e-05	0	-1.5	0.0115	-1e-05	0
538	-1.5	0.012	0	0	-1.5	0.012	0	0
539	-1.5	0.0125	-2e-05	0	-1.5	0.0125	-2e-05	0
540	-1.5	0.0125	-1e-05	0	-1.5	0.0125	-1e-05	0
541	-1.5	0.013	-3e-05	0	-1.5	0.013	-3e-05	0
542	-1.5	0.013	-2e-05	0	-1.5	0.013	-2e-05	0
543	-1.5	0.0135	-1e-05	0	-1.5	0.0135	-1e-05	0
544	-1.5	0.014	-1e-05	0	-1.5	0.014	-1e-05	0
545	-1.5	0.0145	-2e-05	0	-1.5	0.0145	-2e-05	0
546	-1.5	0.015	-2e-05	0	-1.5	0.015	-2e-05	0
547	-1.5	0.015	-1e-05	0	-1.5	0.015	-1e-05	0
548	-1.5	0.0155	-2e-05	0	-1.5	0.0155	-2e-05	0
549	-1.5	0.016	-1e-05	0	-1.5	0.016	-1e-05	0
550	-1.5	0.0165	-3e-05	0	-1.5	0.0165	-3e-05	0
551	-1.5	0.0165	-2e-05	0	-1.5	0.0165	-2e-05	0
552	-1.5	0.017	-2e-05	0	-1.5	0.017	-2e-05	0
553	-1.5	0.0175	-2e-05	0	-1.5	0.0175	-2e-05	0
554	-1.5	0.019	-2e-05	0	-1.5	0.019	-2e-05	0
555	-1.5	0.021	-3e-05	0	-1.5	0.021	-3e-05	0
556	-1.5	0.0215	-2e-05	0	-1.5	0.0215	-2e-05	0
557	-1.5	0.023	-4e-05	0	-1.5	0.023	-4e-05	0
558	-1.5	0.026	-5e-05	0	-1.5	0.026	-5e-05	0
559	-1.25	-0.0095	1e-05	0	-1.25	-0.0095	1e-05	0
560	-1.25	-0.006	1e-05	0	-1.25	-0.006	1e-05	0
561	-1.25	-0.003	0	0	-1.25	-0.003	0	0
562	-1.25	-0.003	1e-05	0	-1.25	-0.003	1e-05	0
563	-1.25	-0.0025	0	0	-1.25	-0.0025	0	0
564	-1.25	-0.0005	0	0	-1.25	-0.0005	0	0
565	-1.25	0	-1e-05	0	-1.25	0	-1e-05	0
566	-1.25	0.0005	0	0	-1.25	0.0005	0	0
567	-1.25	0.002	0	0	-1.25	0.002	0	0
568	-1.25	0.004	-1e-05	0	-1.25	0.004	-1e-05	0
569	-1.25	0.0045	0	0	-1.25	0.0045	0	0
570	-1.25	0.005	-2e-05	0	-1.25	0.005	-2e-05	0
571	-1.25	0.005	-1e-05	0	-1.25	0.005	-1e-05	0
572	-1.25	0.005	0	0	-1.25	0.005	0	0
573	-1.25	0.0055	0	0	-1.25	0.0055	0	0
574	-1.25	0.0065	-1e-05	0	-1.25	0.0065	-1e-05	0
575	-1.25	0.0075	-1e-05	0	-1.25	0.0075	-1e-05	0
576	-1.25	0.0075	0	0	-1.25	0.0075	0	0
577	-1.25	0.008	-1e-05	0	-1.25	0.008	-1e-05	0
578	-1.25	0.0085	-1e-05	0	-1.25	0.0085	-1e-05	0
579	-1.25	0.0105	-2e-05	0	-1.25	0.0105	-2e-05	0
580	-1.25	0.0105	-1e-05	0	-1.25	0.0105	-1e-05	0
581	-1.25	0.0105	0	0	-1.25	0.0105	0	0
582	-1.25	0.0115	-1e-05	0	-1.25	0.0115	-1e-05	0
583	-1.25	0.012	-2e-05	0	-1.25	0.012	-2e-05	0
584	-1.25	0.012	-1e-05	0	-1.25	0.012	-1e-05	0
585	-1.25	0.0125	-1e-05	0	-1.25	0.0125	-1e-05	0
586	-1.25	0.013	-1e-05	0	-1.25	0.013	-1e-05	0
587	-1.25	0.0135	-2e-05	0	-1.25	0.0135	-2e-05	0
588	-1.25	0.0135	-1e-05	0	-1.25	0.0135	-1e-05	0
589	-1.25	0.014	-1e-05	0	-1.25	0.014	-1e-05	0
590	-1.25	0.0145	-3e-05	0	-1.25	0.0145	-3e-05	0
591	-1.25	0.0145	-2e-05	0	-1.25	0.0145	-2e-05	0
592	-1.25	0.015	-1e-05	0	-1.25	0.015	-1e-05	0
593	-1.25	0.018	-1e-05	0	-1.25	0.018	-1e-05	0
594	-1.25	0.0205	-2e-05	0	-1.25	0.0205	-2e-05	0
595	-1.25	0.0245	-4e-05	0	-1.25	0.0245	-4e-05	0
596	-1	-0.008	2e-05	0	-1	-0.008	2e-05	0
597	-1	-0.007	1e-05	0	-1	-0.007	1e-05	0
598	-1	-0.0035	1e-05	0	-1	-0.0035	1e-05	0
599	-1	-0.003	0	0	-1	-0.003	0	0
600	-1	-0.001	0	0	-1	-0.001	0	0
601	-1	0	1e-05	0	-1	0	1e-05	0
602	-1	0.001	0	0	-1	0.001	0	0
603	-1	0.0015	0	0	-1	0.0015	0	0
604	-1	0.002	0	0	-1	0.002	0	0
605	-1	0.0025	0	0	-1	0.0025	0	0
606	-1	0.003	0	0	-1	0.003	0	0
607	-1	0.004	-1e-05	0	-1	0.004	-1e-05	0
608	-1	0.004	0	0	-1	0.004	0	0
609	-1	0.005	0	0	-1	0.005	0	0
610	-1	0.0055	0	0	-1	0.0055	0	0
611	-1	0.007	-1e-05	0	-1	0.007	-1e-05	0
612	-1	0.007	0	0	-1	0.007	0	0
613	-1	0.0075	0	0	-1	0.0075	0	0
614	-1	0.0085	-1e-05	0	-1	0.0085	-1e-05	0
615	-1	0.009	-1e-05	0	-1	0.009	-1e-05	0
616	-1	0.01	-1e-05	0	-1	0.01	-1e-05	0
617	-1	0.0105	-2e-05	0	-1	0.0105	-2e-05	0
618	-1	0.0115	-1e-05	0	-1	0.0115	-1e-05	0
619	-1	0.012	-2e-05	0	-1	0.012	-2e-05	0
620	-1	0.013	-2e-05	0	-1	0.013	-2e-05	0
621	-1	0.0135	-3e-05	0	-1	0.0135	-3e-05	0
622	-1	0.014	-2e-05	0	-1	0.014	-2e-05	0
623	-1	0.0145	-2e-05	0	-1	0.0145	-2e-05	0
624	-1	0.015	-2e-05	0	-1	0.015	-2e-05	0
625	-1	0.015	-1e-05	0	-1	0.015	-1e-05	0
626	-1	0.019	-2e-05	0	-1	0.019	-2e-05	0
627	-1	0.019	-1e-05	0	-1	0.019	-1e-05	0
628	-1	0.0195	-3e-05	0	-1	0.0195	-3e-05	0
629	-1	0.021	-2e-05	0	-1	0.021	-2e-05	0
630	-1	0.023	-4e-05	0	-1	0.023	-4e-05	0
631	-0.75	-0.018	3e-05	0	-0.75	-0.018	3e-05	0
632	-0.75	-0.01	2e-05	0	-0.75	-0.01	2e-05	0
633	-0.75	-0.009	1e-05	0	-0.75	-0.009	1e-05	0
634	-0.75	-0.0085	2e-05	0	-0.75	-0.0085	2e-05	0
635	-0.75	-0.007	1e-05	0	-0.75	-0.007	1e-05	0
636	-0.75	-0.006	1e-05	0	-0.75	-0.006	1e-05	0
637	-0.75	-0.0055	1e-05	0	-0.75	-0.0055	1e-05	0
638	-0.75	-0.0035	0	0	-0.75	-0.0035	0	0
639	-0.75	-0.0035	1e-05	0	-0.75	-0.0035	1e-05	0
640	-0.75	-0.001	0	0	-0.75	-0.001	0	0
641	-0.75	0	0	0	-0.75	0	0	0
642	-0.75	0.0005	0	0	-0.75	0.0005	0	0
643	-0.75	0.001	0	0	-0.75	0.001	0	0
644	-0.75	0.0015	0	0	-0.75	0.0015	0	0
645	-0.75	0.003	0	0	-0.75	0.003	0	0
646	-0.75	0.0035	-1e-05	0	-0.75	0.0035	-1e-05	0
647	-0.75	0.004	0	0	-0.75	0.004	0	0
648	-0.75	0.0045	-1e-05	0	-0.75	0.0045	-1e-05	0
649	-0.75	0.0045	0	0	-0.75	0.0045	0	0
650	-0.75	0.005	-1e-05	0	-0.75	0.005	-1e-05	0
651	-0.75	0.0055	-1e-05	0	-0.75	0.0055	-1e-05	0
652	-0.75	0.006	-1e-05	0	-0.75	0.006	-1e-05	0
653	-0.75	0.0065	-1e-05	0	-0.75	0.0065	-1e-05	0
654	-0.75	0.007	-1e-05	0	-0.75	0.007	-1e-05	0
655	-0.75	0.0075	0	0	-0.75	0.0075	0	0
656	-0.75	0.008	-2e-05	0	-0.75	0.008	-2e-05	0
657	-0.75	0.008	-1e-05	0	-0.75	0.008	-1e-05	0
658	-0.75	0.0085	-1e-05	0	-0.75	0.0085	-1e-05	0
659	-0.75	0.009	-2e-05	0	-0.75	0.009	-2e-05	0
660	-0.75	0.009	-1e-05	0	-0.75	0.009	-1e-05	0
661	-0.75	0.0095	-2e-05	0	-0.75	0.0095	-2e-05	0
662	-0.75	0.0095	-1e-05	0	-0.75	0.0095	-1e-05	0
663	-0.75	0.01	-2e-05	0	-0.75	0.01	-2e-05	0
664	-0.75	0.01	-1e-05	0	-0.75	0.01	-1e-05	0
665	-0.75	0.011	-1e-05	0	-0.75	0.011	-1e-05	0
666	-0.75	0.0125	-1e-05	0	-0.75	0.0125	-1e-05	0
667	-0.75	0.0135	-1e-05	0	-0.75	0.0135	-1e-05	0
668	-0.75	0.0145	-2e-05	0	-0.75	0.0145	-2e-05	0
669	-0.75	0.0155	-2e-05	0	-0.75	0.0155	-2e-05	0
670	-0.75	0.0165	-3e-05	0	-0.75	0.0165	-3e-05	0
671	-0.75	0.017	-2e-05	0	-0.75	0.017	-2e-05	0
672	-0.75	0.0175	-2e-05	0	-0.75	0.0175	-2e-05	0
673	-0.5	-0.026	3e-05	0	-0.5	-0.026	3e-05	0
674	-0.5	-0.017	3e-05	0	-0.5	-0.017	3e-05	0
675	-0.5	-0.0155	2e-05	0	-0.5	-0.0155	2e-05	0
676	-0.5	-0.0135	2e-05	0	-0.5	-0.0135	2e-05	0
677	-0.5	-0.012	2e-05	0	-0.5	-0.012	2e-05	0
678	-0.5	-0.0115	1e-05	0	-0.5	-0.0115	1e-05	0
679	-0.5	-0.01	2e-05	0	-0.5	-0.01	2e-05	0
680	-0.5	-0.0075	1e-05	0	-0.5	-0.0075	1e-05	0
681	-0.5	-0.007	1e-05	0	-0.5	-0.007	1e-05	0
682	-0.5	-0.0065	0	0	-0.5	-0.0065	0	0
683	-0.5	-0.0065	1e-05	0	-0.5	-0.0065	1e-05	0
684	-0.5	-0.006	1e-05	0	-0.5	-0.006	1e-05	0
685	-0.5	-0.0055	0	0	-0.5	-0.0055	0	0
686	-0.5	-0.005	0	0	-0.5	-0.005	0	0
687	-0.5	-0.0045	0	0	-0.5	-0.0045	0	0
688	-0.5	-0.0045	1e-05	0	-0.5	-0.0045	1e-05	0
689	-0.5	-0.0025	0	0	-0.5	-0.0025	0	0
690	-0.5	-0.002	0	0	-0.5	-0.002	0	0
691	-0.5	-0.001	1e-05	0	-0.5	-0.001	1e-05	0
692	-0.5	-0.0005	-1e-05	0	-0.5	-0.0005	-1e-05	0
693	-0.5	0.0005	0	0	-0.5	0.0005	0	0
694	-0.5	0.001	0	0	-0.5	0.001	0	0
695	-0.5	0.0015	0	0	-0.5	0.0015	0	0
696	-0.5	0.002	0	0	-0.5	0.002	0	0
697	-0.5	0.0025	-1e-05	0	-0.5	0.0025	-1e-05	0
698	-0.5	0.0025	0	0	-0.5	0.0025	0	0
699	-0.5	0.0025	1e-05	0	-0.5	0.0025	1e-05	0
700	-0.5	0.003	-1e-05	0	-0.5	0.003	-1e-05	0
701	-0.5	0.003	0	0	-0.5	0.003	0	0
702	-0.5	0.0035	-1e-05	0	-0.5	0.0035	-1e-05	0
703	-0.5	0.0035	0	0	-0.5	0.0035	0	0
704	-0.5	0.004	-2e-05	0	-0.5	0.004	-2e-05	0
705	-0.5	0.004	-1e-05	0	-0.5	0.004	-1e-05	0
706	-0.5	0.004	0	0	-0.5	0.004	0	0
707	-0.5	0.0045	0	0	-0.5	0.0045	0	0
708	-0.5	0.005	-2e-05	0	-0.5	0.005	-2e-05	0
709	-0.5	0.005	-1e-05	0	-0.5	0.005	-1e-05	0
710	-0.5	0.005	0	0	-0.5	0.005	0	0
711	-0.5	0.0065	-1e-05	0	-0.5	0.0065	-1e-05	0
712	-0.5	0.0065	0	0	-0.5	0.0065	0	0
713	-0.5	0.007	-2e-05	0	-0.5	0.007	-2e-05	0
714	-0.5	0.0075	-2e-05	0	-0.5	0.0075	-2e-05	0
715	-0.5	0.0075	-1e-05	0	-0.5	0.0075	-1e-05	0
716	-0.5	0.0085	-1e-05	0	-0.5	0.0085	-1e-05	0
717	-0.5	0.0095	-2e-05	0	-0.5	0.0095	-2e-05	0
718	-0.5	0.0095	-1e-05	0	-0.5	0.0095	-1e-05	0
719	-0.5	0.01	-1e-05	0	-0.5	0.01	-1e-05	0
720	-0.5	0.011	-3e-05	0	-0.5	0.011	-3e-05	0
721	-0.5	0.013	-2e-05	0	-0.5	0.013	-2e-05	0
722	-0.5	0.013	-1e-05	0	-0.5	0.013	-1e-05	0
723	-0.5	0.0145	-2e-05	0	-0.5	0.0145	-2e-05	0
724	-0.5	0.0195	-4e-05	0	-0.5	0.0195	-4e-05	0
725	-0.25	-0.0195	3e-05	0	-0.25	-0.0195	3e-05	0
726	-0.25	-0.0155	2e-05	0	-0.25	-0.0155	2e-05	0
727	-0.25	-0.014	1e-05	0	-0.25	-0.014	1e-05	0
728	-0.25	-0.009	1e-05	0	-0.25	-0.009	1e-05	0
729	-0.25	-0.0085	1e-05	0	-0.25	-0.0085	1e-05	0
730	-0.25	-0.0075	1e-05	0	-0.25	-0.0075	1e-05	0
731	-0.25	-0.006	1e-05	0	-0.25	-0.006	1e-05	0
732	-0.25	-0.005	0	0	-0.25	-0.005	0	0
733	-0.25	-0.005	1e-05	0	-0.25	-0.005	1e-05	0
734	-0.25	-0.004	0	0	-0.25	-0.004	0	0
735	-0.25	-0.0035	1e-05	0	-0.25	-0.0035	1e-05	0
736	-0.25	-0.0025	0	0	-0.25	-0.0025	0	0
737	-0.25	-0.002	0	0	-0.25	-0.002	0	0
738	-0.25	-0.0015	0	0	-0.25	-0.0015	0	0
739	-0.25	0	0	0	-0.25	0	0	0
740	-0.25	0.0005	0	0	-0.25	0.0005	0	0
741	-0.25	0.001	0	0	-0.25	0.001	0	0
742	-0.25	0.0015	-1e-05	0	-0.25	0.0015	-1e-05	0
743	-0.25	0.0015	0	0	-0.25	0.0015	0	0
744	-0.25	0.002	0	0	-0.25	0.002	0	0
745	-0.25	0.003	0	0	-0.25	0.003	0	0
746	-0.25	0.0035	-1e-05	0	-0.25	0.0035	-1e-05	0
747	-0.25	0.004	-2e-05	0	-0.25	0.004	-2e-05	0
748	-0.25	0.004	-1e-05	0	-0.25	0.004	-1e-05	0
749	-0.25	0.004	0	0	-0.25	0.004	0	0
750	-0.25	0.005	-1e-05	0	-0.25	0.005	-1e-05	0
751	-0.25	0.005	0	0	-0.25	0.005	0	0
752	-0.25	0.006	-1e-05	0	-0.25	0.006	-1e-05	0
753	-0.25	0.006	0	0	-0.25	0.006	0	0
754	-0.25	0.0065	-1e-05	0	-0.25	0.0065	-1e-05	0
755	-0.25	0.007	-1e-05	0	-0.25	0.007	-1e-05	0
756	-0.25	0.0085	-1e-05	0	-0.25	0.0085	-1e-05	0
757	-0.25	0.0095	-2e-05	0	-0.25	0.0095	-2e-05	0
758	-0.25	0.0095	-1e-05	0	-0.25	0.0095	-1e-05	0
759	-0.25	0.0105	-1e-05	0	-0.25	0.0105	-1e-05	0
760	-0.25	0.0115	-2e-05	0	-0.25	0.0115	-2e-05	0
761	-0.25	0.0115	-1e-05	0	-0.25	0.0115	-1e-05	0
762	-0.25	0.0125	-1e-05	0	-0.25	0.0125	-1e-05	0
763	-0.25	0.014	-2e-05	0	-0.25	0.014	-2e-05	0
764	-0.25	0.016	-3e-05	0	-0.25	0.016	-3e-05	0
765	0	-0.0205	2e-05	0	0	-0.0205	2e-05	0
766	0	-0.0155	2e-05	0	0	-0.0155	2e-05	0
767	0	-0.013	1e-05	0	0	-0.013	1e-05	0
768	0	-0.013	2e-05	0	0	-0.013	2e-05	0
769	0	-0.01	1e-05	0	0	-0.01	1e-05	0
770	0	-0.01	2e-05	0	0	-0.01	2e-05	0
771	0	-0.0085	1e-05	0	0	-0.0085	1e-05	0
772	0	-0.0075	1e-05	0	0	-0.0075	1e-05	0
773	0	-0.007	1e-05	0	0	-0.007	1e-05	0
774	0	-0.006	1e-05	0	0	-0.006	1e-05	0
775	0	-0.004	0	0	0	-0.004	0	0
776	0	-0.0035	0	0	0	-0.0035	0	0
777	0	-0.003	1e-05	0	0	-0.003	1e-05	0
778	0	-0.0025	0	0	0	-0.0025	0	0
779	0	-0.002	1e-05	0	0	-0.002	1e-05	0
780	0	-0.001	0	0	0	-0.001	0	0
781	0	-0.001	1e-05	0	0	-0.001	1e-05	0
782	0	-0.0005	0	0	0	-0.0005	0	0
783	0	0	-1e-05	0	0	0	-1e-05	0
784	0	0	0	0	0	0	0	0
785	0	0.0005	0	0	0	0.0005	0	0
786	0	0.001	0	0	0	0.001	0	0
787	0	0.0015	0	0	0	0.0015	0	0
788	0	0.002	-1e-05	0	0	0.002	-1e-05	0
789	0	0.002	0	0	0	0.002	0	0
790	0	0.0025	-1e-05	0	0	0.0025	-1e-05	0
791	0	0.0025	0	0	0	0.0025	0	0
792	0	0.003	0	0	0	0.003	0	0
793	0	0.0035	0	0	0	0.0035	0	0
794	0	0.004	-1e-05	0	0	0.004	-1e-05	0
795	0	0.004	0	0	0	0.004	0	0
796	0	0.0045	0	0	0	0.0045	0	0
797	0	0.005	-1e-05	0	0	0.005	-1e-05	0
798	0	0.0055	-1e-05	0	0	0.0055	-1e-05	0
799	0	0.007	-1e-05	0	0	0.007	-1e-05	0
800	0	0.008	-1e-05	0	0	0.008	-1e-05	0
801	0	0.0105	-1e-05	0	0	0.0105	-1e-05	0
802	0.25	-0.0215	3e-05	0	0.25	-0.0215	3e-05	0
803	0.25	-0.0155	2e-05	0	0.25	-0.0155	2e-05	0
804	0.25	-0.012	2e-05	0	0.25	-0.012	2e-05	0
805	0.25	-0.0115	2e-05	0	0.25	-0.0115	2e-05	0
806	0.25	-0.0085	1e-05	0	0.25	-0.0085	1e-05	0
807	0.25	-0.008	1e-05	0	0.25	-0.008	1e-05	0
808	0.25	-0.007	1e-05	0	0.25	-0.007	1e-05	0
809	0.25	-0.006	1e-05	0	0.25	-0.006	1e-05	0
810	0.25	-0.0055	0	0	0.25	-0.0055	0	0
811	0.25	-0.005	0	0	0.25	-0.005	0	0
812	0.25	-0.005	1e-05	0	0.25	-0.005	1e-05	0
813	0.25	-0.004	0	0	0.25	-0.004	0	0
814	0.25	-0.004	1e-05	0	0.25	-0.004	1e-05	0
815	0.25	-0.0035	1e-05	0	0.25	-0.0035	1e-05	0
816	0.25	-0.003	0	0	0.25	-0.003	0	0
817	0.25	-0.0025	0	0	0.25	-0.0025	0	0
818	0.25	-0.002	0	0	0.25	-0.002	0	0
819	0.25	-0.0015	0	0	0.25	-0.0015	0	0
820	0.25	-0.001	0	0	0.25	-0.001	0	0
821	0.25	-0.001	1e-05	0	0.25	-0.001	1e-05	0
822	0.25	-0.0005	-1e-05	0	0.25	-0.0005	-1e-05	0
823	0.25	-0.0005	0	0	0.25	-0.0005	0	0
824	0.25	0.0005	0	0	0.25	0.0005	0	0
825	0.25	0.0015	0	0	0.25	0.0015	0	0
826	0.25	0.002	0	0	0.25	0.002	0	0
827	0.25	0.0025	0	0	0.25	0.0025	0	0
828	0.25	0.003	-1e-05	0	0.25	0.003	-1e-05	0
829	0.25	0.004	-2e-05	0	0.25	0.004	-2e-05	0
830	0.25	0.005	0	0	0.25	0.005	0	0
831	0.25	0.0055	-1e-05	0	0.25	0.0055	-1e-05	0
832	0.25	0.0055	0	0	0.25	0.0055	0	0
833	0.25	0.007	-2e-05	0	0.25	0.007	-2e-05	0
834	0.25	0.007	-1e-05	0	0.25	0.007	-1e-05	0
835	0.25	0.0075	-1e-05	0	0.25	0.0075	-1e-05	0
836	0.25	0.008	-2e-05	0	0.25	0.008	-2e-05	0
837	0.25	0.0085	-2e-05	0	0.25	0.0085	-2e-05	0
838	0.25	0.009	-1e-05	0	0.25	0.009	-1e-05	0
839	0.25	0.009	0	0	0.25	0.009	0	0
840	0.25	0.012	-2e-05	0	0.25	0.012	-2e-05	0
841	0.5	-0.0275	3e-05	0	0.5	-0.0275	3e-05	0
842	0.5	-0.019	2e-05	0	0.5	-0.019	2e-05	0
843	0.5	-0.0185	2e-05	0	0.5	-0.0185	2e-05	0
844	0.5	-0.018	3e-05	0	0.5	-0.018	3e-05	0
845	0.5	-0.016	2e-05	0	0.5	-0.016	2e-05	0
846	0.5	-0.0155	2e-05	0	0.5	-0.0155	2e-05	0
847	0.5	-0.014	2e-05	0	0.5	-0.014	2e-05	0
848	0.5	-0.011	1e-05	0	0.5	-0.011	1e-05	0
849	0.5	-0.0095	1e-05	0	0.5	-0.0095	1e-05	0
850	0.5	-0.0095	2e-05	0	0.5	-0.0095	2e-05	0
851	0.5	-0.0085	1e-05	0	0.5	-0.0085	1e-05	0
852	0.5	-0.0075	0	0	0.5	-0.0075	0	0
853	0.5	-0.0075	1e-05	0	0.5	-0.0075	1e-05	0
854	0.5	-0.007	1e-05	0	0.5	-0.007	1e-05	0
855	0.5	-0.0065	1e-05	0	0.5	-0.0065	1e-05	0
856	0.5	-0.0055	0	0	0.5	-0.0055	0	0
857	0.5	-0.005	0	0	0.5	-0.005	0	0
858	0.5	-0.005	1e-05	0	0.5	-0.005	1e-05	0
859	0.5	-0.0045	1e-05	0	0.5	-0.0045	1e-05	0
860	0.5	-0.004	0	0	0.5	-0.004	0	0
861	0.5	-0.0035	1e-05	0	0.5	-0.0035	1e-05	0
862	0.5	-0.003	0	0	0.5	-0.003	0	0
863	0.5	-0.0025	0	0	0.5	-0.0025	0	0
864	0.5	-0.002	0	0	0.5	-0.002	0	0
865	0.5	-0.002	1e-05	0	0.5	-0.002	1e-05	0
866	0.5	-0.001	0	0	0.5	-0.001	0	0
867	0.5	-0.0005	0	0	0.5	-0.0005	0	0
868	0.5	0.001	0	0	0.5	0.001	0	0
869	0.5	0.002	0	0	0.5	0.002	0	0
870	0.5	0.005	-1e-05	0	0.5	0.005	-1e-05	0
871	0.5	0.0065	-1e-05	0	0.5	0.0065	-1e-05	0
872	0.5	0.0075	-2e-05	0	0.5	0.0075	-2e-05	0
873	0.5	0.0075	-1e-05	0	0.5	0.0075	-1e-05	0
874	0.5	0.008	-1e-05	0	0.5	0.008	-1e-05	0
875	0.5	0.01	-2e-05	0	0.5	0.01	-2e-05	0
876	0.75	-0.0195	2e-05	0	0.75	-0.0195	2e-05	0
877	0.75	-0.0185	2e-05	0	0.75	-0.0185	2e-05	0
878	0.75	-0.017	2e-05	0	0.75	-0.017	2e-05	0
879	0.75	-0.016	2e-05	0	0.75	-0.016	2e-05	0
880	0.75	-0.0145	1e-05	0	0.75	-0.0145	1e-05	0
881	0.75	-0.0145	2e-05	0	0.75	-0.0145	2e-05	0
882	0.75	-0.0125	1e-05	0	0.75	-0.0125	1e-05	0
883	0.75	-0.012	1e-05	0	0.75	-0.012	1e-05	0
884	0.75	-0.0115	1e-05	0	0.75	-0.0115	1e-05	0
885	0.75	-0.011	2e-05	0	0.75	-0.011	2e-05	0
886	0.75	-0.0105	1e-05	0	0.75	-0.0105	1e-05	0
887	0.75	-0.01	1e-05	0	0.75	-0.01	1e-05	0
888	0.75	-0.01	2e-05	0	0.75	-0.01	2e-05	0
889	0.75	-0.0095	2e-05	0	0.75	-0.0095	2e-05	0
890	0.75	-0.009	1e-05	0	0.75	-0.009	1e-05	0
891	0.75	-0.0085	1e-05	0	0.75	-0.0085	1e-05	0
892	0.75	-0.008	1e-05	0	0.75	-0.008	1e-05	0
893	0.75	-0.008	2e-05	0	0.75	-0.008	2e-05	0
894	0.75	-0.0065	1e-05	0	0.75	-0.0065	1e-05	0
895	0.75	-0.006	0	0	0.75	-0.006	0	0
896	0.75	-0.006	1e-05	0	0.75	-0.006	1e-05	0
897	0.75	-0.005	0	0	0.75	-0.005	0	0
898	0.75	-0.005	1e-05	0	0.75	-0.005	1e-05	0
899	0.75	-0.0045	1e-05	0	0.75	-0.0045	1e-05	0
900	0.75	-0.004	1e-05	0	0.75	-0.004	1e-05	0
901	0.75	-0.0035	0	0	0.75	-0.0035	0	0
902	0.75	-0.002	0	0	0.75	-0.002	0	0
903	0.75	-0.0015	0	0	0.75	-0.0015	0	0
904	0.75	-0.001	0	0	0.75	-0.001	0	0
905	0.75	-0.0005	-1e-05	0	0.75	-0.0005	-1e-05	0
906	0.75	0	-1e-05	0	0.75	0	-1e-05	0
907	0.75	0	0	0	0.75	0	0	0
908	0.75	0.0005	-1e-05	0	0.75	0.0005	-1e-05	0
909	0.75	0.0005	0	0	0.75	0.0005	0	0
910	0.75	0.0005	1e-05	0	0.75	0.0005	1e-05	0
911	0.75	0.001	0	0	0.75	0.001	0	0
912	0.75	0.0015	-1e-05	0	0.75	0.0015	-1e-05	0
913	0.75	0.0015	0	0	0.75	0.0015	0	0
914	0.75	0.005	-1e-05	0	0.75	0.005	-1e-05	0
915	0.75	0.0055	-1e-05	0	0.75	0.0055	-1e-05	0
916	1	-0.0225	3e-05	0	1	-0.0225	3e-05	0
917	1	-0.021	3e-05	0	1	-0.021	3e-05	0
918	1	-0.0185	2e-05	0	1	-0.0185	2e-05	0
919	1	-0.018	3e-05	0	1	-0.018	3e-05	0
920	1	-0.017	2e-05	0	1	-0.017	2e-05	0
921	1	-0.016	2e-05	0	1	-0.016	2e-05	0
922	1	-0.015	2e-05	0	1	-0.015	2e-05	0
923	1	-0.0145	1e-05	0	1	-0.0145	1e-05	0
924	1	-0.0145	2e-05	0	1	-0.0145	2e-05	0
925	1	-0.0135	1e-05	0	1	-0.0135	1e-05	0
926	1	-0.0115	1e-05	0	1	-0.0115	1e-05	0
927	1	-0.011	2e-05	0	1	-0.011	2e-05	0
928	1	-0.0105	1e-05	0	1	-0.0105	1e-05	0
929	1	-0.0105	2e-05	0	1	-0.0105	2e-05	0
930	1	-0.01	1e-05	0	1	-0.01	1e-05	0
931	1	-0.0095	0	0	1	-0.0095	0	0
932	1	-0.0095	1e-05	0	1	-0.0095	1e-05	0
933	1	-0.009	1e-05	0	1	-0.009	1e-05	0
934	1	-0.0085	1e-05	0	1	-0.0085	1e-05	0
935	1	-0.008	1e-05	0	1	-0.008	1e-05	0
936	1	-0.0075	1e-05	0	1	-0.0075	1e-05	0
937	1	-0.007	1e-05	0	1	-0.007	1e-05	0
938	1	-0.0065	0	0	1	-0.0065	0	0
939	1	-0.006	0	0	1	-0.006	0	0
940	1	-0.0055	-1e-05	0	1	-0.0055	-1e-05	0
941	1	-0.0055	1e-05	0	1	-0.0055	1e-05	0
942	1	-0.0045	0	0	1	-0.0045	0	0
943	1	-0.004	0	0	1	-0.004	0	0
944	1	-0.0035	0	0	1	-0.0035	0	0
945	1	-0.002	0	0	1	-0.002	0	0
946	1	-0.0005	0	0	1	-0.0005	0	0
947	1	0	-1e-05	0	1	0	-1e-05	0
948	1	0.001	0	0	1	0.001	0	0
949	1	0.0015	-1e-05	0	1	0.0015	-1e-05	0
950	1	0.002	0	0	1	0.002	0	0
951	1	0.0045	-1e-05	0	1	0.0045	-1e-05	0
952	1.25	-0.026	2e-05	0	1.25	-0.026	2e-05	0
953	1.25	-0.0205	3e-05	0	1.25	-0.0205	3e-05	0
954	1.25	-0.02	2e-05	0	1.25	-0.02	2e-05	0
955	1.25	-0.019	2e-05	0	1.25	-0.019	2e-05	0
956	1.25	-0.0185	1e-05	0	1.25	-0.0185	1e-05	0
957	1.25	-0.0175	1e-05	0	1.25	-0.0175	1e-05	0
958	1.25	-0.0165	1e-05	0	1.25	-0.0165	1e-05	0
959	1.25	-0.0155	2e-05	0	1.25	-0.0155	2e-05	0
960	1.25	-0.015	1e-05	0	1.25	-0.015	1e-05	0
961	1.25	-0.014	2e-05	0	1.25	-0.014	2e-05	0
962	1.25	-0.0125	2e-05	0	1.25	-0.0125	2e-05	0
963	1.25	-0.012	1e-05	0	1.25	-0.012	1e-05	0
964	1.25	-0.012	2e-05	0	1.25	-0.012	2e-05	0
965	1.25	-0.0115	1e-05	0	1.25	-0.0115	1e-05	0
966	1.25	-0.011	1e-05	0	1.25	-0.011	1e-05	0
967	1.25	-0.0105	1e-05	0	1.25	-0.0105	1e-05	0
968	1.25	-0.01	1e-05	0	1.25	-0.01	1e-05	0
969	1.25	-0.009	1e-05	0	1.25	-0.009	1e-05	0
970	1.25	-0.008	0	0	1.25	-0.008	0	0
971	1.25	-0.008	1e-05	0	1.25	-0.008	1e-05	0
972	1.25	-0.0075	0	0	1.25	-0.0075	0	0
973	1.25	-0.0075	1e-05	0	1.25	-0.0075	1e-05	0
974	1.25	-0.006	-1e-05	0	1.25	-0.006	-1e-05	0
975	1.25	-0.004	0	0	1.25	-0.004	0	0
976	1.25	-0.0035	-1e-05	0	1.25	-0.0035	-1e-05	0
977	1.25	-0.0035	0	0	1.25	-0.0035	0	0
978	1.25	-0.0025	0	0	1.25	-0.0025	0	0
979	1.25	-0.002	0	0	1.25	-0.002	0	0
980	1.25	-0.0015	0	0	1.25	-0.0015	0	0
981	1.25	0	-2e-05	0	1.25	0	-2e-05	0
982	1.25	0.0005	0	0	1.25	0.0005	0	0
983	1.25	0.0025	-2e-05	0	1.25	0.0025	-2e-05	0
984	1.5	-0.031	3e-05	0	1.5	-0.031	3e-05	0
985	1.5	-0.0305	3e-05	0	1.5	-0.0305	3e-05	0
986	1.5	-0.021	2e-05	0	1.5	-0.021	2e-05	0
987	1.5	-0.0205	2e-05	0	1.5	-0.0205	2e-05	0
988	1.5	-0.02	2e-05	0	1.5	-0.02	2e-05	0
989	1.5	-0.0195	2e-05	0	1.5	-0.0195	2e-05	0
990	1.5	-0.0195	3e-05	0	1.5	-0.0195	3e-05	0
991	1.5	-0.018	2e-05	0	1.5	-0.018	2e-05	0
992	1.5	-0.0175	2e-05	0	1.5	-0.0175	2e-05	0
993	1.5	-0.015	1e-05	0	1.5	-0.015	1e-05	0
994	1.5	-0.015	2e-05	0	1.5	-0.015	2e-05	0
995	1.5	-0.0145	2e-05	0	1.5	-0.0145	2e-05	0
996	1.5	-0.014	1e-05	0	1.5	-0.014	1e-05	0
997	1.5	-0.014	2e-05	0	1.5	-0.014	2e-05	0
998	1.5	-0.013	1e-05	0	1.5	-0.013	1e-05	0
999	1.5	-0.0125	0	0	1.5	-0.0125	0	0
1000	1.5	-0.0125	1e-05	0	1.5	-0.0125	1e-05	0
1001	1.5	-0.012	1e-05	0	1.5	-0.012	1e-05	0
1002	1.5	-0.011	1e-05	0	1.5	-0.011	1e-05	0
1003	1.5	-0.01	1e-05	0	1.5	-0.01	1e-05	0
1004	1.5	-0.0095	1e-05	0	1.5	-0.0095	1e-05	0
1005	1.5	-0.0085	1e-05	0	1.5	-0.0085	1e-05	0
1006	1.5	-0.008	0	0	1.5	-0.008	0	0
1007	1.5	-0.0075	1e-05	0	1.5	-0.0075	1e-05	0
1008	1.5	-0.0065	1e-05	0	1.5	-0.0065	1e-05	0
1009	1.5	-0.006	0	0	1.5	-0.006	0	0
1010	1.5	-0.0055	0	0	1.5	-0.0055	0	0
1011	1.5	-0.0055	1e-05	0	1.5	-0.0055	1e-05	0
1012	1.5	-0.005	0	0	1.5	-0.005	0	0
1013	1.5	-0.0035	0	0	1.5	-0.0035	0	0
1014	1.5	-0.0025	0	0	1.5	-0.0025	0	0
1015	1.5	-0.0015	0	0	1.5	-0.0015	0	0
1016	1.75	-0.0325	4e-05	0	1.75	-0.0325	4e-05	0
1017	1.75	-0.026	3e-05	0	1.75	-0.026	3e-05	0
1018	1.75	-0.025	3e-05	0	1.75	-0.025	3e-05	0
1019	1.75	-0.023	2e-05	0	1.75	-0.023	2e-05	0
1020	1.75	-0.02	1e-05	0	1.75	-0.02	1e-05	0
1021	1.75	-0.02	2e-05	0	1.75	-0.02	2e-05	0
1022	1.75	-0.0195	3e-05	0	1.75	-0.0195	3e-05	0
1023	1.75	-0.019	2e-05	0	1.75	-0.019	2e-05	0
1024	1.75	-0.019	3e-05	0	1.75	-0.019	3e-05	0
1025	1.75	-0.0185	1e-05	0	1.75	-0.0185	1e-05	0
1026	1.75	-0.018	2e-05	0	1.75	-0.018	2e-05	0
1027	1.75	-0.017	1e-05	0	1.75	-0.017	1e-05	0
1028	1.75	-0.017	2e-05	0	1.75	-0.017	2e-05	0
1029	1.75	-0.016	1e-05	0	1.75	-0.016	1e-05	0
1030	1.75	-0.0155	1e-05	0	1.75	-0.0155	1e-05	0
1031	1.75	-0.015	2e-05	0	1.75	-0.015	2e-05	0
1032	1.75	-0.0145	1e-05	0	1.75	-0.0145	1e-05	0
1033	1.75	-0.014	2e-05	0	1.75	-0.014	2e-05	0
1034	1.75	-0.013	1e-05	0	1.75	-0.013	1e-05	0
1035	1.75	-0.013	2e-05	0	1.75	-0.013	2e-05	0
1036	1.75	-0.0125	2e-05	0	1.75	-0.0125	2e-05	0
1037	1.75	-0.0115	1e-05	0	1.75	-0.0115	1e-05	0
1038	1.75	-0.011	0	0	1.75	-0.011	0	0
1039	1.75	-0.011	1e-05	0	1.75	-0.011	1e-05	0
1040	1.75	-0.01	1e-05	0	1.75	-0.01	1e-05	0
1041	1.75	-0.0095	1e-05	0	1.75	-0.0095	1e-05	0
1042	1.75	-0.009	1e-05	0	1.75	-0.009	1e-05	0
1043	1.75	-0.0085	1e-05	0	1.75	-0.0085	1e-05	0
1044	1.75	-0.008	1e-05	0	1.75	-0.008	1e-05	0
1045	1.75	-0.007	0	0	1.75	-0.007	0	0
1046	1.75	-0.0065	0	0	1.75	-0.0065	0	0
1047	1.75	-0.0055	0	0	1.75	-0.0055	0	0
1048	2	-0.0245	3e-05	0	2	-0.0245	3e-05	0
1049	2	-0.024	2e-05	0	2	-0.024	2e-05	0
1050	2	-0.0235	3e-05	0	2	-0.0235	3e-05	0
1051	2	-0.0225	2e-05	0	2	-0.0225	2e-05	0
1052	2	-0.0205	3e-05	0	2	-0.0205	3e-05	0
1053	2	-0.02	3e-05	0	2	-0.02	3e-05	0
1054	2	-0.0195	2e-05	0	2	-0.0195	2e-05	0
1055	2	-0.0195	3e-05	0	2	-0.0195	3e-05	0
1056	2	-0.0165	2e-05	0	2	-0.0165	2e-05	0
1057	2	-0.016	2e-05	0	2	-0.016	2e-05	0
1058	2	-0.015	2e-05	0	2	-0.015	2e-05	0
1059	2	-0.0145	1e-05	0	2	-0.0145	1e-05	0
1060	2	-0.0145	2e-05	0	2	-0.0145	2e-05	0
1061	2	-0.0135	1e-05	0	2	-0.0135	1e-05	0
1062	2	-0.0135	2e-05	0	2	-0.0135	2e-05	0
1063	2	-0.0125	1e-05	0	2	-0.0125	1e-05	0
1064	2	-0.0125	2e-05	0	2	-0.0125	2e-05	0
1065	2	-0.0115	0	0	2	-0.0115	0	0
1066	2	-0.0115	1e-05	0	2	-0.0115	1e-05	0
1067	2	-0.011	1e-05	0	2	-0.011	1e-05	0
1068	2	-0.0105	0	0	2	-0.0105	0	0
1069	2	-0.01	0	0	2	-0.01	0	0
1070	2	-0.01	1e-05	0	2	-0.01	1e-05	0
1071	-12.5	0.0835	-9e-05	0	-12.5	0.0835	-9e-05	0
1072	-11.25	0.0575	-5e-05	0	-11.25	0.0575	-5e-05	0
1073	-10.25	0.0665	-7e-05	0	-10.25	0.0665	-7e-05	0
1074	-10.25	0.069	-7e-05	0	-10.25	0.069	-7e-05	0
1075	-9.75	0.046	-5e-05	0	-9.75	0.046	-5e-05	0
1076	-9.75	0.05	-5e-05	0	-9.75	0.05	-5e-05	0
1077	-9.5	0.0505	-5e-05	0	-9.5	0.0505	-5e-05	0
1078	-9.25	0.0455	-4e-05	0	-9.25	0.0455	-4e-05	0
1079	-9.25	0.0545	-6e-05	0	-9.25	0.0545	-6e-05	0
1080	-9.25	0.0555	-5e-05	0	-9.25	0.0555	-5e-05	0
1081	-8.75	0.0565	-5e-05	0	-8.75	0.0565	-5e-05	0
1082	-8.5	0.043	-5e-05	0	-8.5	0.043	-5e-05	0
1083	-8.25	0.0355	-3e-05	0	-8.25	0.0355	-3e-05	0
1084	-8.25	0.0425	-4e-05	0	-8.25	0.0425	-4e-05	0
1085	-8.25	0.0565	-5e-05	0	-8.25	0.0565	-5e-05	0
1086	-8.25	0.0595	-6e-05	0	-8.25	0.0595	-6e-05	0
1087	-8.25	0.0645	-7e-05	0	-8.25	0.0645	-7e-05	0
1088	-8	0.024	-1e-05	0	-8	0.024	-1e-05	0
1089	-8	0.0305	-2e-05	0	-8	0.0305	-2e-05	0
1090	-8	0.048	-4e-05	0	-8	0.048	-4e-05	0
1091	-7.75	0.0265	-2e-05	0	-7.75	0.0265	-2e-05	0
1092	-7.75	0.0395	-4e-05	0	-7.75	0.0395	-4e-05	0
1093	-7.75	0.0415	-4e-05	0	-7.75	0.0415	-4e-05	0
1094	-7.75	0.044	-4e-05	0	-7.75	0.044	-4e-05	0
1095	-7.75	0.0445	-4e-05	0	-7.75	0.0445	-4e-05	0
1096	-7.5	0.022	-2e-05	0	-7.5	0.022	-2e-05	0
1097	-7.5	0.027	-2e-05	0	-7.5	0.027	-2e-05	0
1098	-7.5	0.031	-3e-05	0	-7.5	0.031	-3e-05	0
1099	-7.5	0.0335	-3e-05	0	-7.5	0.0335	-3e-05	0
1100	-7.5	0.053	-5e-05	0	-7.5	0.053	-5e-05	0
1101	-7.5	0.0555	-5e-05	0	-7.5	0.0555	-5e-05	0
1102	-7.5	0.0595	-7e-05	0	-7.5	0.0595	-7e-05	0
1103	-7.25	0.027	-2e-05	0	-7.25	0.027	-2e-05	0
1104	-7.25	0.0295	-2e-05	0	-7.25	0.0295	-2e-05	0
1105	-7.25	0.032	-2e-05	0	-7.25	0.032	-2e-05	0
1106	-7.25	0.0415	-4e-05	0	-7.25	0.0415	-4e-05	0
1107	-7.25	0.042	-4e-05	0	-7.25	0.042	-4e-05	0
1108	-7.25	0.043	-5e-05	0	-7.25	0.043	-5e-05	0
1109	-7.25	0.0505	-6e-05	0	-7.25	0.0505	-6e-05	0
1110	-7	0.034	-4e-05	0	-7	0.034	-4e-05	0
1111	-7	0.047	-4e-05	0	-7	0.047	-4e-05	0
1112	-7	0.048	-4e-05	0	-7	0.048	-4e-05	0
1113	-7	0.0605	-7e-05	0	-7	0.0605	-7e-05	0
1114	-6.75	0.02	-2e-05	0	-6.75	0.02	-2e-05	0
1115	-6.75	0.0245	-2e-05	0	-6.75	0.0245	-2e-05	0
1116	-6.75	0.0355	-3e-05	0	-6.75	0.0355	-3e-05	0
1117	-6.75	0.037	-4e-05	0	-6.75	0.037	-4e-05	0
1118	-6.75	0.045	-4e-05	0	-6.75	0.045	-4e-05	0
1119	-6.75	0.051	-5e-05	0	-6.75	0.051	-5e-05	0
1120	-6.75	0.0515	-5e-05	0	-6.75	0.0515	-5e-05	0
1121	-6.75	0.0555	-6e-05	0	-6.75	0.0555	-6e-05	0
1122	-6.75	0.0615	-8e-05	0	-6.75	0.0615	-8e-05	0
1123	-6.5	0.0215	-2e-05	0	-6.5	0.0215	-2e-05	0
1124	-6.5	0.029	-3e-05	0	-6.5	0.029	-3e-05	0
1125	-6.5	0.032	-3e-05	0	-6.5	0.032	-3e-05	0
1126	-6.5	0.0365	-4e-05	0	-6.5	0.0365	-4e-05	0
1127	-6.5	0.0395	-4e-05	0	-6.5	0.0395	-4e-05	0
1128	-6.5	0.0435	-4e-05	0	-6.5	0.0435	-4e-05	0
1129	-6.5	0.0535	-5e-05	0	-6.5	0.0535	-5e-05	0
1130	-6.5	0.0555	-7e-05	0	-6.5	0.0555	-7e-05	0
1131	-6.25	0.022	-2e-05	0	-6.25	0.022	-2e-05	0
1132	-6.25	0.0225	-2e-05	0	-6.25	0.0225	-2e-05	0
1133	-6.25	0.0235	-2e-05	0	-6.25	0.0235	-2e-05	0
1134	-6.25	0.033	-4e-05	0	-6.25	0.033	-4e-05	0
1135	-6.25	0.037	-3e-05	0	-6.25	0.037	-3e-05	0
1136	-6.25	0.0395	-4e-05	0	-6.25	0.0395	-4e-05	0
1137	-6.25	0.0425	-4e-05	0	-6.25	0.0425	-4e-05	0
1138	-6.25	0.047	-4e-05	0	-6.25	0.047	-4e-05	0
1139	-6.25	0.051	-5e-05	0	-6.25	0.051	-5e-05	0
1140	-6.25	0.0535	-5e-05	0	-6.25	0.0535	-5e-05	0
1141	-6.25	0.0545	-6e-05	0	-6.25	0.0545	-6e-05	0
1142	-6	0.012	0	0	-6	0.012	0	0
1143	-6	0.0175	-1e-05	0	-6	0.0175	-1e-05	0
1144	-6	0.022	-1e-05	0	-6	0.022	-1e-05	0
1145	-6	0.0225	-1e-05	0	-6	0.0225	-1e-05	0
1146	-6	0.0255	-2e-05	0	-6	0.0255	-2e-05	0
1147	-6	0.0315	-3e-05	0	-6	0.0315	-3e-05	0
1148	-6	0.0335	-3e-05	0	-6	0.0335	-3e-05	0
1149	-6	0.0385	-5e-05	0	-6	0.0385	-5e-05	0
1150	-6	0.0395	-3e-05	0	-6	0.0395	-3e-05	0
1151	-6	0.0455	-4e-05	0	-6	0.0455	-4e-05	0
1152	-6	0.0505	-6e-05	0	-6	0.0505	-6e-05	0
1153	-5.75	0.016	-1e-05	0	-5.75	0.016	-1e-05	0
1154	-5.75	0.0175	-2e-05	0	-5.75	0.0175	-2e-05	0
1155	-5.75	0.018	-1e-05	0	-5.75	0.018	-1e-05	0
1156	-5.75	0.0245	-2e-05	0	-5.75	0.0245	-2e-05	0
1157	-5.75	0.0275	-3e-05	0	-5.75	0.0275	-3e-05	0
1158	-5.75	0.0275	-2e-05	0	-5.75	0.0275	-2e-05	0
1159	-5.75	0.029	-2e-05	0	-5.75	0.029	-2e-05	0
1160	-5.75	0.032	-3e-05	0	-5.75	0.032	-3e-05	0
1161	-5.75	0.0325	-3e-05	0	-5.75	0.0325	-3e-05	0
1162	-5.75	0.036	-3e-05	0	-5.75	0.036	-3e-05	0
1163	-5.75	0.038	-4e-05	0	-5.75	0.038	-4e-05	0
1164	-5.75	0.0415	-4e-05	0	-5.75	0.0415	-4e-05	0
1165	-5.75	0.0515	-5e-05	0	-5.75	0.0515	-5e-05	0
1166	-5.5	0.0135	-1e-05	0	-5.5	0.0135	-1e-05	0
1167	-5.5	0.014	-1e-05	0	-5.5	0.014	-1e-05	0
1168	-5.5	0.015	-1e-05	0	-5.5	0.015	-1e-05	0
1169	-5.5	0.0245	-2e-05	0	-5.5	0.0245	-2e-05	0
1170	-5.5	0.0255	-2e-05	0	-5.5	0.0255	-2e-05	0
1171	-5.5	0.0265	-3e-05	0	-5.5	0.0265	-3e-05	0
1172	-5.5	0.028	-3e-05	0	-5.5	0.028	-3e-05	0
1173	-5.5	0.029	-3e-05	0	-5.5	0.029	-3e-05	0
1174	-5.5	0.0295	-3e-05	0	-5.5	0.0295	-3e-05	0
1175	-5.5	0.031	-3e-05	0	-5.5	0.031	-3e-05	0
1176	-5.5	0.0325	-3e-05	0	-5.5	0.0325	-3e-05	0
1177	-5.5	0.0345	-3e-05	0	-5.5	0.0345	-3e-05	0
1178	-5.5	0.0355	-4e-05	0	-5.5	0.0355	-4e-05	0
1179	-5.5	0.041	-5e-05	0	-5.5	0.041	-5e-05	0
1180	-5.5	0.041	-4e-05	0	-5.5	0.041	-4e-05	0
1181	-5.5	0.0415	-4e-05	0	-5.5	0.0415	-4e-05	0
1182	-5.5	0.0425	-5e-05	0	-5.5	0.0425	-5e-05	0
1183	-5.5	0.043	-4e-05	0	-5.5	0.043	-4e-05	0
1184	-5.5	0.045	-5e-05	0	-5.5	0.045	-5e-05	0
1185	-5.5	0.048	-6e-05	0	-5.5	0.048	-6e-05	0
1186	-5.5	0.048	-5e-05	0	-5.5	0.048	-5e-05	0
1187	-5.5	0.0515	-7e-05	0	-5.5	0.0515	-7e-05	0
1188	-5.5	0.0515	-6e-05	0	-5.5	0.0515	-6e-05	0
1189	-5.5	0.052	-7e-05	0	-5.5	0.052	-7e-05	0
1190	-5.25	0.022	-2e-05	0	-5.25	0.022	-2e-05	0
1191	-5.25	0.0235	-2e-05	0	-5.25	0.0235	-2e-05	0
1192	-5.25	0.0255	-2e-05	0	-5.25	0.0255	-2e-05	0
1193	-5.25	0.0265	-2e-05	0	-5.25	0.0265	-2e-05	0
1194	-5.25	0.029	-3e-05	0	-5.25	0.029	-3e-05	0
1195	-5.25	0.03	-4e-05	0	-5.25	0.03	-4e-05	0
1196	-5.25	0.0305	-4e-05	0	-5.25	0.0305	-4e-05	0
1197	-5.25	0.0325	-3e-05	0	-5.25	0.0325	-3e-05	0
1198	-5.25	0.0335	-3e-05	0	-5.25	0.0335	-3e-05	0
1199	-5.25	0.035	-3e-05	0	-5.25	0.035	-3e-05	0
1200	-5.25	0.038	-4e-05	0	-5.25	0.038	-4e-05	0
1201	-5.25	0.039	-4e-05	0	-5.25	0.039	-4e-05	0
1202	-5.25	0.043	-4e-05	0	-5.25	0.043	-4e-05	0
1203	-5.25	0.0435	-4e-05	0	-5.25	0.0435	-4e-05	0
1204	-5.25	0.046	-4e-05	0	-5.25	0.046	-4e-05	0
1205	-5.25	0.0475	-6e-05	0	-5.25	0.0475	-6e-05	0
1206	-5.25	0.049	-6e-05	0	-5.25	0.049	-6e-05	0
1207	-5	0.0135	-1e-05	0	-5	0.0135	-1e-05	0
1208	-5	0.0195	-2e-05	0	-5	0.0195	-2e-05	0
1209	-5	0.021	-2e-05	0	-5	0.021	-2e-05	0
1210	-5	0.0235	-2e-05	0	-5	0.0235	-2e-05	0
1211	-5	0.024	-2e-05	0	-5	0.024	-2e-05	0
1212	-5	0.0245	-3e-05	0	-5	0.0245	-3e-05	0
1213	-5	0.025	-2e-05	0	-5	0.025	-2e-05	0
1214	-5	0.026	-3e-05	0	-5	0.026	-3e-05	0
1215	-5	0.0265	-3e-05	0	-5	0.0265	-3e-05	0
1216	-5	0.0305	-3e-05	0	-5	0.0305	-3e-05	0
1217	-5	0.032	-3e-05	0	-5	0.032	-3e-05	0
1218	-5	0.033	-2e-05	0	-5	0.033	-2e-05	0
1219	-5	0.0355	-3e-05	0	-5	0.0355	-3e-05	0
1220	-5	0.0375	-6e-05	0	-5	0.0375	-6e-05	0
1221	-5	0.041	-4e-05	0	-5	0.041	-4e-05	0
1222	-5	0.043	-4e-05	0	-5	0.043	-4e-05	0
1223	-5	0.0435	-4e-05	0	-5	0.0435	-4e-05	0
1224	-5	0.0455	-5e-05	0	-5	0.0455	-5e-05	0
1225	-4.75	0.019	-1e-05	0	-4.75	0.019	-1e-05	0
1226	-4.75	0.0275	-2e-05	0	-4.75	0.0275	-2e-05	0
1227	-4.75	0.0285	-3e-05	0	-4.75	0.0285	-3e-05	0
1228	-4.75	0.0295	-3e-05	0	-4.75	0.0295	-3e-05	0
1229	-4.75	0.0315	-2e-05	0	-4.75	0.0315	-2e-05	0
1230	-4.75	0.032	-3e-05	0	-4.75	0.032	-3e-05	0
1231	-4.75	0.0385	-4e-05	0	-4.75	0.0385	-4e-05	0
1232	-4.75	0.04	-4e-05	0	-4.75	0.04	-4e-05	0
1233	-4.75	0.0405	-4e-05	0	-4.75	0.0405	-4e-05	0
1234	-4.75	0.041	-5e-05	0	-4.75	0.041	-5e-05	0
1235	-4.75	0.041	-4e-05	0	-4.75	0.041	-4e-05	0
1236	-4.75	0.042	-4e-05	0	-4.75	0.042	-4e-05	0
1237	-4.75	0.0425	-5e-05	0	-4.75	0.0425	-5e-05	0
1238	-4.75	0.043	-5e-05	0	-4.75	0.043	-5e-05	0
1239	-4.5	0.015	-1e-05	0	-4.5	0.015	-1e-05	0
1240	-4.5	0.018	-2e-05	0	-4.5	0.018	-2e-05	0
1241	-4.5	0.019	-2e-05	0	-4.5	0.019	-2e-05	0
1242	-4.5	0.02	-2e-05	0	-4.5	0.02	-2e-05	0
1243	-4.5	0.021	-2e-05	0	-4.5	0.021	-2e-05	0
1244	-4.5	0.0225	-2e-05	0	-4.5	0.0225	-2e-05	0
1245	-4.5	0.025	-2e-05	0	-4.5	0.025	-2e-05	0
1246	-4.5	0.0265	-3e-05	0	-4.5	0.0265	-3e-05	0
1247	-4.5	0.0275	-2e-05	0	-4.5	0.0275	-2e-05	0
1248	-4.5	0.028	-3e-05	0	-4.5	0.028	-3e-05	0
1249	-4.5	0.03	-2e-05	0	-4.5	0.03	-2e-05	0
1250	-4.5	0.032	-3e-05	0	-4.5	0.032	-3e-05	0
1251	-4.5	0.034	-4e-05	0	-4.5	0.034	-4e-05	0
1252	-4.5	0.0345	-4e-05	0	-4.5	0.0345	-4e-05	0
1253	-4.5	0.0385	-4e-05	0	-4.5	0.0385	-4e-05	0
1254	-4.5	0.0405	-4e-05	0	-4.5	0.0405	-4e-05	0
1255	-4.5	0.043	-6e-05	0	-4.5	0.043	-6e-05	0
1256	-4.5	0.043	-5e-05	0	-4.5	0.043	-5e-05	0
1257	-4.5	0.0435	-5e-05	0	-4.5	0.0435	-5e-05	0
1258	-4.5	0.045	-5e-05	0	-4.5	0.045	-5e-05	0
1259	-4.25	0.0155	-1e-05	0	-4.25	0.0155	-1e-05	0
1260	-4.25	0.016	-1e-05	0	-4.25	0.016	-1e-05	0
1261	-4.25	0.0165	-1e-05	0	-4.25	0.0165	-1e-05	0
1262	-4.25	0.021	-2e-05	0	-4.25	0.021	-2e-05	0
1263	-4.25	0.023	-3e-05	0	-4.25	0.023	-3e-05	0
1264	-4.25	0.023	-1e-05	0	-4.25	0.023	-1e-05	0
1265	-4.25	0.0235	-2e-05	0	-4.25	0.0235	-2e-05	0
1266	-4.25	0.025	-2e-05	0	-4.25	0.025	-2e-05	0
1267	-4.25	0.0255	-2e-05	0	-4.25	0.0255	-2e-05	0
1268	-4.25	0.0265	-2e-05	0	-4.25	0.0265	-2e-05	0
1269	-4.25	0.027	-3e-05	0	-4.25	0.027	-3e-05	0
1270	-4.25	0.032	-3e-05	0	-4.25	0.032	-3e-05	0
1271	-4.25	0.0325	-4e-05	0	-4.25	0.0325	-4e-05	0
1272	-4.25	0.0325	-3e-05	0	-4.25	0.0325	-3e-05	0
1273	-4.25	0.0335	-3e-05	0	-4.25	0.0335	-3e-05	0
1274	-4.25	0.034	-4e-05	0	-4.25	0.034	-4e-05	0
1275	-4.25	0.035	-3e-05	0	-4.25	0.035	-3e-05	0
1276	-4.25	0.036	-5e-05	0	-4.25	0.036	-5e-05	0
1277	-4.25	0.038	-4e-05	0	-4.25	0.038	-4e-05	0
1278	-4.25	0.039	-5e-05	0	-4.25	0.039	-5e-05	0
1279	-4.25	0.039	-4e-05	0	-4.25	0.039	-4e-05	0
1280	-4.25	0.04	-4e-05	0	-4.25	0.04	-4e-05	0
1281	-4.25	0.0405	-5e-05	0	-4.25	0.0405	-5e-05	0
1282	-4.25	0.041	-5e-05	0	-4.25	0.041	-5e-05	0
1283	-4.25	0.041	-4e-05	0	-4.25	0.041	-4e-05	0
1284	-4	0.007	0	0	-4	0.007	0	0
1285	-4	0.0135	-1e-05	0	-4	0.0135	-1e-05	0
1286	-4	0.0155	-2e-05	0	-4	0.0155	-2e-05	0
1287	-4	0.016	-2e-05	0	-4	0.016	-2e-05	0
1288	-4	0.016	0	0	-4	0.016	0	0
1289	-4	0.0195	-2e-05	0	-4	0.0195	-2e-05	0
1290	-4	0.02	-2e-05	0	-4	0.02	-2e-05	0
1291	-4	0.021	-2e-05	0	-4	0.021	-2e-05	0
1292	-4	0.0215	-3e-05	0	-4	0.0215	-3e-05	0
1293	-4	0.0215	-2e-05	0	-4	0.0215	-2e-05	0
1294	-4	0.023	-2e-05	0	-4	0.023	-2e-05	0
1295	-4	0.0235	-1e-05	0	-4	0.0235	-1e-05	0
1296	-4	0.025	-2e-05	0	-4	0.025	-2e-05	0
1297	-4	0.0265	-3e-05	0	-4	0.0265	-3e-05	0
1298	-4	0.0285	-3e-05	0	-4	0.0285	-3e-05	0
1299	-4	0.029	-3e-05	0	-4	0.029	-3e-05	0
1300	-4	0.029	-2e-05	0	-4	0.029	-2e-05	0
1301	-4	0.04	-4e-05	0	-4	0.04	-4e-05	0
1302	-4	0.0405	-4e-05	0	-4	0.0405	-4e-05	0
1303	-4	0.0435	-5e-05	0	-4	0.0435	-5e-05	0
1304	-3.75	-0.002	1e-05	0	-3.75	-0.002	1e-05	0
1305	-3.75	0.005	0	0	-3.75	0.005	0	0
1306	-3.75	0.0125	-1e-05	0	-3.75	0.0125	-1e-05	0
1307	-3.75	0.018	-1e-05	0	-3.75	0.018	-1e-05	0
1308	-3.75	0.019	-1e-05	0	-3.75	0.019	-1e-05	0
1309	-3.75	0.02	-2e-05	0	-3.75	0.02	-2e-05	0
1310	-3.75	0.0205	-2e-05	0	-3.75	0.0205	-2e-05	0
1311	-3.75	0.0215	-2e-05	0	-3.75	0.0215	-2e-05	0
1312	-3.75	0.028	-2e-05	0	-3.75	0.028	-2e-05	0
1313	-3.75	0.0285	-3e-05	0	-3.75	0.0285	-3e-05	0
1314	-3.75	0.029	-3e-05	0	-3.75	0.029	-3e-05	0
1315	-3.75	0.0305	-4e-05	0	-3.75	0.0305	-4e-05	0
1316	-3.75	0.0355	-4e-05	0	-3.75	0.0355	-4e-05	0
1317	-3.75	0.0355	-3e-05	0	-3.75	0.0355	-3e-05	0
1318	-3.75	0.04	-5e-05	0	-3.75	0.04	-5e-05	0
1319	-3.5	0.0015	1e-05	0	-3.5	0.0015	1e-05	0
1320	-3.5	0.0055	0	0	-3.5	0.0055	0	0
1321	-3.5	0.0065	1e-05	0	-3.5	0.0065	1e-05	0
1322	-3.5	0.008	0	0	-3.5	0.008	0	0
1323	-3.5	0.0125	-1e-05	0	-3.5	0.0125	-1e-05	0
1324	-3.5	0.015	-1e-05	0	-3.5	0.015	-1e-05	0
1325	-3.5	0.0155	-1e-05	0	-3.5	0.0155	-1e-05	0
1326	-3.5	0.022	-2e-05	0	-3.5	0.022	-2e-05	0
1327	-3.5	0.023	-3e-05	0	-3.5	0.023	-3e-05	0
1328	-3.5	0.0235	-2e-05	0	-3.5	0.0235	-2e-05	0
1329	-3.5	0.024	-3e-05	0	-3.5	0.024	-3e-05	0
1330	-3.5	0.024	-2e-05	0	-3.5	0.024	-2e-05	0
1331	-3.5	0.0245	-3e-05	0	-3.5	0.0245	-3e-05	0
1332	-3.5	0.0255	-3e-05	0	-3.5	0.0255	-3e-05	0
1333	-3.5	0.026	-2e-05	0	-3.5	0.026	-2e-05	0
1334	-3.5	0.027	-2e-05	0	-3.5	0.027	-2e-05	0
1335	-3.5	0.028	-3e-05	0	-3.5	0.028	-3e-05	0
1336	-3.5	0.0285	-3e-05	0	-3.5	0.0285	-3e-05	0
1337	-3.5	0.031	-3e-05	0	-3.5	0.031	-3e-05	0
1338	-3.5	0.0315	-4e-05	0	-3.5	0.0315	-4e-05	0
1339	-3.5	0.0315	-2e-05	0	-3.5	0.0315	-2e-05	0
1340	-3.5	0.033	-3e-05	0	-3.5	0.033	-3e-05	0
1341	-3.5	0.034	-5e-05	0	-3.5	0.034	-5e-05	0
1342	-3.5	0.034	-4e-05	0	-3.5	0.034	-4e-05	0
1343	-3.5	0.0345	-4e-05	0	-3.5	0.0345	-4e-05	0
1344	-3.5	0.0355	-4e-05	0	-3.5	0.0355	-4e-05	0
1345	-3.5	0.037	-4e-05	0	-3.5	0.037	-4e-05	0
1346	-3.25	0.0035	0	0	-3.25	0.0035	0	0
1347	-3.25	0.004	0	0	-3.25	0.004	0	0
1348	-3.25	0.0105	-2e-05	0	-3.25	0.0105	-2e-05	0
1349	-3.25	0.0105	-1e-05	0	-3.25	0.0105	-1e-05	0
1350	-3.25	0.011	-1e-05	0	-3.25	0.011	-1e-05	0
1351	-3.25	0.0115	-1e-05	0	-3.25	0.0115	-1e-05	0
1352	-3.25	0.012	0	0	-3.25	0.012	0	0
1353	-3.25	0.013	-1e-05	0	-3.25	0.013	-1e-05	0
1354	-3.25	0.016	-2e-05	0	-3.25	0.016	-2e-05	0
1355	-3.25	0.0165	-2e-05	0	-3.25	0.0165	-2e-05	0
1356	-3.25	0.0175	-2e-05	0	-3.25	0.0175	-2e-05	0
1357	-3.25	0.0185	-2e-05	0	-3.25	0.0185	-2e-05	0
1358	-3.25	0.02	-2e-05	0	-3.25	0.02	-2e-05	0
1359	-3.25	0.0205	-2e-05	0	-3.25	0.0205	-2e-05	0
1360	-3.25	0.021	-2e-05	0	-3.25	0.021	-2e-05	0
1361	-3.25	0.023	-2e-05	0	-3.25	0.023	-2e-05	0
1362	-3.25	0.0235	-2e-05	0	-3.25	0.0235	-2e-05	0
1363	-3.25	0.025	-4e-05	0	-3.25	0.025	-4e-05	0
1364	-3.25	0.0265	-4e-05	0	-3.25	0.0265	-4e-05	0
1365	-3.25	0.027	-4e-05	0	-3.25	0.027	-4e-05	0
1366	-3.25	0.0285	-3e-05	0	-3.25	0.0285	-3e-05	0
1367	-3.25	0.0285	-2e-05	0	-3.25	0.0285	-2e-05	0
1368	-3.25	0.029	-3e-05	0	-3.25	0.029	-3e-05	0
1369	-3.25	0.0295	-3e-05	0	-3.25	0.0295	-3e-05	0
1370	-3.25	0.03	-4e-05	0	-3.25	0.03	-4e-05	0
1371	-3.25	0.03	-3e-05	0	-3.25	0.03	-3e-05	0
1372	-3.25	0.031	-3e-05	0	-3.25	0.031	-3e-05	0
1373	-3.25	0.032	-3e-05	0	-3.25	0.032	-3e-05	0
1374	-3.25	0.0345	-4e-05	0	-3.25	0.0345	-4e-05	0
1375	-3.25	0.0345	-3e-05	0	-3.25	0.0345	-3e-05	0
1376	-3.25	0.038	-5e-05	0	-3.25	0.038	-5e-05	0
1377	-3	0.004	0	0	-3	0.004	0	0
1378	-3	0.0105	0	0	-3	0.0105	0	0
1379	-3	0.0135	-1e-05	0	-3	0.0135	-1e-05	0
1380	-3	0.014	-1e-05	0	-3	0.014	-1e-05	0
1381	-3	0.015	-2e-05	0	-3	0.015	-2e-05	0
1382	-3	0.015	-1e-05	0	-3	0.015	-1e-05	0
1383	-3	0.0155	-1e-05	0	-3	0.0155	-1e-05	0
1384	-3	0.017	-2e-05	0	-3	0.017	-2e-05	0
1385	-3	0.0175	-2e-05	0	-3	0.0175	-2e-05	0
1386	-3	0.0185	-2e-05	0	-3	0.0185	-2e-05	0
1387	-3	0.02	-3e-05	0	-3	0.02	-3e-05	0
1388	-3	0.021	-3e-05	0	-3	0.021	-3e-05	0
1389	-3	0.021	-2e-05	0	-3	0.021	-2e-05	0
1390	-3	0.0215	-3e-05	0	-3	0.0215	-3e-05	0
1391	-3	0.022	-2e-05	0	-3	0.022	-2e-05	0
1392	-3	0.0225	-2e-05	0	-3	0.0225	-2e-05	0
1393	-3	0.023	-3e-05	0	-3	0.023	-3e-05	0
1394	-3	0.0235	-2e-05	0	-3	0.0235	-2e-05	0
1395	-3	0.024	-3e-05	0	-3	0.024	-3e-05	0
1396	-3	0.026	-2e-05	0	-3	0.026	-2e-05	0
1397	-3	0.028	-3e-05	0	-3	0.028	-3e-05	0
1398	-3	0.0315	-3e-05	0	-3	0.0315	-3e-05	0
1399	-3	0.033	-3e-05	0	-3	0.033	-3e-05	0
1400	-3	0.034	-4e-05	0	-3	0.034	-4e-05	0
1401	-2.75	-0.011	1e-05	0	-2.75	-0.011	1e-05	0
1402	-2.75	0	0	0	-2.75	0	0	0
1403	-2.75	0.003	0	0	-2.75	0.003	0	0
1404	-2.75	0.006	0	0	-2.75	0.006	0	0
1405	-2.75	0.01	-1e-05	0	-2.75	0.01	-1e-05	0
1406	-2.75	0.011	-1e-05	0	-2.75	0.011	-1e-05	0
1407	-2.75	0.0115	-1e-05	0	-2.75	0.0115	-1e-05	0
1408	-2.75	0.0125	-1e-05	0	-2.75	0.0125	-1e-05	0
1409	-2.75	0.014	-1e-05	0	-2.75	0.014	-1e-05	0
1410	-2.75	0.016	-2e-05	0	-2.75	0.016	-2e-05	0
1411	-2.75	0.017	-2e-05	0	-2.75	0.017	-2e-05	0
1412	-2.75	0.018	-1e-05	0	-2.75	0.018	-1e-05	0
1413	-2.75	0.0185	-1e-05	0	-2.75	0.0185	-1e-05	0
1414	-2.75	0.021	-3e-05	0	-2.75	0.021	-3e-05	0
1415	-2.75	0.021	-2e-05	0	-2.75	0.021	-2e-05	0
1416	-2.75	0.0215	-4e-05	0	-2.75	0.0215	-4e-05	0
1417	-2.75	0.0215	-3e-05	0	-2.75	0.0215	-3e-05	0
1418	-2.75	0.022	-3e-05	0	-2.75	0.022	-3e-05	0
1419	-2.75	0.022	-2e-05	0	-2.75	0.022	-2e-05	0
1420	-2.75	0.024	-2e-05	0	-2.75	0.024	-2e-05	0
1421	-2.75	0.025	-3e-05	0	-2.75	0.025	-3e-05	0
1422	-2.75	0.0255	-3e-05	0	-2.75	0.0255	-3e-05	0
1423	-2.75	0.029	-3e-05	0	-2.75	0.029	-3e-05	0
1424	-2.75	0.0295	-4e-05	0	-2.75	0.0295	-4e-05	0
1425	-2.75	0.0295	-3e-05	0	-2.75	0.0295	-3e-05	0
1426	-2.75	0.03	-3e-05	0	-2.75	0.03	-3e-05	0
1427	-2.75	0.0305	-3e-05	0	-2.75	0.0305	-3e-05	0
1428	-2.75	0.0315	-4e-05	0	-2.75	0.0315	-4e-05	0
1429	-2.75	0.036	-5e-05	0	-2.75	0.036	-5e-05	0
1430	-2.5	-0.0075	1e-05	0	-2.5	-0.0075	1e-05	0
1431	-2.5	0	0	0	-2.5	0	0	0
1432	-2.5	0.0015	0	0	-2.5	0.0015	0	0
1433	-2.5	0.0025	0	0	-2.5	0.0025	0	0
1434	-2.5	0.004	0	0	-2.5	0.004	0	0
1435	-2.5	0.008	-1e-05	0	-2.5	0.008	-1e-05	0
1436	-2.5	0.011	-2e-05	0	-2.5	0.011	-2e-05	0
1437	-2.5	0.011	-1e-05	0	-2.5	0.011	-1e-05	0
1438	-2.5	0.0115	-1e-05	0	-2.5	0.0115	-1e-05	0
1439	-2.5	0.013	-1e-05	0	-2.5	0.013	-1e-05	0
1440	-2.5	0.0135	-1e-05	0	-2.5	0.0135	-1e-05	0
1441	-2.5	0.014	-1e-05	0	-2.5	0.014	-1e-05	0
1442	-2.5	0.0145	-1e-05	0	-2.5	0.0145	-1e-05	0
1443	-2.5	0.0155	-2e-05	0	-2.5	0.0155	-2e-05	0
1444	-2.5	0.016	-2e-05	0	-2.5	0.016	-2e-05	0
1445	-2.5	0.016	-1e-05	0	-2.5	0.016	-1e-05	0
1446	-2.5	0.017	-3e-05	0	-2.5	0.017	-3e-05	0
1447	-2.5	0.0175	-1e-05	0	-2.5	0.0175	-1e-05	0
1448	-2.5	0.018	-2e-05	0	-2.5	0.018	-2e-05	0
1449	-2.5	0.019	-2e-05	0	-2.5	0.019	-2e-05	0
1450	-2.5	0.0205	-2e-05	0	-2.5	0.0205	-2e-05	0
1451	-2.5	0.021	-3e-05	0	-2.5	0.021	-3e-05	0
1452	-2.5	0.021	-2e-05	0	-2.5	0.021	-2e-05	0
1453	-2.5	0.023	-3e-05	0	-2.5	0.023	-3e-05	0
1454	-2.5	0.023	-2e-05	0	-2.5	0.023	-2e-05	0
1455	-2.5	0.0235	-2e-05	0	-2.5	0.0235	-2e-05	0
1456	-2.5	0.024	-3e-05	0	-2.5	0.024	-3e-05	0
1457	-2.5	0.025	-4e-05	0	-2.5	0.025	-4e-05	0
1458	-2.5	0.0255	-4e-05	0	-2.5	0.0255	-4e-05	0
1459	-2.5	0.0255	-3e-05	0	-2.5	0.0255	-3e-05	0
1460	-2.5	0.029	-4e-05	0	-2.5	0.029	-4e-05	0
1461	-2.5	0.0295	-3e-05	0	-2.5	0.0295	-3e-05	0
1462	-2.25	-0.005	2e-05	0	-2.25	-0.005	2e-05	0
1463	-2.25	0.007	0	0	-2.25	0.007	0	0
1464	-2.25	0.0085	-1e-05	0	-2.25	0.0085	-1e-05	0
1465	-2.25	0.0085	0	0	-2.25	0.0085	0	0
1466	-2.25	0.009	-1e-05	0	-2.25	0.009	-1e-05	0
1467	-2.25	0.01	-1e-05	0	-2.25	0.01	-1e-05	0
1468	-2.25	0.0105	-1e-05	0	-2.25	0.0105	-1e-05	0
1469	-2.25	0.011	-1e-05	0	-2.25	0.011	-1e-05	0
1470	-2.25	0.0115	-1e-05	0	-2.25	0.0115	-1e-05	0
1471	-2.25	0.012	-2e-05	0	-2.25	0.012	-2e-05	0
1472	-2.25	0.0125	-2e-05	0	-2.25	0.0125	-2e-05	0
1473	-2.25	0.0135	-2e-05	0	-2.25	0.0135	-2e-05	0
1474	-2.25	0.0135	-1e-05	0	-2.25	0.0135	-1e-05	0
1475	-2.25	0.014	-1e-05	0	-2.25	0.014	-1e-05	0
1476	-2.25	0.0145	-1e-05	0	-2.25	0.0145	-1e-05	0
1477	-2.25	0.015	-2e-05	0	-2.25	0.015	-2e-05	0
1478	-2.25	0.015	-1e-05	0	-2.25	0.015	-1e-05	0
1479	-2.25	0.0155	-1e-05	0	-2.25	0.0155	-1e-05	0
1480	-2.25	0.0165	-2e-05	0	-2.25	0.0165	-2e-05	0
1481	-2.25	0.0175	-2e-05	0	-2.25	0.0175	-2e-05	0
1482	-2.25	0.0185	-2e-05	0	-2.25	0.0185	-2e-05	0
1483	-2.25	0.019	-2e-05	0	-2.25	0.019	-2e-05	0
1484	-2.25	0.0205	-2e-05	0	-2.25	0.0205	-2e-05	0
1485	-2.25	0.021	-2e-05	0	-2.25	0.021	-2e-05	0
1486	-2.25	0.0215	-2e-05	0	-2.25	0.0215	-2e-05	0
1487	-2.25	0.022	-2e-05	0	-2.25	0.022	-2e-05	0
1488	-2.25	0.023	-2e-05	0	-2.25	0.023	-2e-05	0
1489	-2.25	0.024	-3e-05	0	-2.25	0.024	-3e-05	0
1490	-2.25	0.025	-2e-05	0	-2.25	0.025	-2e-05	0
1491	-2.25	0.0255	-2e-05	0	-2.25	0.0255	-2e-05	0
1492	-2.25	0.026	-4e-05	0	-2.25	0.026	-4e-05	0
1493	-2.25	0.0265	-3e-05	0	-2.25	0.0265	-3e-05	0
1494	-2.25	0.0275	-4e-05	0	-2.25	0.0275	-4e-05	0
1495	-2.25	0.028	-4e-05	0	-2.25	0.028	-4e-05	0
1496	-2.25	0.031	-4e-05	0	-2.25	0.031	-4e-05	0
1497	-2	-0.0115	2e-05	0	-2	-0.0115	2e-05	0
1498	-2	0.001	0	0	-2	0.001	0	0
1499	-2	0.0015	1e-05	0	-2	0.0015	1e-05	0
1500	-2	0.0065	-1e-05	0	-2	0.0065	-1e-05	0
1501	-2	0.0065	0	0	-2	0.0065	0	0
1502	-2	0.007	0	0	-2	0.007	0	0
1503	-2	0.0075	0	0	-2	0.0075	0	0
1504	-2	0.009	-1e-05	0	-2	0.009	-1e-05	0
1505	-2	0.0095	-1e-05	0	-2	0.0095	-1e-05	0
1506	-2	0.0105	0	0	-2	0.0105	0	0
1507	-2	0.011	-1e-05	0	-2	0.011	-1e-05	0
1508	-2	0.0115	-1e-05	0	-2	0.0115	-1e-05	0
1509	-2	0.0125	-1e-05	0	-2	0.0125	-1e-05	0
1510	-2	0.013	-1e-05	0	-2	0.013	-1e-05	0
1511	-2	0.014	-2e-05	0	-2	0.014	-2e-05	0
1512	-2	0.0145	-3e-05	0	-2	0.0145	-3e-05	0
1513	-2	0.0155	-2e-05	0	-2	0.0155	-2e-05	0
1514	-2	0.016	-2e-05	0	-2	0.016	-2e-05	0
1515	-2	0.0165	-2e-05	0	-2	0.0165	-2e-05	0
1516	-2	0.0165	-1e-05	0	-2	0.0165	-1e-05	0
1517	-2	0.017	-1e-05	0	-2	0.017	-1e-05	0
1518	-2	0.0185	-3e-05	0	-2	0.0185	-3e-05	0
1519	-2	0.019	-3e-05	0	-2	0.019	-3e-05	0
1520	-2	0.0195	-3e-05	0	-2	0.0195	-3e-05	0
1521	-2	0.0195	-2e-05	0	-2	0.0195	-2e-05	0
1522	-2	0.02	-3e-05	0	-2	0.02	-3e-05	0
1523	-2	0.0205	-4e-05	0	-2	0.0205	-4e-05	0
1524	-2	0.0205	-2e-05	0	-2	0.0205	-2e-05	0
1525	-2	0.021	-3e-05	0	-2	0.021	-3e-05	0
1526	-2	0.0215	-2e-05	0	-2	0.0215	-2e-05	0
1527	-2	0.023	-4e-05	0	-2	0.023	-4e-05	0
1528	-2	0.023	-3e-05	0	-2	0.023	-3e-05	0
1529	-2	0.0245	-3e-05	0	-2	0.0245	-3e-05	0
1530	-2	0.0255	-4e-05	0	-2	0.0255	-4e-05	0
1531	-2	0.0255	-3e-05	0	-2	0.0255	-3e-05	0
1532	-2	0.0265	-3e-05	0	-2	0.0265	-3e-05	0
1533	-2	0.027	-3e-05	0	-2	0.027	-3e-05	0
1534	-2	0.0275	-3e-05	0	-2	0.0275	-3e-05	0
1535	-1.75	-0.0155	2e-05	0	-1.75	-0.0155	2e-05	0
1536	-1.75	-0.0075	1e-05	0	-1.75	-0.0075	1e-05	0
1537	-1.75	-0.006	1e-05	0	-1.75	-0.006	1e-05	0
1538	-1.75	-0.0035	1e-05	0	-1.75	-0.0035	1e-05	0
1539	-1.75	-0.0025	0	0	-1.75	-0.0025	0	0
1540	-1.75	-0.0025	1e-05	0	-1.75	-0.0025	1e-05	0
1541	-1.75	-0.002	1e-05	0	-1.75	-0.002	1e-05	0
1542	-1.75	0.0005	1e-05	0	-1.75	0.0005	1e-05	0
1543	-1.75	0.004	0	0	-1.75	0.004	0	0
1544	-1.75	0.0065	-1e-05	0	-1.75	0.0065	-1e-05	0
1545	-1.75	0.0065	0	0	-1.75	0.0065	0	0
1546	-1.75	0.0085	-1e-05	0	-1.75	0.0085	-1e-05	0
1547	-1.75	0.009	-1e-05	0	-1.75	0.009	-1e-05	0
1548	-1.75	0.01	-1e-05	0	-1.75	0.01	-1e-05	0
1549	-1.75	0.0105	-1e-05	0	-1.75	0.0105	-1e-05	0
1550	-1.75	0.011	-1e-05	0	-1.75	0.011	-1e-05	0
1551	-1.75	0.0115	-2e-05	0	-1.75	0.0115	-2e-05	0
1552	-1.75	0.0115	-1e-05	0	-1.75	0.0115	-1e-05	0
1553	-1.75	0.0125	-1e-05	0	-1.75	0.0125	-1e-05	0
1554	-1.75	0.0135	-1e-05	0	-1.75	0.0135	-1e-05	0
1555	-1.75	0.014	-1e-05	0	-1.75	0.014	-1e-05	0
1556	-1.75	0.015	-2e-05	0	-1.75	0.015	-2e-05	0
1557	-1.75	0.0155	-1e-05	0	-1.75	0.0155	-1e-05	0
1558	-1.75	0.016	-3e-05	0	-1.75	0.016	-3e-05	0
1559	-1.75	0.0165	-2e-05	0	-1.75	0.0165	-2e-05	0
1560	-1.75	0.017	-2e-05	0	-1.75	0.017	-2e-05	0
1561	-1.75	0.0175	-3e-05	0	-1.75	0.0175	-3e-05	0
1562	-1.75	0.0175	-2e-05	0	-1.75	0.0175	-2e-05	0
1563	-1.75	0.018	-3e-05	0	-1.75	0.018	-3e-05	0
1564	-1.75	0.018	-2e-05	0	-1.75	0.018	-2e-05	0
1565	-1.75	0.0185	-2e-05	0	-1.75	0.0185	-2e-05	0
1566	-1.75	0.0195	-2e-05	0	-1.75	0.0195	-2e-05	0
1567	-1.75	0.02	-2e-05	0	-1.75	0.02	-2e-05	0
1568	-1.75	0.0205	-2e-05	0	-1.75	0.0205	-2e-05	0
1569	-1.75	0.022	-3e-05	0	-1.75	0.022	-3e-05	0
1570	-1.75	0.0245	-2e-05	0	-1.75	0.0245	-2e-05	0
1571	-1.5	-0.01	1e-05	0	-1.5	-0.01	1e-05	0
1572	-1.5	-0.0075	1e-05	0	-1.5	-0.0075	1e-05	0
1573	-1.5	-0.0045	1e-05	0	-1.5	-0.0045	1e-05	0
1574	-1.5	-0.003	0	0	-1.5	-0.003	0	0
1575	-1.5	-0.002	0	0	-1.5	-0.002	0	0
1576	-1.5	-0.002	1e-05	0	-1.5	-0.002	1e-05	0
1577	-1.5	0	0	0	-1.5	0	0	0
1578	-1.5	0.001	0	0	-1.5	0.001	0	0
1579	-1.5	0.002	0	0	-1.5	0.002	0	0
1580	-1.5	0.002	1e-05	0	-1.5	0.002	1e-05	0
1581	-1.5	0.003	-1e-05	0	-1.5	0.003	-1e-05	0
1582	-1.5	0.0035	0	0	-1.5	0.0035	0	0
1583	-1.5	0.004	-1e-05	0	-1.5	0.004	-1e-05	0
1584	-1.5	0.005	0	0	-1.5	0.005	0	0
1585	-1.5	0.0075	-1e-05	0	-1.5	0.0075	-1e-05	0
1586	-1.5	0.008	-1e-05	0	-1.5	0.008	-1e-05	0
1587	-1.5	0.008	0	0	-1.5	0.008	0	0
1588	-1.5	0.0085	-1e-05	0	-1.5	0.0085	-1e-05	0
1589	-1.5	0.0095	-2e-05	0	-1.5	0.0095	-2e-05	0
1590	-1.5	0.01	-3e-05	0	-1.5	0.01	-3e-05	0
1591	-1.5	0.01	-2e-05	0	-1.5	0.01	-2e-05	0
1592	-1.5	0.01	-1e-05	0	-1.5	0.01	-1e-05	0
1593	-1.5	0.011	-1e-05	0	-1.5	0.011	-1e-05	0
1594	-1.5	0.013	-2e-05	0	-1.5	0.013	-2e-05	0
1595	-1.5	0.0135	-2e-05	0	-1.5	0.0135	-2e-05	0
1596	-1.5	0.014	-2e-05	0	-1.5	0.014	-2e-05	0
1597	-1.5	0.0145	-2e-05	0	-1.5	0.0145	-2e-05	0
1598	-1.5	0.0145	-1e-05	0	-1.5	0.0145	-1e-05	0
1599	-1.5	0.015	-1e-05	0	-1.5	0.015	-1e-05	0
1600	-1.5	0.016	-1e-05	0	-1.5	0.016	-1e-05	0
1601	-1.5	0.0195	-3e-05	0	-1.5	0.0195	-3e-05	0
1602	-1.5	0.02	-2e-05	0	-1.5	0.02	-2e-05	0
1603	-1.5	0.0205	-2e-05	0	-1.5	0.0205	-2e-05	0
1604	-1.25	-0.007	0	0	-1.25	-0.007	0	0
1605	-1.25	-0.007	1e-05	0	-1.25	-0.007	1e-05	0
1606	-1.25	-0.006	1e-05	0	-1.25	-0.006	1e-05	0
1607	-1.25	-0.005	1e-05	0	-1.25	-0.005	1e-05	0
1608	-1.25	-0.0045	1e-05	0	-1.25	-0.0045	1e-05	0
1609	-1.25	-0.003	1e-05	0	-1.25	-0.003	1e-05	0
1610	-1.25	-0.0025	0	0	-1.25	-0.0025	0	0
1611	-1.25	-0.0025	1e-05	0	-1.25	-0.0025	1e-05	0
1612	-1.25	-0.0015	0	0	-1.25	-0.0015	0	0
1613	-1.25	-0.0015	1e-05	0	-1.25	-0.0015	1e-05	0
1614	-1.25	-0.001	-1e-05	0	-1.25	-0.001	-1e-05	0
1615	-1.25	-0.001	0	0	-1.25	-0.001	0	0
1616	-1.25	-0.0005	0	0	-1.25	-0.0005	0	0
1617	-1.25	0	-1e-05	0	-1.25	0	-1e-05	0
1618	-1.25	0	0	0	-1.25	0	0	0
1619	-1.25	0.0015	0	0	-1.25	0.0015	0	0
1620	-1.25	0.002	0	0	-1.25	0.002	0	0
1621	-1.25	0.003	-1e-05	0	-1.25	0.003	-1e-05	0
1622	-1.25	0.0035	0	0	-1.25	0.0035	0	0
1623	-1.25	0.0045	-1e-05	0	-1.25	0.0045	-1e-05	0
1624	-1.25	0.0055	-1e-05	0	-1.25	0.0055	-1e-05	0
1625	-1.25	0.006	0	0	-1.25	0.006	0	0
1626	-1.25	0.007	-1e-05	0	-1.25	0.007	-1e-05	0
1627	-1.25	0.0075	-1e-05	0	-1.25	0.0075	-1e-05	0
1628	-1.25	0.008	-1e-05	0	-1.25	0.008	-1e-05	0
1629	-1.25	0.0085	-1e-05	0	-1.25	0.0085	-1e-05	0
1630	-1.25	0.009	-1e-05	0	-1.25	0.009	-1e-05	0
1631	-1.25	0.0105	-1e-05	0	-1.25	0.0105	-1e-05	0
1632	-1.25	0.011	0	0	-1.25	0.011	0	0
1633	-1.25	0.0115	-2e-05	0	-1.25	0.0115	-2e-05	0
1634	-1.25	0.0115	-1e-05	0	-1.25	0.0115	-1e-05	0
1635	-1.25	0.012	-1e-05	0	-1.25	0.012	-1e-05	0
1636	-1.25	0.0135	-3e-05	0	-1.25	0.0135	-3e-05	0
1637	-1.25	0.014	-2e-05	0	-1.25	0.014	-2e-05	0
1638	-1.25	0.0145	-2e-05	0	-1.25	0.0145	-2e-05	0
1639	-1.25	0.015	-2e-05	0	-1.25	0.015	-2e-05	0
1640	-1.25	0.017	-3e-05	0	-1.25	0.017	-3e-05	0
1641	-1.25	0.0175	-2e-05	0	-1.25	0.0175	-2e-05	0
1642	-1.25	0.018	-3e-05	0	-1.25	0.018	-3e-05	0
1643	-1.25	0.018	-2e-05	0	-1.25	0.018	-2e-05	0
1644	-1.25	0.02	-3e-05	0	-1.25	0.02	-3e-05	0
1645	-1.25	0.0215	-3e-05	0	-1.25	0.0215	-3e-05	0
1646	-1.25	0.0215	-2e-05	0	-1.25	0.0215	-2e-05	0
1647	-1	-0.0205	3e-05	0	-1	-0.0205	3e-05	0
1648	-1	-0.012	1e-05	0	-1	-0.012	1e-05	0
1649	-1	-0.0095	1e-05	0	-1	-0.0095	1e-05	0
1650	-1	-0.009	1e-05	0	-1	-0.009	1e-05	0
1651	-1	-0.0055	1e-05	0	-1	-0.0055	1e-05	0
1652	-1	-0.0035	1e-05	0	-1	-0.0035	1e-05	0
1653	-1	-0.001	1e-05	0	-1	-0.001	1e-05	0
1654	-1	0	0	0	-1	0	0	0
1655	-1	0.0005	-1e-05	0	-1	0.0005	-1e-05	0
1656	-1	0.0015	0	0	-1	0.0015	0	0
1657	-1	0.002	0	0	-1	0.002	0	0
1658	-1	0.003	0	0	-1	0.003	0	0
1659	-1	0.004	0	0	-1	0.004	0	0
1660	-1	0.0045	0	0	-1	0.0045	0	0
1661	-1	0.005	0	0	-1	0.005	0	0
1662	-1	0.0055	-1e-05	0	-1	0.0055	-1e-05	0
1663	-1	0.0055	0	0	-1	0.0055	0	0
1664	-1	0.006	-1e-05	0	-1	0.006	-1e-05	0
1665	-1	0.0065	-1e-05	0	-1	0.0065	-1e-05	0
1666	-1	0.0065	0	0	-1	0.0065	0	0
1667	-1	0.0075	-1e-05	0	-1	0.0075	-1e-05	0
1668	-1	0.008	0	0	-1	0.008	0	0
1669	-1	0.0085	-1e-05	0	-1	0.0085	-1e-05	0
1670	-1	0.009	-3e-05	0	-1	0.009	-3e-05	0
1671	-1	0.009	-1e-05	0	-1	0.009	-1e-05	0
1672	-1	0.0095	-2e-05	0	-1	0.0095	-2e-05	0
1673	-1	0.0095	0	0	-1	0.0095	0	0
1674	-1	0.01	-3e-05	0	-1	0.01	-3e-05	0
1675	-1	0.01	-1e-05	0	-1	0.01	-1e-05	0
1676	-1	0.011	-2e-05	0	-1	0.011	-2e-05	0
1677	-1	0.011	-1e-05	0	-1	0.011	-1e-05	0
1678	-1	0.0125	-2e-05	0	-1	0.0125	-2e-05	0
1679	-1	0.0125	-1e-05	0	-1	0.0125	-1e-05	0
1680	-1	0.013	-2e-05	0	-1	0.013	-2e-05	0
1681	-1	0.0155	-3e-05	0	-1	0.0155	-3e-05	0
1682	-1	0.0165	-2e-05	0	-1	0.0165	-2e-05	0
1683	-1	0.0175	-2e-05	0	-1	0.0175	-2e-05	0
1684	-1	0.0205	-2e-05	0	-1	0.0205	-2e-05	0
1685	-1	0.021	-3e-05	0	-1	0.021	-3e-05	0
1686	-0.75	-0.0095	1e-05	0	-0.75	-0.0095	1e-05	0
1687	-0.75	-0.0085	1e-05	0	-0.75	-0.0085	1e-05	0
1688	-0.75	-0.0075	1e-05	0	-0.75	-0.0075	1e-05	0
1689	-0.75	-0.0075	2e-05	0	-0.75	-0.0075	2e-05	0
1690	-0.75	-0.007	1e-05	0	-0.75	-0.007	1e-05	0
1691	-0.75	-0.006	1e-05	0	-0.75	-0.006	1e-05	0
1692	-0.75	-0.0045	0	0	-0.75	-0.0045	0	0
1693	-0.75	-0.0035	0	0	-0.75	-0.0035	0	0
1694	-0.75	-0.0035	1e-05	0	-0.75	-0.0035	1e-05	0
1695	-0.75	-0.003	1e-05	0	-0.75	-0.003	1e-05	0
1696	-0.75	-0.002	-1e-05	0	-0.75	-0.002	-1e-05	0
1697	-0.75	-0.002	1e-05	0	-0.75	-0.002	1e-05	0
1698	-0.75	0.0005	0	0	-0.75	0.0005	0	0
1699	-0.75	0.001	0	0	-0.75	0.001	0	0
1700	-0.75	0.0015	0	0	-0.75	0.0015	0	0
1701	-0.75	0.002	-1e-05	0	-0.75	0.002	-1e-05	0
1702	-0.75	0.002	0	0	-0.75	0.002	0	0
1703	-0.75	0.0025	0	0	-0.75	0.0025	0	0
1704	-0.75	0.0035	0	0	-0.75	0.0035	0	0
1705	-0.75	0.004	0	0	-0.75	0.004	0	0
1706	-0.75	0.0045	0	0	-0.75	0.0045	0	0
1707	-0.75	0.005	-1e-05	0	-0.75	0.005	-1e-05	0
1708	-0.75	0.005	0	0	-0.75	0.005	0	0
1709	-0.75	0.0055	-1e-05	0	-0.75	0.0055	-1e-05	0
1710	-0.75	0.0055	0	0	-0.75	0.0055	0	0
1711	-0.75	0.006	-1e-05	0	-0.75	0.006	-1e-05	0
1712	-0.75	0.006	0	0	-0.75	0.006	0	0
1713	-0.75	0.007	-1e-05	0	-0.75	0.007	-1e-05	0
1714	-0.75	0.0075	-1e-05	0	-0.75	0.0075	-1e-05	0
1715	-0.75	0.008	-1e-05	0	-0.75	0.008	-1e-05	0
1716	-0.75	0.008	0	0	-0.75	0.008	0	0
1717	-0.75	0.0085	-1e-05	0	-0.75	0.0085	-1e-05	0
1718	-0.75	0.009	-1e-05	0	-0.75	0.009	-1e-05	0
1719	-0.75	0.0095	-2e-05	0	-0.75	0.0095	-2e-05	0
1720	-0.75	0.0095	-1e-05	0	-0.75	0.0095	-1e-05	0
1721	-0.75	0.0105	-1e-05	0	-0.75	0.0105	-1e-05	0
1722	-0.75	0.011	-1e-05	0	-0.75	0.011	-1e-05	0
1723	-0.75	0.013	-1e-05	0	-0.75	0.013	-1e-05	0
1724	-0.75	0.014	-2e-05	0	-0.75	0.014	-2e-05	0
1725	-0.75	0.0165	-3e-05	0	-0.75	0.0165	-3e-05	0
1726	-0.75	0.018	-3e-05	0	-0.75	0.018	-3e-05	0
1727	-0.5	-0.0085	1e-05	0	-0.5	-0.0085	1e-05	0
1728	-0.5	-0.008	0	0	-0.5	-0.008	0	0
1729	-0.5	-0.007	1e-05	0	-0.5	-0.007	1e-05	0
1730	-0.5	-0.0065	1e-05	0	-0.5	-0.0065	1e-05	0
1731	-0.5	-0.0055	1e-05	0	-0.5	-0.0055	1e-05	0
1732	-0.5	-0.0045	1e-05	0	-0.5	-0.0045	1e-05	0
1733	-0.5	-0.0035	0	0	-0.5	-0.0035	0	0
1734	-0.5	-0.0025	1e-05	0	-0.5	-0.0025	1e-05	0
1735	-0.5	-0.0015	0	0	-0.5	-0.0015	0	0
1736	-0.5	-0.001	0	0	-0.5	-0.001	0	0
1737	-0.5	0	0	0	-0.5	0	0	0
1738	-0.5	0	1e-05	0	-0.5	0	1e-05	0
1739	-0.5	0.001	0	0	-0.5	0.001	0	0
1740	-0.5	0.0015	0	0	-0.5	0.0015	0	0
1741	-0.5	0.002	0	0	-0.5	0.002	0	0
1742	-0.5	0.0025	0	0	-0.5	0.0025	0	0
1743	-0.5	0.0035	0	0	-0.5	0.0035	0	0
1744	-0.5	0.004	-1e-05	0	-0.5	0.004	-1e-05	0
1745	-0.5	0.0045	0	0	-0.5	0.0045	0	0
1746	-0.5	0.005	-2e-05	0	-0.5	0.005	-2e-05	0
1747	-0.5	0.0055	0	0	-0.5	0.0055	0	0
1748	-0.5	0.0065	-1e-05	0	-0.5	0.0065	-1e-05	0
1749	-0.5	0.008	-2e-05	0	-0.5	0.008	-2e-05	0
1750	-0.5	0.008	-1e-05	0	-0.5	0.008	-1e-05	0
1751	-0.5	0.009	-1e-05	0	-0.5	0.009	-1e-05	0
1752	-0.5	0.0095	-2e-05	0	-0.5	0.0095	-2e-05	0
1753	-0.5	0.01	-2e-05	0	-0.5	0.01	-2e-05	0
1754	-0.5	0.01	-1e-05	0	-0.5	0.01	-1e-05	0
1755	-0.5	0.0105	-1e-05	0	-0.5	0.0105	-1e-05	0
1756	-0.5	0.0115	-2e-05	0	-0.5	0.0115	-2e-05	0
1757	-0.5	0.0115	-1e-05	0	-0.5	0.0115	-1e-05	0
1758	-0.5	0.0145	-2e-05	0	-0.5	0.0145	-2e-05	0
1759	-0.5	0.0175	-2e-05	0	-0.5	0.0175	-2e-05	0
1760	-0.25	-0.0225	3e-05	0	-0.25	-0.0225	3e-05	0
1761	-0.25	-0.0195	3e-05	0	-0.25	-0.0195	3e-05	0
1762	-0.25	-0.0175	2e-05	0	-0.25	-0.0175	2e-05	0
1763	-0.25	-0.015	1e-05	0	-0.25	-0.015	1e-05	0
1764	-0.25	-0.015	2e-05	0	-0.25	-0.015	2e-05	0
1765	-0.25	-0.012	2e-05	0	-0.25	-0.012	2e-05	0
1766	-0.25	-0.0105	1e-05	0	-0.25	-0.0105	1e-05	0
1767	-0.25	-0.01	1e-05	0	-0.25	-0.01	1e-05	0
1768	-0.25	-0.009	1e-05	0	-0.25	-0.009	1e-05	0
1769	-0.25	-0.0085	2e-05	0	-0.25	-0.0085	2e-05	0
1770	-0.25	-0.008	1e-05	0	-0.25	-0.008	1e-05	0
1771	-0.25	-0.0075	1e-05	0	-0.25	-0.0075	1e-05	0
1772	-0.25	-0.007	1e-05	0	-0.25	-0.007	1e-05	0
1773	-0.25	-0.0055	0	0	-0.25	-0.0055	0	0
1774	-0.25	-0.0045	1e-05	0	-0.25	-0.0045	1e-05	0
1775	-0.25	-0.0035	0	0	-0.25	-0.0035	0	0
1776	-0.25	-0.003	1e-05	0	-0.25	-0.003	1e-05	0
1777	-0.25	-0.002	0	0	-0.25	-0.002	0	0
1778	-0.25	-0.0015	0	0	-0.25	-0.0015	0	0
1779	-0.25	-0.0005	0	0	-0.25	-0.0005	0	0
1780	-0.25	0	0	0	-0.25	0	0	0
1781	-0.25	0.0005	0	0	-0.25	0.0005	0	0
1782	-0.25	0.001	0	0	-0.25	0.001	0	0
1783	-0.25	0.0015	0	0	-0.25	0.0015	0	0
1784	-0.25	0.0015	1e-05	0	-0.25	0.0015	1e-05	0
1785	-0.25	0.002	0	0	-0.25	0.002	0	0
1786	-0.25	0.002	1e-05	0	-0.25	0.002	1e-05	0
1787	-0.25	0.0025	0	0	-0.25	0.0025	0	0
1788	-0.25	0.0035	-1e-05	0	-0.25	0.0035	-1e-05	0
1789	-0.25	0.004	-1e-05	0	-0.25	0.004	-1e-05	0
1790	-0.25	0.0045	-1e-05	0	-0.25	0.0045	-1e-05	0
1791	-0.25	0.0055	-1e-05	0	-0.25	0.0055	-1e-05	0
1792	-0.25	0.0055	0	0	-0.25	0.0055	0	0
1793	-0.25	0.006	-1e-05	0	-0.25	0.006	-1e-05	0
1794	-0.25	0.007	-1e-05	0	-0.25	0.007	-1e-05	0
1795	-0.25	0.007	0	0	-0.25	0.007	0	0
1796	-0.25	0.008	-1e-05	0	-0.25	0.008	-1e-05	0
1797	-0.25	0.0095	-1e-05	0	-0.25	0.0095	-1e-05	0
1798	-0.25	0.012	-2e-05	0	-0.25	0.012	-2e-05	0
1799	-0.25	0.013	-3e-05	0	-0.25	0.013	-3e-05	0
1800	-0.25	0.015	-2e-05	0	-0.25	0.015	-2e-05	0
1801	0	-0.022	3e-05	0	0	-0.022	3e-05	0
1802	0	-0.019	2e-05	0	0	-0.019	2e-05	0
1803	0	-0.011	1e-05	0	0	-0.011	1e-05	0
1804	0	-0.0105	2e-05	0	0	-0.0105	2e-05	0
1805	0	-0.01	1e-05	0	0	-0.01	1e-05	0
1806	0	-0.0095	1e-05	0	0	-0.0095	1e-05	0
1807	0	-0.0095	2e-05	0	0	-0.0095	2e-05	0
1808	0	-0.009	1e-05	0	0	-0.009	1e-05	0
1809	0	-0.009	2e-05	0	0	-0.009	2e-05	0
1810	0	-0.0085	1e-05	0	0	-0.0085	1e-05	0
1811	0	-0.0075	1e-05	0	0	-0.0075	1e-05	0
1812	0	-0.006	1e-05	0	0	-0.006	1e-05	0
1813	0	-0.0055	0	0	0	-0.0055	0	0
1814	0	-0.005	1e-05	0	0	-0.005	1e-05	0
1815	0	-0.0045	0	0	0	-0.0045	0	0
1816	0	-0.0045	1e-05	0	0	-0.0045	1e-05	0
1817	0	-0.004	0	0	0	-0.004	0	0
1818	0	-0.004	1e-05	0	0	-0.004	1e-05	0
1819	0	-0.002	1e-05	0	0	-0.002	1e-05	0
1820	0	-0.0015	0	0	0	-0.0015	0	0
1821	0	-0.001	0	0	0	-0.001	0	0
1822	0	-0.001	1e-05	0	0	-0.001	1e-05	0
1823	0	-0.0005	0	0	0	-0.0005	0	0
1824	0	0	0	0	0	0	0	0
1825	0	0.0005	0	0	0	0.0005	0	0
1826	0	0.001	0	0	0	0.001	0	0
1827	0	0.001	1e-05	0	0	0.001	1e-05	0
1828	0	0.0015	-1e-05	0	0	0.0015	-1e-05	0
1829	0	0.0015	0	0	0	0.0015	0	0
1830	0	0.002	-1e-05	0	0	0.002	-1e-05	0
1831	0	0.002	0	0	0	0.002	0	0
1832	0	0.003	-1e-05	0	0	0.003	-1e-05	0
1833	0	0.003	0	0	0	0.003	0	0
1834	0	0.0035	-1e-05	0	0	0.0035	-1e-05	0
1835	0	0.0035	0	0	0	0.0035	0	0
1836	0	0.004	-1e-05	0	0	0.004	-1e-05	0
1837	0	0.004	0	0	0	0.004	0	0
1838	0	0.005	-1e-05	0	0	0.005	-1e-05	0
1839	0	0.006	-1e-05	0	0	0.006	-1e-05	0
1840	0	0.007	-1e-05	0	0	0.007	-1e-05	0
1841	0	0.0075	-1e-05	0	0	0.0075	-1e-05	0
1842	0	0.008	-1e-05	0	0	0.008	-1e-05	0
1843	0	0.009	-1e-05	0	0	0.009	-1e-05	0
1844	0	0.01	-2e-05	0	0	0.01	-2e-05	0
1845	0	0.0105	-1e-05	0	0	0.0105	-1e-05	0
1846	0	0.013	-2e-05	0	0	0.013	-2e-05	0
1847	0	0.0135	-3e-05	0	0	0.0135	-3e-05	0
1848	0.25	-0.0235	3e-05	0	0.25	-0.0235	3e-05	0
1849	0.25	-0.0215	3e-05	0	0.25	-0.0215	3e-05	0
1850	0.25	-0.018	2e-05	0	0.25	-0.018	2e-05	0
1851	0.25	-0.014	1e-05	0	0.25	-0.014	1e-05	0
1852	0.25	-0.014	2e-05	0	0.25	-0.014	2e-05	0
1853	0.25	-0.0125	1e-05	0	0.25	-0.0125	1e-05	0
1854	0.25	-0.0115	1e-05	0	0.25	-0.0115	1e-05	0
1855	0.25	-0.0115	2e-05	0	0.25	-0.0115	2e-05	0
1856	0.25	-0.011	1e-05	0	0.25	-0.011	1e-05	0
1857	0.25	-0.0095	1e-05	0	0.25	-0.0095	1e-05	0
1858	0.25	-0.009	2e-05	0	0.25	-0.009	2e-05	0
1859	0.25	-0.008	0	0	0.25	-0.008	0	0
1860	0.25	-0.008	2e-05	0	0.25	-0.008	2e-05	0
1861	0.25	-0.0075	0	0	0.25	-0.0075	0	0
1862	0.25	-0.007	0	0	0.25	-0.007	0	0
1863	0.25	-0.007	1e-05	0	0.25	-0.007	1e-05	0
1864	0.25	-0.0065	1e-05	0	0.25	-0.0065	1e-05	0
1865	0.25	-0.006	1e-05	0	0.25	-0.006	1e-05	0
1866	0.25	-0.0055	1e-05	0	0.25	-0.0055	1e-05	0
1867	0.25	-0.005	1e-05	0	0.25	-0.005	1e-05	0
1868	0.25	-0.0045	1e-05	0	0.25	-0.0045	1e-05	0
1869	0.25	-0.0035	0	0	0.25	-0.0035	0	0
1870	0.25	-0.0035	1e-05	0	0.25	-0.0035	1e-05	0
1871	0.25	-0.0015	0	0	0.25	-0.0015	0	0
1872	0.25	-0.001	0	0	0.25	-0.001	0	0
1873	0.25	-0.0005	0	0	0.25	-0.0005	0	0
1874	0.25	0	0	0	0.25	0	0	0
1875	0.25	0	1e-05	0	0.25	0	1e-05	0
1876	0.25	0.0005	0	0	0.25	0.0005	0	0
1877	0.25	0.001	-1e-05	0	0.25	0.001	-1e-05	0
1878	0.25	0.001	0	0	0.25	0.001	0	0
1879	0.25	0.0015	0	0	0.25	0.0015	0	0
1880	0.25	0.0025	-1e-05	0	0.25	0.0025	-1e-05	0
1881	0.25	0.0025	0	0	0.25	0.0025	0	0
1882	0.25	0.003	-1e-05	0	0.25	0.003	-1e-05	0
1883	0.25	0.0045	-1e-05	0	0.25	0.0045	-1e-05	0
1884	0.25	0.005	-1e-05	0	0.25	0.005	-1e-05	0
1885	0.25	0.0055	-1e-05	0	0.25	0.0055	-1e-05	0
1886	0.25	0.0065	-1e-05	0	0.25	0.0065	-1e-05	0
1887	0.25	0.007	-1e-05	0	0.25	0.007	-1e-05	0
1888	0.25	0.008	-2e-05	0	0.25	0.008	-2e-05	0
1889	0.25	0.0095	-1e-05	0	0.25	0.0095	-1e-05	0
1890	0.25	0.0115	-2e-05	0	0.25	0.0115	-2e-05	0
1891	0.5	-0.028	3e-05	0	0.5	-0.028	3e-05	0
1892	0.5	-0.02	3e-05	0	0.5	-0.02	3e-05	0
1893	0.5	-0.013	1e-05	0	0.5	-0.013	1e-05	0
1894	0.5	-0.013	2e-05	0	0.5	-0.013	2e-05	0
1895	0.5	-0.012	1e-05	0	0.5	-0.012	1e-05	0
1896	0.5	-0.011	1e-05	0	0.5	-0.011	1e-05	0
1897	0.5	-0.011	2e-05	0	0.5	-0.011	2e-05	0
1898	0.5	-0.0105	1e-05	0	0.5	-0.0105	1e-05	0
1899	0.5	-0.01	1e-05	0	0.5	-0.01	1e-05	0
1900	0.5	-0.009	0	0	0.5	-0.009	0	0
1901	0.5	-0.009	1e-05	0	0.5	-0.009	1e-05	0
1902	0.5	-0.0085	0	0	0.5	-0.0085	0	0
1903	0.5	-0.008	0	0	0.5	-0.008	0	0
1904	0.5	-0.008	1e-05	0	0.5	-0.008	1e-05	0
1905	0.5	-0.007	1e-05	0	0.5	-0.007	1e-05	0
1906	0.5	-0.0065	0	0	0.5	-0.0065	0	0
1907	0.5	-0.0055	0	0	0.5	-0.0055	0	0
1908	0.5	-0.0055	1e-05	0	0.5	-0.0055	1e-05	0
1909	0.5	-0.0045	0	0	0.5	-0.0045	0	0
1910	0.5	-0.0045	1e-05	0	0.5	-0.0045	1e-05	0
1911	0.5	-0.004	0	0	0.5	-0.004	0	0
1912	0.5	-0.004	1e-05	0	0.5	-0.004	1e-05	0
1913	0.5	-0.003	0	0	0.5	-0.003	0	0
1914	0.5	-0.003	1e-05	0	0.5	-0.003	1e-05	0
1915	0.5	-0.0025	0	0	0.5	-0.0025	0	0
1916	0.5	-0.002	0	0	0.5	-0.002	0	0
1917	0.5	-0.0015	0	0	0.5	-0.0015	0	0
1918	0.5	-0.001	0	0	0.5	-0.001	0	0
1919	0.5	-0.001	1e-05	0	0.5	-0.001	1e-05	0
1920	0.5	-0.0005	0	0	0.5	-0.0005	0	0
1921	0.5	0	0	0	0.5	0	0	0
1922	0.5	0.0005	0	0	0.5	0.0005	0	0
1923	0.5	0.002	-1e-05	0	0.5	0.002	-1e-05	0
1924	0.5	0.002	1e-05	0	0.5	0.002	1e-05	0
1925	0.5	0.0025	-1e-05	0	0.5	0.0025	-1e-05	0
1926	0.5	0.0035	-1e-05	0	0.5	0.0035	-1e-05	0
1927	0.5	0.004	-1e-05	0	0.5	0.004	-1e-05	0
1928	0.5	0.0045	0	0	0.5	0.0045	0	0
1929	0.5	0.0055	-1e-05	0	0.5	0.0055	-1e-05	0
1930	0.5	0.006	-1e-05	0	0.5	0.006	-1e-05	0
1931	0.5	0.0065	-1e-05	0	0.5	0.0065	-1e-05	0
1932	0.5	0.007	-1e-05	0	0.5	0.007	-1e-05	0
1933	0.5	0.008	-1e-05	0	0.5	0.008	-1e-05	0
1934	0.5	0.0095	-2e-05	0	0.5	0.0095	-2e-05	0
1935	0.75	-0.024	3e-05	0	0.75	-0.024	3e-05	0
1936	0.75	-0.0225	3e-05	0	0.75	-0.0225	3e-05	0
1937	0.75	-0.022	2e-05	0	0.75	-0.022	2e-05	0
1938	0.75	-0.021	2e-05	0	0.75	-0.021	2e-05	0
1939	0.75	-0.017	2e-05	0	0.75	-0.017	2e-05	0
1940	0.75	-0.0165	2e-05	0	0.75	-0.0165	2e-05	0
1941	0.75	-0.015	1e-05	0	0.75	-0.015	1e-05	0
1942	0.75	-0.015	2e-05	0	0.75	-0.015	2e-05	0
1943	0.75	-0.013	1e-05	0	0.75	-0.013	1e-05	0
1944	0.75	-0.0125	1e-05	0	0.75	-0.0125	1e-05	0
1945	0.75	-0.0125	2e-05	0	0.75	-0.0125	2e-05	0
1946	0.75	-0.012	1e-05	0	0.75	-0.012	1e-05	0
1947	0.75	-0.011	1e-05	0	0.75	-0.011	1e-05	0
1948	0.75	-0.0095	1e-05	0	0.75	-0.0095	1e-05	0
1949	0.75	-0.0095	2e-05	0	0.75	-0.0095	2e-05	0
1950	0.75	-0.009	1e-05	0	0.75	-0.009	1e-05	0
1951	0.75	-0.009	2e-05	0	0.75	-0.009	2e-05	0
1952	0.75	-0.0085	0	0	0.75	-0.0085	0	0
1953	0.75	-0.0085	1e-05	0	0.75	-0.0085	1e-05	0
1954	0.75	-0.008	2e-05	0	0.75	-0.008	2e-05	0
1955	0.75	-0.0065	1e-05	0	0.75	-0.0065	1e-05	0
1956	0.75	-0.006	1e-05	0	0.75	-0.006	1e-05	0
1957	0.75	-0.0055	1e-05	0	0.75	-0.0055	1e-05	0
1958	0.75	-0.005	0	0	0.75	-0.005	0	0
1959	0.75	-0.0045	-1e-05	0	0.75	-0.0045	-1e-05	0
1960	0.75	-0.0045	0	0	0.75	-0.0045	0	0
1961	0.75	-0.004	0	0	0.75	-0.004	0	0
1962	0.75	-0.0035	0	0	0.75	-0.0035	0	0
1963	0.75	-0.0025	0	0	0.75	-0.0025	0	0
1964	0.75	-0.0015	0	0	0.75	-0.0015	0	0
1965	0.75	-0.0005	0	0	0.75	-0.0005	0	0
1966	0.75	0	0	0	0.75	0	0	0
1967	0.75	0.0005	0	0	0.75	0.0005	0	0
1968	0.75	0.001	-1e-05	0	0.75	0.001	-1e-05	0
1969	0.75	0.001	0	0	0.75	0.001	0	0
1970	0.75	0.0015	0	0	0.75	0.0015	0	0
1971	0.75	0.002	0	0	0.75	0.002	0	0
1972	0.75	0.0025	-1e-05	0	0.75	0.0025	-1e-05	0
1973	0.75	0.0025	0	0	0.75	0.0025	0	0
1974	0.75	0.0055	-2e-05	0	0.75	0.0055	-2e-05	0
1975	0.75	0.0055	0	0	0.75	0.0055	0	0
1976	0.75	0.0075	-3e-05	0	0.75	0.0075	-3e-05	0
1977	1	-0.0225	2e-05	0	1	-0.0225	2e-05	0
1978	1	-0.0205	2e-05	0	1	-0.0205	2e-05	0
1979	1	-0.0195	2e-05	0	1	-0.0195	2e-05	0
1980	1	-0.019	2e-05	0	1	-0.019	2e-05	0
1981	1	-0.018	2e-05	0	1	-0.018	2e-05	0
1982	1	-0.016	2e-05	0	1	-0.016	2e-05	0
1983	1	-0.0155	2e-05	0	1	-0.0155	2e-05	0
1984	1	-0.015	2e-05	0	1	-0.015	2e-05	0
1985	1	-0.0145	1e-05	0	1	-0.0145	1e-05	0
1986	1	-0.0135	1e-05	0	1	-0.0135	1e-05	0
1987	1	-0.013	1e-05	0	1	-0.013	1e-05	0
1988	1	-0.0125	2e-05	0	1	-0.0125	2e-05	0
1989	1	-0.0115	2e-05	0	1	-0.0115	2e-05	0
1990	1	-0.011	1e-05	0	1	-0.011	1e-05	0
1991	1	-0.0105	2e-05	0	1	-0.0105	2e-05	0
1992	1	-0.009	0	0	1	-0.009	0	0
1993	1	-0.009	1e-05	0	1	-0.009	1e-05	0
1994	1	-0.0085	1e-05	0	1	-0.0085	1e-05	0
1995	1	-0.008	1e-05	0	1	-0.008	1e-05	0
1996	1	-0.007	0	0	1	-0.007	0	0
1997	1	-0.007	1e-05	0	1	-0.007	1e-05	0
1998	1	-0.0065	1e-05	0	1	-0.0065	1e-05	0
1999	1	-0.006	0	0	1	-0.006	0	0
2000	1	-0.006	1e-05	0	1	-0.006	1e-05	0
2001	1	-0.0055	1e-05	0	1	-0.0055	1e-05	0
2002	1	-0.005	0	0	1	-0.005	0	0
2003	1	-0.0045	0	0	1	-0.0045	0	0
2004	1	-0.004	0	0	1	-0.004	0	0
2005	1	-0.0035	0	0	1	-0.0035	0	0
2006	1	-0.0025	0	0	1	-0.0025	0	0
2007	1	-0.0025	1e-05	0	1	-0.0025	1e-05	0
2008	1	-0.002	0	0	1	-0.002	0	0
2009	1	-0.0015	0	0	1	-0.0015	0	0
2010	1	-0.001	0	0	1	-0.001	0	0
2011	1	0	0	0	1	0	0	0
2012	1	0.0005	0	0	1	0.0005	0	0
2013	1	0.0015	0	0	1	0.0015	0	0
2014	1	0.002	-1e-05	0	1	0.002	-1e-05	0
2015	1	0.002	0	0	1	0.002	0	0
2016	1.25	-0.0225	2e-05	0	1.25	-0.0225	2e-05	0
2017	1.25	-0.022	3e-05	0	1.25	-0.022	3e-05	0
2018	1.25	-0.0205	1e-05	0	1.25	-0.0205	1e-05	0
2019	1.25	-0.0205	2e-05	0	1.25	-0.0205	2e-05	0
2020	1.25	-0.0195	2e-05	0	1.25	-0.0195	2e-05	0
2021	1.25	-0.0185	3e-05	0	1.25	-0.0185	3e-05	0
2022	1.25	-0.0175	2e-05	0	1.25	-0.0175	2e-05	0
2023	1.25	-0.017	1e-05	0	1.25	-0.017	1e-05	0
2024	1.25	-0.0165	2e-05	0	1.25	-0.0165	2e-05	0
2025	1.25	-0.015	1e-05	0	1.25	-0.015	1e-05	0
2026	1.25	-0.0145	1e-05	0	1.25	-0.0145	1e-05	0
2027	1.25	-0.0145	2e-05	0	1.25	-0.0145	2e-05	0
2028	1.25	-0.0135	1e-05	0	1.25	-0.0135	1e-05	0
2029	1.25	-0.0135	2e-05	0	1.25	-0.0135	2e-05	0
2030	1.25	-0.0125	1e-05	0	1.25	-0.0125	1e-05	0
2031	1.25	-0.012	1e-05	0	1.25	-0.012	1e-05	0
2032	1.25	-0.0115	2e-05	0	1.25	-0.0115	2e-05	0
2033	1.25	-0.011	1e-05	0	1.25	-0.011	1e-05	0
2034	1.25	-0.01	1e-05	0	1.25	-0.01	1e-05	0
2035	1.25	-0.0095	1e-05	0	1.25	-0.0095	1e-05	0
2036	1.25	-0.009	0	0	1.25	-0.009	0	0
2037	1.25	-0.0085	0	0	1.25	-0.0085	0	0
2038	1.25	-0.0085	1e-05	0	1.25	-0.0085	1e-05	0
2039	1.25	-0.0085	2e-05	0	1.25	-0.0085	2e-05	0
2040	1.25	-0.008	1e-05	0	1.25	-0.008	1e-05	0
2041	1.25	-0.008	2e-05	0	1.25	-0.008	2e-05	0
2042	1.25	-0.0065	-1e-05	0	1.25	-0.0065	-1e-05	0
2043	1.25	-0.0065	0	0	1.25	-0.0065	0	0
2044	1.25	-0.0065	1e-05	0	1.25	-0.0065	1e-05	0
2045	1.25	-0.006	1e-05	0	1.25	-0.006	1e-05	0
2046	1.25	-0.0055	0	0	1.25	-0.0055	0	0
2047	1.25	-0.0045	0	0	1.25	-0.0045	0	0
2048	1.25	-0.0045	1e-05	0	1.25	-0.0045	1e-05	0
2049	1.25	-0.004	0	0	1.25	-0.004	0	0
2050	1.25	-0.0035	0	0	1.25	-0.0035	0	0
2051	1.25	-0.0025	0	0	1.25	-0.0025	0	0
2052	1.25	-0.0025	1e-05	0	1.25	-0.0025	1e-05	0
2053	1.25	-0.002	0	0	1.25	-0.002	0	0
2054	1.25	-0.001	-2e-05	0	1.25	-0.001	-2e-05	0
2055	1.25	-0.0005	0	0	1.25	-0.0005	0	0
2056	1.25	0	-1e-05	0	1.25	0	-1e-05	0
2057	1.25	0	0	0	1.25	0	0	0
2058	1.25	0.0005	0	0	1.25	0.0005	0	0
2059	1.25	0.001	0	0	1.25	0.001	0	0
2060	1.5	-0.023	2e-05	0	1.5	-0.023	2e-05	0
2061	1.5	-0.0215	2e-05	0	1.5	-0.0215	2e-05	0
2062	1.5	-0.02	2e-05	0	1.5	-0.02	2e-05	0
2063	1.5	-0.02	3e-05	0	1.5	-0.02	3e-05	0
2064	1.5	-0.0195	3e-05	0	1.5	-0.0195	3e-05	0
2065	1.5	-0.018	2e-05	0	1.5	-0.018	2e-05	0
2066	1.5	-0.0175	2e-05	0	1.5	-0.0175	2e-05	0
2067	1.5	-0.0165	2e-05	0	1.5	-0.0165	2e-05	0
2068	1.5	-0.0155	2e-05	0	1.5	-0.0155	2e-05	0
2069	1.5	-0.015	2e-05	0	1.5	-0.015	2e-05	0
2070	1.5	-0.0145	2e-05	0	1.5	-0.0145	2e-05	0
2071	1.5	-0.014	1e-05	0	1.5	-0.014	1e-05	0
2072	1.5	-0.014	2e-05	0	1.5	-0.014	2e-05	0
2073	1.5	-0.0135	1e-05	0	1.5	-0.0135	1e-05	0
2074	1.5	-0.0135	2e-05	0	1.5	-0.0135	2e-05	0
2075	1.5	-0.013	0	0	1.5	-0.013	0	0
2076	1.5	-0.013	1e-05	0	1.5	-0.013	1e-05	0
2077	1.5	-0.013	2e-05	0	1.5	-0.013	2e-05	0
2078	1.5	-0.0125	2e-05	0	1.5	-0.0125	2e-05	0
2079	1.5	-0.012	1e-05	0	1.5	-0.012	1e-05	0
2080	1.5	-0.012	2e-05	0	1.5	-0.012	2e-05	0
2081	1.5	-0.0115	1e-05	0	1.5	-0.0115	1e-05	0
2082	1.5	-0.0115	2e-05	0	1.5	-0.0115	2e-05	0
2083	1.5	-0.011	0	0	1.5	-0.011	0	0
2084	1.5	-0.011	1e-05	0	1.5	-0.011	1e-05	0
2085	1.5	-0.0105	1e-05	0	1.5	-0.0105	1e-05	0
2086	1.5	-0.01	1e-05	0	1.5	-0.01	1e-05	0
2087	1.5	-0.0085	1e-05	0	1.5	-0.0085	1e-05	0
2088	1.5	-0.008	1e-05	0	1.5	-0.008	1e-05	0
2089	1.5	-0.006	0	0	1.5	-0.006	0	0
2090	1.5	-0.005	1e-05	0	1.5	-0.005	1e-05	0
2091	1.5	-0.0045	0	0	1.5	-0.0045	0	0
2092	1.5	-0.0035	0	0	1.5	-0.0035	0	0
2093	1.5	-0.0035	1e-05	0	1.5	-0.0035	1e-05	0
2094	1.75	-0.0305	4e-05	0	1.75	-0.0305	4e-05	0
2095	1.75	-0.026	3e-05	0	1.75	-0.026	3e-05	0
2096	1.75	-0.023	3e-05	0	1.75	-0.023	3e-05	0
2097	1.75	-0.0225	2e-05	0	1.75	-0.0225	2e-05	0
2098	1.75	-0.019	2e-05	0	1.75	-0.019	2e-05	0
2099	1.75	-0.019	3e-05	0	1.75	-0.019	3e-05	0
2100	1.75	-0.0175	2e-05	0	1.75	-0.0175	2e-05	0
2101	1.75	-0.017	2e-05	0	1.75	-0.017	2e-05	0
2102	1.75	-0.0165	1e-05	0	1.75	-0.0165	1e-05	0
2103	1.75	-0.016	2e-05	0	1.75	-0.016	2e-05	0
2104	1.75	-0.015	2e-05	0	1.75	-0.015	2e-05	0
2105	1.75	-0.0145	1e-05	0	1.75	-0.0145	1e-05	0
2106	1.75	-0.014	1e-05	0	1.75	-0.014	1e-05	0
2107	1.75	-0.013	1e-05	0	1.75	-0.013	1e-05	0
2108	1.75	-0.013	2e-05	0	1.75	-0.013	2e-05	0
2109	1.75	-0.0125	1e-05	0	1.75	-0.0125	1e-05	0
2110	1.75	-0.0125	2e-05	0	1.75	-0.0125	2e-05	0
2111	1.75	-0.012	1e-05	0	1.75	-0.012	1e-05	0
2112	1.75	-0.012	2e-05	0	1.75	-0.012	2e-05	0
2113	1.75	-0.0105	1e-05	0	1.75	-0.0105	1e-05	0
2114	1.75	-0.0085	0	0	1.75	-0.0085	0	0
2115	1.75	-0.008	1e-05	0	1.75	-0.008	1e-05	0
2116	1.75	-0.006	1e-05	0	1.75	-0.006	1e-05	0
2117	1.75	-0.0055	0	0	1.75	-0.0055	0	0
2118	1.75	-0.0055	1e-05	0	1.75	-0.0055	1e-05	0
2119	2	-0.032	4e-05	0	2	-0.032	4e-05	0
2120	2	-0.029	4e-05	0	2	-0.029	4e-05	0
2121	2	-0.026	3e-05	0	2	-0.026	3e-05	0
2122	2	-0.0255	3e-05	0	2	-0.0255	3e-05	0
2123	2	-0.0235	3e-05	0	2	-0.0235	3e-05	0
2124	2	-0.023	3e-05	0	2	-0.023	3e-05	0
2125	2	-0.022	1e-05	0	2	-0.022	1e-05	0
2126	2	-0.0215	2e-05	0	2	-0.0215	2e-05	0
2127	2	-0.0215	3e-05	0	2	-0.0215	3e-05	0
2128	2	-0.02	2e-05	0	2	-0.02	2e-05	0
2129	2	-0.019	1e-05	0	2	-0.019	1e-05	0
2130	2	-0.019	2e-05	0	2	-0.019	2e-05	0
2131	2	-0.0185	2e-05	0	2	-0.0185	2e-05	0
2132	2	-0.018	2e-05	0	2	-0.018	2e-05	0
2133	2	-0.0175	2e-05	0	2	-0.0175	2e-05	0
2134	2	-0.017	1e-05	0	2	-0.017	1e-05	0
2135	2	-0.0155	2e-05	0	2	-0.0155	2e-05	0
2136	2	-0.015	0	0	2	-0.015	0	0
2137	2	-0.014	1e-05	0	2	-0.014	1e-05	0
2138	2	-0.0135	1e-05	0	2	-0.0135	1e-05	0
2139	2	-0.0135	2e-05	0	2	-0.0135	2e-05	0
2140	2	-0.012	1e-05	0	2	-0.012	1e-05	0
2141	2	-0.0115	1e-05	0	2	-0.0115	1e-05	0
2142	2	-0.0105	2e-05	0	2	-0.0105	2e-05	0
2143	2	-0.01	1e-05	0	2	-0.01	1e-05	0
2144	2	-0.0095	1e-05	0	2	-0.0095	1e-05	0
