2.6	1.2	0.8	1.6	0.0697769	3.26203
2.6	1.2	0.8	1.6	0.105436	2.10513
2.6	1.2	0.8	1.6	0.259881	2.3235
2.6	1.2	0.8	1.6	-0.355338	7.73612
2.6	1.2	0.8	1.8	-0.0591871	3.24562
2.6	1.2	0.8	1.8	0.046482	2.20465
2.6	1.2	0.8	1.8	0.0337014	2.62382
2.6	1.2	0.8	1.8	-0.0440277	6.90846
2.6	1.2	0.8	2	0.0998885	3.17598
2.6	1.2	0.8	2	-0.0478045	2.19154
2.6	1.2	0.8	2	-0.0614749	2.62511
2.6	1.2	0.8	2	0.691074	6.53982
2.8	1.2	0.8	1.6	-0.018216	3.17633
2.8	1.2	0.8	1.6	0.0323561	2.16551
2.8	1.2	0.8	1.6	0.0432672	2.63171
2.8	1.2	0.8	1.6	-0.622394	7.85849
2.8	1.2	0.8	1.8	0.134258	3.04976
2.8	1.2	0.8	1.8	0.00768225	2.16336
2.8	1.2	0.8	1.8	-0.0614892	2.59919
2.8	1.2	0.8	1.8	-0.45369	7.31122
2.8	1.2	0.8	2	0.0179304	2.88778
2.8	1.2	0.8	2	0.0388881	2.18295
2.8	1.2	0.8	2	0.0506264	2.6762
2.8	1.2	0.8	2	-0.342252	6.56095
3	1.2	0.8	1.6	-0.0481969	2.91182
3	1.2	0.8	1.6	0.0182642	2.09607
3	1.2	0.8	1.6	-0.011339	2.53742
3	1.2	0.8	1.6	-0.365143	7.43863
3	1.2	0.8	1.8	-0.0828925	2.9412
3	1.2	0.8	1.8	-0.10411	2.11537
3	1.2	0.8	1.8	-0.137329	2.56159
3	1.2	0.8	1.8	0.154871	6.81168
3	1.2	0.8	2	-0.0264523	2.80431
3	1.2	0.8	2	-0.0643418	2.20725
3	1.2	0.8	2	0.00638037	2.72292
3	1.2	0.8	2	0.223962	6.86124
2.6	1.2	0.8	1.6	0.0567363	3.388
2.6	1.2	0.8	1.6	-0.0183023	2.13222
2.6	1.2	0.8	1.6	-0.0839611	2.61938
2.6	1.2	0.8	1.6	0.217142	7.42736
2.6	1.2	0.8	1.8	-0.00671068	3.19763
2.6	1.2	0.8	1.8	-0.0604567	2.25069
2.6	1.2	0.8	1.8	-0.0848463	2.61985
2.6	1.2	0.8	1.8	-0.0491022	6.93582
2.6	1.2	0.8	2	0.087582	3.10365
2.6	1.2	0.8	2	0.0970003	2.09318
2.6	1.2	0.8	2	0.116662	2.55893
2.6	1.2	0.8	2	-0.158083	6.41504
2.8	1.2	0.8	1.6	0.00199013	3.28344
2.8	1.2	0.8	1.6	0.0641456	2.11308
2.8	1.2	0.8	1.6	0.0853537	2.55099
2.8	1.2	0.8	1.6	-0.0200071	7.15779
2.8	1.2	0.8	1.8	-0.0149279	3.13132
2.8	1.2	0.8	1.8	-0.0538533	2.16073
2.8	1.2	0.8	1.8	0.0253509	2.66654
2.8	1.2	0.8	1.8	-0.44938	7.17402
2.8	1.2	0.8	2	0.161264	3.05144
2.8	1.2	0.8	2	-0.1392	2.15804
2.8	1.2	0.8	2	-0.178772	2.6415
2.8	1.2	0.8	2	0.280585	7.15666
3	1.2	0.8	1.6	-0.0025855	2.88009
3	1.2	0.8	1.6	-0.05771	2.09801
3	1.2	0.8	1.6	-0.111308	2.50166
3	1.2	0.8	1.6	-0.393213	7.62661
3	1.2	0.8	1.8	0.220434	2.77742
3	1.2	0.8	1.8	0.0268409	2.27589
3	1.2	0.8	1.8	-0.0459401	2.6864
3	1.2	0.8	1.8	-0.339094	7.08229
3	1.2	0.8	2	-0.0557142	2.77966
3	1.2	0.8	2	-0.000527118	2.13496
3	1.2	0.8	2	-0.0149467	2.54867
3	1.2	0.8	2	-0.237084	6.50322
2.6	1.2	0.8	1.6	-0.0141163	3.29999
2.6	1.2	0.8	1.6	0.0997483	2.09527
2.6	1.2	0.8	1.6	0.147935	2.49338
2.6	1.2	0.8	1.6	-0.332318	7.87712
2.6	1.2	0.8	1.8	0.131377	3.33574
2.6	1.2	0.8	1.8	0.0404917	2.19239
2.6	1.2	0.8	1.8	0.0165623	2.62735
2.6	1.2	0.8	1.8	-0.541366	6.94077
2.6	1.2	0.8	2	0.190135	3.29551
2.6	1.2	0.8	2	-0.0260812	2.19912
2.6	1.2	0.8	2	-0.0882932	2.60042
2.6	1.2	0.8	2	-0.323751	6.75627
2.8	1.2	0.8	1.6	-0.145835	3.0493
2.8	1.2	0.8	1.6	-0.140585	2.24628
2.8	1.2	0.8	1.6	-0.0981681	2.69596
2.8	1.2	0.8	1.6	-0.199985	7.27826
2.8	1.2	0.8	1.8	-0.126074	3.1454
2.8	1.2	0.8	1.8	-0.0585094	2.20842
2.8	1.2	0.8	1.8	0.0157373	2.63335
2.8	1.2	0.8	1.8	-0.141257	7.16342
2.8	1.2	0.8	2	0.0666483	3.19147
2.8	1.2	0.8	2	0.0913602	2.30034
2.8	1.2	0.8	2	0.151573	2.74906
2.8	1.2	0.8	2	0.183577	6.417
3	1.2	0.8	1.6	0.0280176	2.981
3	1.2	0.8	1.6	0.00201211	2.17038
3	1.2	0.8	1.6	-0.0605024	2.59986
3	1.2	0.8	1.6	-0.265168	7.73386
3	1.2	0.8	1.8	0.0173568	2.97754
3	1.2	0.8	1.8	-0.107565	2.17212
3	1.2	0.8	1.8	-0.146546	2.67438
3	1.2	0.8	1.8	-0.283949	7.39002
3	1.2	0.8	2	-0.0292224	3.00232
3	1.2	0.8	2	-0.122224	2.19942
3	1.2	0.8	2	-0.101211	2.68719
3	1.2	0.8	2	-0.263393	5.97214
2.6	1.2	0.8	1.6	-0.00151001	3.335
2.6	1.2	0.8	1.6	0.0723562	2.20765
2.6	1.2	0.8	1.6	0.0771747	2.68626
2.6	1.2	0.8	1.6	-0.0132901	7.56757
2.6	1.2	0.8	1.8	-0.08049	3.09005
2.6	1.2	0.8	1.8	-0.0419276	2.11703
2.6	1.2	0.8	1.8	-0.0402472	2.56117
2.6	1.2	0.8	1.8	0.442129	6.85325
2.6	1.2	0.8	2	0.0767255	3.19885
2.6	1.2	0.8	2	0.0200387	2.15601
2.6	1.2	0.8	2	-0.0116147	2.72262
2.6	1.2	0.8	2	-0.118701	6.44945
2.8	1.2	0.8	1.6	0.101318	3.27283
2.8	1.2	0.8	1.6	-0.0414702	2.22767
2.8	1.2	0.8	1.6	-0.046551	2.64417
2.8	1.2	0.8	1.6	0.0389183	7.80769
2.8	1.2	0.8	1.8	0.095927	3.12762
2.8	1.2	0.8	1.8	-0.0740321	2.11725
2.8	1.2	0.8	1.8	-0.136425	2.5037
2.8	1.2	0.8	1.8	-0.186944	6.77452
2.8	1.2	0.8	2	-0.0304604	3.05148
2.8	1.2	0.8	2	-0.0426567	2.21418
2.8	1.2	0.8	2	0.000127872	2.64708
2.8	1.2	0.8	2	0.289992	6.28312
3	1.2	0.8	1.6	-0.0756504	2.90515
3	1.2	0.8	1.6	-0.0141686	2.32664
3	1.2	0.8	1.6	-0.0868061	2.71481
3	1.2	0.8	1.6	-0.340443	7.41102
3	1.2	0.8	1.8	-0.041668	3.0234
3	1.2	0.8	1.8	2.73587e-05	2.24912
3	1.2	0.8	1.8	-0.0401314	2.65442
3	1.2	0.8	1.8	0.0509187	6.98517
3	1.2	0.8	2	-0.0396247	3.0389
3	1.2	0.8	2	-0.0117952	2.185
3	1.2	0.8	2	0.032137	2.69696
3	1.2	0.8	2	0.0814256	6.80592
2.6	1.2	0.8	1.6	0.0591983	3.2407
2.6	1.2	0.8	1.6	-0.0910041	2.24852
2.6	1.2	0.8	1.6	-0.0951426	2.68899
2.6	1.2	0.8	1.6	0.376973	7.35944
2.6	1.2	0.8	1.8	-0.0146088	3.15859
2.6	1.2	0.8	1.8	-0.0613562	2.16403
2.6	1.2	0.8	1.8	-0.0318421	2.62625
2.6	1.2	0.8	1.8	0.0280213	7.14574
2.6	1.2	0.8	2	0.0311774	3.29837
2.6	1.2	0.8	2	0.0375327	2.30972
2.6	1.2	0.8	2	0.00672755	2.61132
2.6	1.2	0.8	2	0.12556	6.25562
2.8	1.2	0.8	1.6	0.0420514	3.05526
2.8	1.2	0.8	1.6	-0.0847938	2.20305
2.8	1.2	0.8	1.6	-0.0581808	2.62386
2.8	1.2	0.8	1.6	0.190331	7.88805
2.8	1.2	0.8	1.8	0.130516	2.96465
2.8	1.2	0.8	1.8	-0.103429	2.17446
2.8	1.2	0.8	1.8	-0.0962062	2.62227
2.8	1.2	0.8	1.8	-0.223591	7.1798
2.8	1.2	0.8	2	0.179435	3.14658
2.8	1.2	0.8	2	0.0304471	2.03892
2.8	1.2	0.8	2	-0.0559726	2.51788
2.8	1.2	0.8	2	-0.430926	6.13979
3	1.2	0.8	1.6	0.0198586	2.98975
3	1.2	0.8	1.6	0.00780137	2.22521
3	1.2	0.8	1.6	0.00635173	2.6768
3	1.2	0.8	1.6	-0.633553	7.63892
3	1.2	0.8	1.8	0.0386203	3.00772
3	1.2	0.8	1.8	-0.0518735	2.13682
3	1.2	0.8	1.8	-0.126825	2.54671
3	1.2	0.8	1.8	-0.0740361	7.01915
3	1.2	0.8	2	0.065843	2.71348
3	1.2	0.8	2	-0.0941605	2.15341
3	1.2	0.8	2	-0.121489	2.69391
3	1.2	0.8	2	0.253597	6.87511
