1	0.601479	58.511	47	1.24491	0.241846	0.0227583	-1	-1	3
9	0.601479	55.2573	47	1.17569	0.236067	0.0225468	-1	-1	3
11	0.601479	44.2339	47	0.941147	0.21586	0.0220826	-1	-1	3
27	0.601479	33.2766	47	0.708013	0.200093	0.0216359	-1	-1	3
28	0.601479	63.539	47	1.35189	0.187266	0.0213689	-1	-1	3
59	0.601479	48.2726	47	1.02708	0.234157	0.0224742	-1	-1	3
62	0.601479	52.2893	47	1.11254	0.251011	0.0229073	-1	-1	3
70	0.601479	61.2716	47	1.30365	0.269757	0.0232847	-1	-1	3
114	0.601479	69.8582	47	1.48635	0.154653	0.0206531	-1	-1	3
117	0.601479	57.547	47	1.2244	0.187927	0.0214344	-1	-1	3
130	0.601479	51.6851	47	1.09968	0.158883	0.0207383	-1	-1	3
172	0.601479	41.3628	47	0.88006	0.183811	0.021282	-1	-1	3
174	0.601479	65.7873	47	1.39973	0.242759	0.0226499	-1	-1	3
176	0.601479	59.7749	47	1.27181	0.215993	0.0220497	-1	-1	3
181	0.601479	45.4415	47	0.96684	0.103254	0.0194845	-1	-1	3
199	0.601479	56.4476	47	1.20101	0.143531	0.0203352	-1	-1	3
206	0.601479	52.0706	47	1.10789	0.0918546	0.0191639	-1	-1	3
213	0.601479	61.0548	47	1.29904	0.192768	0.0215432	-1	-1	3
236	0.601479	58.8799	47	1.25276	0.204345	0.0217805	-1	-1	3
250	0.601479	47.9771	47	1.02079	0.140164	0.0203016	-1	-1	3
310	0.601479	61.4875	47	1.30825	0.22386	0.0221955	-1	-1	3
315	0.601479	55.5427	47	1.18176	0.124574	0.019891	-1	-1	3
317	0.601479	60.3541	47	1.28413	0.193453	0.0215137	-1	-1	3
318	0.601479	57.2729	47	1.21857	0.181324	0.0211865	-1	-1	3
321	0.601479	71.2821	47	1.51664	0.199408	0.0216178	-1	-1	3
347	0.601479	65.5956	47	1.39565	0.245938	0.0227679	-1	-1	3
356	0.601479	50.2716	47	1.06961	0.21428	0.0219456	-1	-1	3
362	0.601479	53.024	47	1.12817	0.202535	0.0216848	-1	-1	3
371	0.601479	34.8962	47	0.742472	0.199287	0.0216255	-1	-1	3
377	0.601479	46.6355	47	0.992244	0.162062	0.0207562	-1	-1	3
397	0.601479	56.7849	47	1.20819	0.288888	0.0237596	-1	-1	3
407	0.601479	52.8999	47	1.12553	0.222643	0.0222421	-1	-1	3
413	0.601479	45.0765	47	0.959074	0.232624	0.0223901	-1	-1	3
417	0.601479	52.7011	47	1.1213	0.129579	0.0200796	-1	-1	3
419	0.601479	44.042	47	0.937064	0.128863	0.0199786	-1	-1	3
421	0.601479	45.5501	47	0.969152	0.202603	0.0216997	-1	-1	3
460	0.601479	47.7445	47	1.01584	0.269362	0.0233033	-1	-1	3
466	0.601479	37.0372	47	0.788026	0.21728	0.0220702	-1	-1	3
468	0.601479	36.3398	47	0.773187	0.248719	0.0227772	-1	-1	3
477	0.601479	44.4038	47	0.944762	0.174569	0.0210337	-1	-1	3
479	0.601479	57.8033	47	1.22986	0.166404	0.0208318	-1	-1	3
481	0.601479	39.4202	47	0.838727	0.115329	0.0196689	-1	-1	3
528	0.601479	27.0612	47	0.575771	0.188552	0.0213829	-1	-1	3
531	0.601479	65.4617	47	1.3928	0.192377	0.021467	-1	-1	3
538	0.601479	62.5944	47	1.3318	0.137671	0.0202069	-1	-1	3
543	0.601479	51.4335	47	1.09433	0.214892	0.0219635	-1	-1	3
552	0.601479	56.4212	47	1.20045	0.160688	0.0207032	-1	-1	3
556	0.601479	59.8942	47	1.27434	0.165712	0.0208015	-1	-1	3
558	0.601479	61.3087	47	1.30444	0.116088	0.0196853	-1	-1	3
580	0.601479	44.4944	47	0.94669	0.22483	0.0222537	-1	-1	3
583	0.601479	51.1627	47	1.08857	0.213267	0.0219909	-1	-1	3
596	0.601479	35.3072	47	0.751217	0.153021	0.0205451	-1	-1	3
609	0.601479	56.8885	47	1.21039	0.221714	0.0221515	-1	-1	3
641	0.601479	42.6892	47	0.908281	0.23349	0.0224323	-1	-1	3
651	0.601479	49.1088	47	1.04487	0.212433	0.0219533	-1	-1	3
668	0.601479	49.8096	47	1.05978	0.119391	0.0197823	-1	-1	3
681	0.601479	73.7271	47	1.56866	0.177868	0.0211131	-1	-1	3
686	0.601479	40.8672	47	0.869516	0.160363	0.0206564	-1	-1	3
727	0.601479	56.3121	47	1.19813	0.199851	0.0216094	-1	-1	3
728	0.601479	59.0885	47	1.2572	0.185226	0.0212541	-1	-1	3
735	0.601479	50.2327	47	1.06878	0.152133	0.0204983	-1	-1	3
736	0.601479	48.4965	47	1.03184	0.168167	0.0208564	-1	-1	3
738	0.601479	66.927	47	1.42398	0.119645	0.0198204	-1	-1	3
747	0.601479	28.0732	47	0.597303	0.153545	0.0205344	-1	-1	3
750	0.601479	58.0341	47	1.23477	0.162315	0.0206979	-1	-1	3
757	0.601479	66.2739	47	1.41008	0.172549	0.0208778	-1	-1	3
764	0.601479	60.6636	47	1.29071	0.195718	0.0214377	-1	-1	3
787	0.601479	30.0425	47	0.639202	0.194442	0.0214886	-1	-1	3
797	0.601479	51.4158	47	1.09395	0.227645	0.0222871	-1	-1	3
800	0.601479	46.6997	47	0.99361	0.212268	0.021906	-1	-1	3
803	0.601479	56.137	47	1.1944	0.206484	0.0217894	-1	-1	3
810	0.601479	42.9703	47	0.914263	0.159534	0.0206194	-1	-1	3
811	0.601479	62.3829	47	1.3273	0.116248	0.0197257	-1	-1	3
812	0.601479	48.9943	47	1.04243	0.188476	0.0212755	-1	-1	3
823	0.601479	70.8152	47	1.50671	0.0915514	0.0191045	-1	-1	3
848	0.601479	47.1717	47	1.00365	0.190366	0.0214246	-1	-1	3
856	0.601479	67.3967	47	1.43397	0.230986	0.0223773	-1	-1	3
862	0.601479	59.0893	47	1.25722	0.267561	0.0232197	-1	-1	3
873	0.601479	44.7265	47	0.951627	0.18937	0.0213567	-1	-1	3
878	0.601479	56.9759	47	1.21225	0.175756	0.0210298	-1	-1	3
880	0.601479	46.543	47	0.990277	0.148592	0.0204346	-1	-1	3
886	0.601479	50.9719	47	1.08451	0.167077	0.0208346	-1	-1	3
890	0.601479	49.5244	47	1.05371	0.173421	0.0209747	-1	-1	3
900	0.601479	60.0084	47	1.27677	0.0702318	0.0186709	-1	-1	3
901	0.601479	77.5368	47	1.64972	0.162637	0.0206755	-1	-1	3
906	0.601479	63.4773	47	1.35058	0.316322	0.0244814	-1	-1	3
917	0.601479	41.0972	47	0.874408	0.279013	0.0235	-1	-1	3
921	0.601479	51.7984	47	1.10209	0.253034	0.0228476	-1	-1	3
931	0.601479	22.3617	47	0.475781	0.248257	0.0227514	-1	-1	3
940	0.601479	38.6533	47	0.82241	0.149971	0.0204661	-1	-1	3
968	0.601479	38.7082	47	0.823578	0.251336	0.0228311	-1	-1	3
969	0.601479	61.323	47	1.30474	0.236053	0.0225512	-1	-1	3
978	0.601479	48.2497	47	1.02659	0.188274	0.0213634	-1	-1	3
993	0.601479	43.3683	47	0.92273	0.192577	0.0214168	-1	-1	3
994	0.601479	42.9164	47	0.913115	0.204083	0.0216538	-1	-1	3
996	0.601479	38.2006	47	0.812779	0.182922	0.021179	-1	-1	3
998	0.601479	53.4912	47	1.13811	0.173337	0.0209903	-1	-1	3
1003	0.601479	45.4466	47	0.966949	0.219561	0.0220201	-1	-1	3
1007	0.601479	36.1019	47	0.768125	0.180962	0.0210915	-1	-1	3
1009	0.601479	66.1651	47	1.40777	0.187735	0.0212787	-1	-1	3
1010	0.601479	41.4575	47	0.882074	0.207393	0.0217251	-1	-1	3
1017	0.601479	53.5832	47	1.14007	0.19547	0.0214709	-1	-1	3
1055	0.601479	60.4113	47	1.28535	0.203453	0.0216866	-1	-1	3
1061	0.601479	72.3055	47	1.53842	0.230399	0.0223774	-1	-1	3
1062	0.601479	42.3021	47	0.900044	0.254093	0.0228234	-1	-1	3
1065	0.601479	39.8311	47	0.847471	0.199532	0.0216205	-1	-1	3
1072	0.601479	62.9468	47	1.33929	0.159989	0.0206863	-1	-1	3
1076	0.601479	61.1796	47	1.30169	0.172987	0.0210012	-1	-1	3
1085	0.601479	56.0141	47	1.19179	0.13103	0.0199621	-1	-1	3
1093	0.601479	79.0996	47	1.68297	0.173387	0.0208638	-1	-1	3
1107	0.601479	47.7154	47	1.01522	0.289514	0.0237792	-1	-1	3
1138	0.601479	39.7679	47	0.846125	0.167611	0.0208422	-1	-1	3
1141	0.601479	35.544	47	0.756255	0.199446	0.0215638	-1	-1	3
1143	0.601479	55.1609	47	1.17364	0.175164	0.0210143	-1	-1	3
1149	0.601479	39.5337	47	0.841142	0.138854	0.020223	-1	-1	3
1155	0.601479	47.2053	47	1.00437	0.149851	0.020404	-1	-1	3
1158	0.601479	44.4513	47	0.945772	0.120894	0.0197873	-1	-1	3
1167	0.601479	55.2041	47	1.17455	0.130878	0.0199954	-1	-1	3
1172	0.601479	54.4869	47	1.1593	0.174699	0.0209562	-1	-1	3
1177	0.601479	61.6288	47	1.31125	0.300266	0.0240164	-1	-1	3
1181	0.601479	64.7424	47	1.3775	0.2034	0.0217071	-1	-1	3
1186	0.601479	41.1635	47	0.875819	0.204435	0.0217227	-1	-1	3
1199	0.601479	30.5958	47	0.650975	0.240127	0.0225486	-1	-1	3
1222	0.601479	43.0706	47	0.916395	0.201582	0.0215941	-1	-1	3
1227	0.601479	44.2835	47	0.942202	0.184106	0.0211975	-1	-1	3
1228	0.601479	55.3013	47	1.17662	0.163951	0.020689	-1	-1	3
1231	0.601479	37.1151	47	0.789682	0.213007	0.0218651	-1	-1	3
1234	0.601479	61.6757	47	1.31225	0.0763712	0.0187909	-1	-1	3
1236	0.601479	60.6462	47	1.29034	0.141093	0.0202121	-1	-1	3
1239	0.601479	41.8913	47	0.891303	0.214936	0.0218974	-1	-1	3
1244	0.601479	41.6063	47	0.88524	0.174504	0.020943	-1	-1	3
1256	0.601479	51.5115	47	1.09599	0.291388	0.0238309	-1	-1	3
1265	0.601479	59.8979	47	1.27442	0.235502	0.0224805	-1	-1	3
1278	0.601479	56.8761	47	1.21013	0.157254	0.0206017	-1	-1	3
1282	0.601479	44.6868	47	0.950782	0.203994	0.0216463	-1	-1	3
1288	0.601479	46.5183	47	0.98975	0.168265	0.0208629	-1	-1	3
1289	0.601479	51.0578	47	1.08634	0.208531	0.0217986	-1	-1	3
1290	0.601479	41.8429	47	0.890274	0.212734	0.0218922	-1	-1	3
1298	0.601479	41.4187	47	0.881249	0.200353	0.0215864	-1	-1	3
1301	0.601479	44.7101	47	0.95128	0.167866	0.02085	-1	-1	3
1302	0.601479	51.533	47	1.09645	0.143676	0.0202755	-1	-1	3
1303	0.601479	26.6466	47	0.56695	0.183587	0.0211977	-1	-1	3
1326	0.601479	72.0957	47	1.53395	0.225218	0.0222331	-1	-1	3
1337	0.601479	66.1998	47	1.40851	0.262053	0.0230515	-1	-1	3
1341	0.601479	38.8783	47	0.827197	0.229121	0.0222408	-1	-1	3
1343	0.601479	45.1411	47	0.960449	0.197866	0.0215281	-1	-1	3
1345	0.601479	54.3445	47	1.15627	0.150003	0.0204782	-1	-1	3
1349	0.601479	50.5049	47	1.07457	0.164696	0.0208069	-1	-1	3
1351	0.601479	51.0012	47	1.08513	0.21367	0.0219057	-1	-1	3
1357	0.601479	60.1804	47	1.28043	0.18178	0.0211521	-1	-1	3
1359	0.601479	48.2489	47	1.02657	0.187869	0.021316	-1	-1	3
1362	0.601479	51.1685	47	1.08869	0.224591	0.0221266	-1	-1	3
1363	0.601479	55.6512	47	1.18407	0.158318	0.0205484	-1	-1	3
1368	0.601479	52.2797	47	1.11233	0.17761	0.0210819	-1	-1	3
1369	0.601479	36.489	47	0.776361	0.197763	0.0215412	-1	-1	3
1376	0.601479	68.7313	47	1.46237	0.160606	0.0206527	-1	-1	3
1382	0.601479	23.8009	47	0.506401	0.156032	0.0205455	-1	-1	3
1383	0.601479	69.5112	47	1.47896	0.152951	0.0204678	-1	-1	3
1409	0.601479	49.501	47	1.05321	0.211091	0.0218969	-1	-1	3
1422	0.601479	40.5273	47	0.862282	0.21859	0.021998	-1	-1	3
1429	0.601479	60.6051	47	1.28947	0.215209	0.0219299	-1	-1	3
1431	0.601479	36.0781	47	0.76762	0.239488	0.022505	-1	-1	3
1434	0.601479	46.665	47	0.992873	0.229336	0.0222599	-1	-1	3
1438	0.601479	34.7688	47	0.739762	0.208068	0.0217188	-1	-1	3
1439	0.601479	34.8388	47	0.74125	0.246937	0.0226523	-1	-1	3
1443	0.601479	47.2739	47	1.00583	0.245946	0.0226606	-1	-1	3
1444	0.601479	46.5862	47	0.991197	0.205037	0.0216457	-1	-1	3
1445	0.601479	57.8472	47	1.23079	0.217484	0.0219348	-1	-1	3
1447	0.601479	42.6652	47	0.907769	0.197718	0.0215162	-1	-1	3
1453	0.601479	62.0662	47	1.32056	0.129625	0.0199424	-1	-1	3
1473	0.601479	64.1367	47	1.36461	0.113583	0.0195362	-1	-1	3
1479	0.601479	52.551	47	1.11811	0.265146	0.0231871	-1	-1	3
1497	0.601479	48.581	47	1.03364	0.243921	0.0226451	-1	-1	3
1503	0.601479	52.6666	47	1.12057	0.256672	0.0229133	-1	-1	3
1505	0.601479	33.7376	47	0.717821	0.179795	0.0211054	-1	-1	3
1507	0.601479	45.4573	47	0.967177	0.250585	0.022748	-1	-1	3
1509	0.601479	37.5911	47	0.79981	0.238253	0.0224526	-1	-1	3
1510	0.601479	71.5322	47	1.52196	0.190419	0.0213589	-1	-1	3
1511	0.601479	47.6054	47	1.01288	0.173697	0.0209529	-1	-1	3
1514	0.601479	42.3342	47	0.900727	0.20272	0.021647	-1	-1	3
1516	0.601479	63.1029	47	1.34262	0.229137	0.0222422	-1	-1	3
1519	0.601479	59.2946	47	1.26159	0.233872	0.0223649	-1	-1	3
1520	0.601479	38.8215	47	0.825989	0.176863	0.0210223	-1	-1	3
1526	0.601479	68.188	47	1.45081	0.206526	0.0217113	-1	-1	3
1528	0.601479	47.6774	47	1.01441	0.135659	0.0200983	-1	-1	3
1536	0.601479	41.9042	47	0.891579	0.17504	0.0209787	-1	-1	3
1539	0.601479	50.1182	47	1.06634	0.116883	0.0196423	-1	-1	3
1553	0.601479	46.1129	47	0.981126	0.290116	0.0237284	-1	-1	3
1558	0.601479	53.5435	47	1.13922	0.238525	0.0225338	-1	-1	3
1564	0.601479	57.9142	47	1.23222	0.198615	0.0215282	-1	-1	3
1570	0.601479	47.1248	47	1.00265	0.230407	0.0223027	-1	-1	3
1576	0.601479	41.6576	47	0.886331	0.141635	0.0202185	-1	-1	3
1579	0.601479	41.5327	47	0.883675	0.188582	0.0212972	-1	-1	3
1581	0.601479	50.9305	47	1.08363	0.235889	0.0223895	-1	-1	3
1583	0.601479	35.2906	47	0.750864	0.202517	0.0215579	-1	-1	3
1584	0.601479	39.0978	47	0.831868	0.209287	0.0217627	-1	-1	3
1590	0.601479	43.0385	47	0.915712	0.159578	0.0206235	-1	-1	3
1591	0.601479	37.7125	47	0.802394	0.181231	0.0211138	-1	-1	3
1595	0.601479	50.1687	47	1.06742	0.145656	0.0203152	-1	-1	3
1596	0.601479	51.521	47	1.09619	0.133772	0.0200639	-1	-1	3
1598	0.601479	40.7085	47	0.866139	0.192537	0.0213525	-1	-1	3
1602	0.601479	44.1549	47	0.939466	0.138498	0.0201357	-1	-1	3
1609	0.601479	74.012	47	1.57472	0.139606	0.0200748	-1	-1	3
1610	0.601479	56.811	47	1.20874	0.187547	0.0211959	-1	-1	3
1621	0.601479	37.56	47	0.799149	0.177193	0.0210259	-1	-1	3
1622	0.601479	61.401	47	1.3064	0.0960392	0.0191357	-1	-1	3
1623	0.601479	61.2272	47	1.30271	0.115273	0.0195759	-1	-1	3
1640	0.601479	42.3828	47	0.901762	0.232689	0.022346	-1	-1	3
1645	0.601479	54.5348	47	1.16032	0.288463	0.0237345	-1	-1	3
1650	0.601479	36.9861	47	0.786939	0.185677	0.0212602	-1	-1	3
1654	0.601479	23.1304	47	0.492137	0.268236	0.0231418	-1	-1	3
1656	0.601479	51.3761	47	1.09311	0.218257	0.0219865	-1	-1	3
1659	0.601479	56.3958	47	1.19991	0.176579	0.0210228	-1	-1	3
1662	0.601479	42.7033	47	0.908582	0.214091	0.0218686	-1	-1	3
1663	0.601479	79.1531	47	1.68411	0.290749	0.0236897	-1	-1	3
1664	0.601479	49.8806	47	1.06129	0.175538	0.0209948	-1	-1	3
1666	0.601479	37.106	47	0.78949	0.25759	0.0229339	-1	-1	3
1667	0.601479	53.5407	47	1.13916	0.183061	0.0212051	-1	-1	3
1668	0.601479	56.3974	47	1.19994	0.156146	0.0206181	-1	-1	3
1673	0.601479	41.2666	47	0.878012	0.194574	0.0213763	-1	-1	3
1676	0.601479	39.6465	47	0.843542	0.167187	0.0207472	-1	-1	3
1680	0.601479	57.9321	47	1.2326	0.189025	0.0212947	-1	-1	3
1684	0.601479	46.2278	47	0.983571	0.16103	0.0206556	-1	-1	3
1685	0.601479	43.3469	47	0.922275	0.223461	0.02208	-1	-1	3
1688	0.601479	47.0098	47	1.00021	0.143944	0.0202937	-1	-1	3
1691	0.601479	53.3184	47	1.13443	0.120608	0.0197335	-1	-1	3
1695	0.601479	51.1837	47	1.08901	0.152605	0.0205419	-1	-1	3
1701	0.601479	52.0444	47	1.10733	0.152147	0.0204779	-1	-1	3
1714	0.601479	57.5692	47	1.22488	0.132731	0.0199937	-1	-1	3
1734	0.601479	60.5303	47	1.28788	0.231586	0.0223147	-1	-1	3
1742	0.601479	45.9885	47	0.978479	0.224973	0.0221574	-1	-1	3
1745	0.601479	48.9561	47	1.04162	0.150462	0.0204661	-1	-1	3
1747	0.601479	36.1619	47	0.769402	0.144187	0.020268	-1	-1	3
1748	0.601479	40.9093	47	0.87041	0.131466	0.0199712	-1	-1	3
1751	0.601479	35.3383	47	0.751878	0.177266	0.021044	-1	-1	3
1753	0.601479	51.3638	47	1.09285	0.175373	0.0209467	-1	-1	3
1754	0.601479	38.9764	47	0.829285	0.185038	0.0212155	-1	-1	3
1756	0.601479	57.8067	47	1.22993	0.235917	0.0223636	-1	-1	3
1760	0.601479	52.2091	47	1.11083	0.226837	0.0221943	-1	-1	3
1765	0.601479	30.2852	47	0.644365	0.162599	0.0206632	-1	-1	3
1766	0.601479	55.101	47	1.17236	0.196152	0.0214468	-1	-1	3
1769	0.601479	39.934	47	0.84966	0.201975	0.0215998	-1	-1	3
1771	0.601479	38.7088	47	0.823591	0.240555	0.0225097	-1	-1	3
1774	0.601479	41.5197	47	0.883399	0.148605	0.0203904	-1	-1	3
1783	0.601479	32.1162	47	0.683323	0.141722	0.0202143	-1	-1	3
1825	0.601479	62.856	47	1.33736	0.219619	0.0220703	-1	-1	3
1827	0.601479	60.8352	47	1.29437	0.299056	0.0239128	-1	-1	3
1830	0.601479	57.8447	47	1.23074	0.238019	0.0224512	-1	-1	3
1834	0.601479	54.6711	47	1.16322	0.224029	0.0221509	-1	-1	3
1836	0.601479	63.5147	47	1.35138	0.238521	0.0225009	-1	-1	3
1839	0.601479	48.2368	47	1.02631	0.188363	0.0213214	-1	-1	3
1841	0.601479	36.6773	47	0.780369	0.288772	0.0236419	-1	-1	3
1844	0.601479	49.7852	47	1.05926	0.187991	0.0212991	-1	-1	3
1849	0.601479	50.3587	47	1.07146	0.133661	0.0200299	-1	-1	3
1850	0.601479	30.8778	47	0.656975	0.10757	0.0194638	-1	-1	3
1852	0.601479	36.9335	47	0.78582	0.200525	0.0215359	-1	-1	3
1854	0.601479	42.5079	47	0.904423	0.166071	0.020776	-1	-1	3
1855	0.601479	33.539	47	0.713595	0.253084	0.0227673	-1	-1	3
1862	0.601479	49.3567	47	1.05014	0.128462	0.019889	-1	-1	3
1866	0.601479	55.2834	47	1.17624	0.118074	0.0197023	-1	-1	3
1873	0.601479	49.0758	47	1.04417	0.170895	0.0208031	-1	-1	3
1881	0.601479	45.1605	47	0.960862	0.136523	0.0200605	-1	-1	3
1889	0.601479	60.7368	47	1.29227	0.115185	0.0195287	-1	-1	3
1895	0.601479	47.0952	47	1.00203	0.222087	0.0220961	-1	-1	3
1897	0.601479	50.3474	47	1.07122	0.214208	0.0219307	-1	-1	3
1899	0.601479	36.1097	47	0.768292	0.262001	0.0230244	-1	-1	3
1912	0.601479	52.232	47	1.11132	0.194199	0.0214359	-1	-1	3
1916	0.601479	34.4833	47	0.733687	0.165911	0.0207613	-1	-1	3
1918	0.601479	32.6183	47	0.694005	0.221256	0.0220288	-1	-1	3
1919	0.601479	45.2346	47	0.962438	0.195108	0.0213997	-1	-1	3
1921	0.601479	49.9786	47	1.06337	0.229069	0.0221927	-1	-1	3
1923	0.601479	45.758	47	0.973575	0.209161	0.0217368	-1	-1	3
1924	0.601479	46.0098	47	0.978932	0.22938	0.0221999	-1	-1	3
1928	0.601479	52.6365	47	1.11993	0.165417	0.0207537	-1	-1	3
1931	0.601479	58.5027	47	1.24474	0.197887	0.0214965	-1	-1	3
1938	0.601479	46.3373	47	0.985901	0.116237	0.0195882	-1	-1	3
1972	0.601479	50.8854	47	1.08267	0.162775	0.0207304	-1	-1	3
1974	0.601479	46.1626	47	0.982184	0.22833	0.0222157	-1	-1	3
1975	0.601479	51.6776	47	1.09952	0.191556	0.0213633	-1	-1	3
1977	0.601479	44.0461	47	0.937152	0.211014	0.021763	-1	-1	3
1979	0.601479	51.6313	47	1.09854	0.224146	0.0221067	-1	-1	3
1989	0.601479	51.1694	47	1.08871	0.155987	0.0205229	-1	-1	3
1990	0.601479	36.3842	47	0.774132	0.171702	0.0208952	-1	-1	3
1991	0.601479	45.6364	47	0.970988	0.18036	0.021071	-1	-1	3
1994	0.601479	50.5724	47	1.07601	0.206809	0.0216882	-1	-1	3
1995	0.601479	28.8154	47	0.613093	0.18023	0.0210712	-1	-1	3
1996	0.601479	42.9503	47	0.913836	0.196097	0.021457	-1	-1	3
2005	0.601479	57.0209	47	1.21321	0.191613	0.0212772	-1	-1	3
2006	0.601479	49.7153	47	1.05777	0.20637	0.0217007	-1	-1	3
2010	0.601479	54.791	47	1.16577	0.150221	0.0204161	-1	-1	3
2015	0.601479	46.2143	47	0.983283	0.167012	0.0207561	-1	-1	3
2016	0.601479	46.4658	47	0.988634	0.165442	0.0207545	-1	-1	3
2029	0.601479	57.1014	47	1.21492	0.119625	0.0196205	-1	-1	3
2039	0.601479	56.0962	47	1.19354	0.136425	0.0200349	-1	-1	3
2056	0.601479	53.6965	47	1.14248	0.236953	0.0224408	-1	-1	3
2058	0.601479	54.7203	47	1.16426	0.257782	0.0229308	-1	-1	3
2064	0.601479	60.1526	47	1.27984	0.284715	0.0235983	-1	-1	3
2066	0.601479	40.6928	47	0.865804	0.195047	0.021416	-1	-1	3
2067	0.601479	72.9655	47	1.55246	0.293067	0.0238103	-1	-1	3
2068	0.601479	30.8331	47	0.656022	0.172615	0.0209146	-1	-1	3
2072	0.601479	50.0215	47	1.06429	0.262226	0.0230531	-1	-1	3
2076	0.601479	28.0656	47	0.597141	0.209172	0.0217245	-1	-1	3
2078	0.601479	61.7235	47	1.31327	0.197801	0.0215099	-1	-1	3
2079	0.601479	35.3714	47	0.752584	0.179109	0.0210764	-1	-1	3
2082	0.601479	41.8062	47	0.889493	0.239823	0.0224585	-1	-1	3
2084	0.601479	52.0244	47	1.1069	0.207273	0.0217074	-1	-1	3
2087	0.601479	48.6361	47	1.03481	0.213048	0.0217935	-1	-1	3
2090	0.601479	65.2605	47	1.38852	0.15626	0.0205328	-1	-1	3
2091	0.601479	51.4869	47	1.09547	0.226163	0.0221129	-1	-1	3
2092	0.601479	31.4298	47	0.668719	0.121937	0.0197642	-1	-1	3
2094	0.601479	38.7522	47	0.824514	0.152053	0.0204117	-1	-1	3
2095	0.601479	44.0166	47	0.936524	0.194388	0.0213997	-1	-1	3
2096	0.601479	55.5688	47	1.18232	0.112499	0.0195122	-1	-1	3
2099	0.601479	55.2075	47	1.17463	0.16461	0.0207207	-1	-1	3
2104	0.601479	45.5137	47	0.968376	0.138715	0.0201351	-1	-1	3
2108	0.601479	53.0666	47	1.12908	0.188266	0.0212824	-1	-1	3
2114	0.601479	50.9837	47	1.08476	0.210631	0.0217804	-1	-1	3
2118	0.601479	46.9851	47	0.999683	0.20031	0.0214837	-1	-1	3
2161	0.601479	45.2516	47	0.962801	0.25166	0.0227482	-1	-1	3
2163	0.601479	47.633	47	1.01347	0.179168	0.0210593	-1	-1	3
2165	0.601479	45.9686	47	0.978056	0.182297	0.0211452	-1	-1	3
2166	0.601479	53.5931	47	1.14028	0.172171	0.0209159	-1	-1	3
2168	0.601479	66.681	47	1.41874	0.164554	0.0207471	-1	-1	3
2170	0.601479	40.3409	47	0.858317	0.200163	0.0215392	-1	-1	3
2174	0.601479	66.4554	47	1.41394	0.19823	0.021452	-1	-1	3
2175	0.601479	47.3324	47	1.00707	0.206288	0.0216383	-1	-1	3
2177	0.601479	48.6624	47	1.03537	0.189116	0.0212601	-1	-1	3
2179	0.601479	46.9926	47	0.999842	0.1761	0.0209522	-1	-1	3
2192	0.601479	41.5167	47	0.883335	0.152928	0.0204153	-1	-1	3
2197	0.601479	45.5379	47	0.968892	0.170403	0.0207981	-1	-1	3
2198	0.601479	36.2507	47	0.771291	0.169363	0.0207843	-1	-1	3
2215	0.601479	49.0961	47	1.0446	0.264601	0.023103	-1	-1	3
2217	0.601479	51.4322	47	1.0943	0.272863	0.023258	-1	-1	3
2225	0.601479	45.564	47	0.969446	0.258487	0.0229086	-1	-1	3
2228	0.601479	34.7161	47	0.738641	0.221258	0.0220431	-1	-1	3
2231	0.601479	44.9692	47	0.956792	0.255866	0.0228193	-1	-1	3
2235	0.601479	48.3451	47	1.02862	0.260025	0.0229482	-1	-1	3
2237	0.601479	58.4101	47	1.24277	0.255099	0.0228069	-1	-1	3
2238	0.601479	53.3669	47	1.13547	0.150958	0.020407	-1	-1	3
2242	0.601479	54.1535	47	1.1522	0.250104	0.0226757	-1	-1	3
2243	0.601479	44.7155	47	0.951393	0.235289	0.0223512	-1	-1	3
2245	0.601479	25.1327	47	0.534739	0.198251	0.0215043	-1	-1	3
2246	0.601479	54.3071	47	1.15547	0.225126	0.0220853	-1	-1	3
2248	0.601479	36.7897	47	0.78276	0.28521	0.0235587	-1	-1	3
2249	0.601479	37.9188	47	0.806784	0.17489	0.0209619	-1	-1	3
2253	0.601479	40.3379	47	0.858252	0.256242	0.0228123	-1	-1	3
2254	0.601479	46.9456	47	0.998843	0.220874	0.0220133	-1	-1	3
2255	0.601479	51.0119	47	1.08536	0.150629	0.0203779	-1	-1	3
2256	0.601479	51.5909	47	1.09768	0.190872	0.0212944	-1	-1	3
2258	0.601479	51.9788	47	1.10593	0.204579	0.0215767	-1	-1	3
2267	0.601479	40.7185	47	0.866351	0.14099	0.0201749	-1	-1	3
2269	0.601479	53.5736	47	1.13986	0.175722	0.0208956	-1	-1	3
2270	0.601479	43.0389	47	0.915721	0.162745	0.0206564	-1	-1	3
2272	0.601479	45.0921	47	0.959407	0.120248	0.0196702	-1	-1	3
2276	0.601479	41.5319	47	0.883658	0.0839945	0.0188598	-1	-1	3
2288	0.601479	42.2141	47	0.898172	0.147665	0.0202682	-1	-1	3
2307	0.601479	56.3119	47	1.19813	0.180169	0.0211237	-1	-1	3
2308	0.601479	36.5621	47	0.777918	0.203188	0.0215568	-1	-1	3
2309	0.601479	41.4289	47	0.881466	0.260642	0.0229722	-1	-1	3
2310	0.601479	59.5075	47	1.26612	0.266216	0.0231403	-1	-1	3
2312	0.601479	42.5141	47	0.904554	0.23493	0.0223554	-1	-1	3
2317	0.601479	54.892	47	1.16792	0.275842	0.0233298	-1	-1	3
2318	0.601479	36.0007	47	0.765973	0.192694	0.0213965	-1	-1	3
2320	0.601479	44.597	47	0.948873	0.212324	0.0218071	-1	-1	3
2325	0.601479	45.1948	47	0.961591	0.197906	0.021486	-1	-1	3
2326	0.601479	48.7102	47	1.03639	0.172381	0.0209389	-1	-1	3
2329	0.601479	66.3974	47	1.41271	0.211696	0.021861	-1	-1	3
2330	0.601479	52.7368	47	1.12206	0.262509	0.0229549	-1	-1	3
2332	0.601479	42.4704	47	0.903625	0.208775	0.02173	-1	-1	3
2333	0.601479	43.6449	47	0.928614	0.216849	0.0219253	-1	-1	3
2334	0.601479	41.3615	47	0.880033	0.236853	0.0224252	-1	-1	3
2335	0.601479	34.4587	47	0.733163	0.235807	0.0223527	-1	-1	3
2338	0.601479	42.7622	47	0.909833	0.151986	0.0204152	-1	-1	3
2339	0.601479	58.6775	47	1.24846	0.236357	0.022343	-1	-1	3
2340	0.601479	48.0802	47	1.02298	0.202457	0.0216027	-1	-1	3
2341	0.601479	54.1116	47	1.15131	0.227019	0.02218	-1	-1	3
2343	0.601479	48.6848	47	1.03585	0.192855	0.0213699	-1	-1	3
2344	0.601479	57.0871	47	1.21462	0.201717	0.0215636	-1	-1	3
2347	0.601479	49.1217	47	1.04514	0.202337	0.0215437	-1	-1	3
2348	0.601479	48.035	47	1.02202	0.233358	0.0222882	-1	-1	3
2349	0.601479	64.2976	47	1.36803	0.201675	0.0214913	-1	-1	3
2350	0.601479	33.8296	47	0.71978	0.176309	0.0209777	-1	-1	3
2352	0.601479	56.4326	47	1.20069	0.2413	0.0224579	-1	-1	3
2354	0.601479	50.3259	47	1.07076	0.23852	0.0224338	-1	-1	3
2356	0.601479	67.9602	47	1.44596	0.165709	0.0207543	-1	-1	3
2357	0.601479	44.5081	47	0.946982	0.232964	0.0222807	-1	-1	3
2360	0.601479	34.4952	47	0.733941	0.13526	0.020026	-1	-1	3
2362	0.601479	34.9476	47	0.743567	0.220926	0.0219983	-1	-1	3
2370	0.601479	56.8841	47	1.2103	0.124321	0.0197561	-1	-1	3
2373	0.601479	43.0556	47	0.916076	0.188242	0.0212302	-1	-1	3
2375	0.601479	46.5559	47	0.990551	0.119623	0.0196669	-1	-1	3
2380	0.601479	32.539	47	0.692319	0.108818	0.019438	-1	-1	3
2383	0.601479	50.874	47	1.08243	0.111208	0.0194228	-1	-1	3
2384	0.601479	49.7293	47	1.05807	0.0881709	0.0190052	-1	-1	3
2403	0.601479	65.8915	47	1.40195	0.248481	0.0226851	-1	-1	3
2407	0.601479	53.0639	47	1.12902	0.346215	0.0250486	-1	-1	3
2408	0.601479	36.1074	47	0.768242	0.263465	0.0230628	-1	-1	3
2411	0.601479	50.4693	47	1.07381	0.178324	0.0210377	-1	-1	3
2414	0.601479	54.444	47	1.15838	0.230627	0.022233	-1	-1	3
2415	0.601479	43.5962	47	0.927578	0.265803	0.0230859	-1	-1	3
2422	0.601479	35.148	47	0.747829	0.26697	0.0231163	-1	-1	3
2423	0.601479	59.7841	47	1.272	0.239914	0.0224141	-1	-1	3
2424	0.601479	51.3673	47	1.09292	0.197081	0.0214543	-1	-1	3
2425	0.601479	44.3934	47	0.94454	0.193913	0.0213635	-1	-1	3
2426	0.601479	49.1487	47	1.04572	0.19682	0.0214403	-1	-1	3
2428	0.601479	46.1132	47	0.981133	0.209169	0.0217205	-1	-1	3
2429	0.601479	47.2712	47	1.00577	0.253223	0.0228067	-1	-1	3
2433	0.601479	38.7785	47	0.825075	0.178052	0.0210345	-1	-1	3
2434	0.601479	36.8779	47	0.784637	0.162555	0.0206174	-1	-1	3
2435	0.601479	72.0912	47	1.53386	0.207924	0.0217076	-1	-1	3
2436	0.601479	47.8306	47	1.01767	0.218091	0.021929	-1	-1	3
2438	0.601479	30.7288	47	0.653803	0.205151	0.0216533	-1	-1	3
2442	0.601479	73.5046	47	1.56393	0.302575	0.0238679	-1	-1	3
2443	0.601479	59.7378	47	1.27102	0.217097	0.0219335	-1	-1	3
2444	0.601479	42.4169	47	0.902486	0.175856	0.0209471	-1	-1	3
2445	0.601479	51.6465	47	1.09886	0.203604	0.0216099	-1	-1	3
2448	0.601479	35.9997	47	0.765951	0.147807	0.0203248	-1	-1	3
2451	0.601479	60.5526	47	1.28835	0.19319	0.0213129	-1	-1	3
2452	0.601479	32.6445	47	0.694564	0.163623	0.0206747	-1	-1	3
2456	0.601479	62.6479	47	1.33293	0.100555	0.0192471	-1	-1	3
2459	0.601479	51.1963	47	1.08928	0.188855	0.0212199	-1	-1	3
2473	0.601479	43.8054	47	0.93203	0.171825	0.0208107	-1	-1	3
2475	0.601479	46.6367	47	0.992271	0.0875987	0.0189402	-1	-1	3
2490	0.601479	55.9441	47	1.1903	0.226995	0.0221886	-1	-1	3
2494	0.601479	67.6248	47	1.43882	0.189638	0.0212843	-1	-1	3
2495	0.601479	51.5494	47	1.0968	0.21645	0.0219441	-1	-1	3
2496	0.601479	59.3355	47	1.26246	0.218854	0.0219618	-1	-1	3
2498	0.601479	59.7359	47	1.27098	0.259255	0.0229129	-1	-1	3
2503	0.601479	54.372	47	1.15685	0.209447	0.021752	-1	-1	3
2506	0.601479	53.7977	47	1.14463	0.181251	0.0211183	-1	-1	3
2510	0.601479	50.36	47	1.07149	0.162988	0.0206716	-1	-1	3
2511	0.601479	38.7465	47	0.824393	0.265394	0.0230496	-1	-1	3
2512	0.601479	46.3178	47	0.985484	0.123845	0.0197555	-1	-1	3
2513	0.601479	62.2383	47	1.32422	0.254822	0.022788	-1	-1	3
2514	0.601479	28.8924	47	0.614731	0.18363	0.0211334	-1	-1	3
2522	0.601479	34.7102	47	0.738516	0.145158	0.0202676	-1	-1	3
2523	0.601479	38.8912	47	0.827473	0.109255	0.0194395	-1	-1	3
2524	0.601479	57.1994	47	1.21701	0.225095	0.0221117	-1	-1	3
2525	0.601479	29.7638	47	0.633273	0.175392	0.0209428	-1	-1	3
2526	0.601479	38.5483	47	0.820177	0.22849	0.0221354	-1	-1	3
2527	0.601479	51.4774	47	1.09526	0.203761	0.0215799	-1	-1	3
2528	0.601479	67.2947	47	1.4318	0.234313	0.0223016	-1	-1	3
2531	0.601479	58.8971	47	1.25313	0.161567	0.0205837	-1	-1	3
2532	0.601479	47.5528	47	1.01176	0.0991106	0.0192179	-1	-1	3
2533	0.601479	40.0312	47	0.851728	0.213384	0.0217675	-1	-1	3
2536	0.601479	54.1375	47	1.15186	0.154272	0.0204644	-1	-1	3
2538	0.601479	59.3688	47	1.26317	0.175944	0.0209357	-1	-1	3
2541	0.601479	37.2846	47	0.79329	0.198473	0.0214468	-1	-1	3
2543	0.601479	58.7499	47	1.25	0.126107	0.0198009	-1	-1	3
2547	0.601479	55.5978	47	1.18293	0.198311	0.0214216	-1	-1	3
2548	0.601479	59.7529	47	1.27134	0.137448	0.020112	-1	-1	3
2549	0.601479	48.2496	47	1.02659	0.116792	0.0196057	-1	-1	3
2550	0.601479	49.2109	47	1.04704	0.0754479	0.0186833	-1	-1	3
2551	0.601479	49.4481	47	1.05209	0.153665	0.020448	-1	-1	3
2552	0.601479	35.8246	47	0.762226	0.15179	0.0203716	-1	-1	3
2558	0.601479	51.2576	47	1.09059	0.137286	0.0200044	-1	-1	3
2575	0.601479	41.9762	47	0.893112	0.298549	0.0238711	-1	-1	3
2576	0.601479	72.9331	47	1.55177	0.207089	0.021734	-1	-1	3
2582	0.601479	75.0048	47	1.59585	0.216809	0.0219459	-1	-1	3
2583	0.601479	60.6899	47	1.29128	0.236067	0.0223336	-1	-1	3
2585	0.601479	48.7004	47	1.03618	0.225406	0.0221227	-1	-1	3
2586	0.601479	40.1517	47	0.854292	0.234825	0.0223158	-1	-1	3
2589	0.601479	50.9909	47	1.08491	0.264776	0.0230501	-1	-1	3
2591	0.601479	59.6837	47	1.26986	0.223478	0.0220935	-1	-1	3
2593	0.601479	71.4945	47	1.52116	0.201614	0.0215159	-1	-1	3
2595	0.601479	43.6917	47	0.92961	0.197162	0.0214701	-1	-1	3
2596	0.601479	47.7557	47	1.01608	0.303242	0.0239469	-1	-1	3
2598	0.601479	43.3554	47	0.922455	0.186587	0.0211654	-1	-1	3
2601	0.601479	38.2295	47	0.813394	0.227014	0.0220993	-1	-1	3
2602	0.601479	43.7413	47	0.930666	0.149434	0.0203626	-1	-1	3
2604	0.601479	45.0937	47	0.959441	0.152937	0.0204169	-1	-1	3
2605	0.601479	30.4096	47	0.647013	0.290065	0.023634	-1	-1	3
2610	0.601479	45.3402	47	0.964684	0.196788	0.0214304	-1	-1	3
2611	0.601479	52.9237	47	1.12604	0.173389	0.0208882	-1	-1	3
2613	0.601479	38.7103	47	0.823623	0.169425	0.0207817	-1	-1	3
2614	0.601479	73.5654	47	1.56522	0.201675	0.0215567	-1	-1	3
2618	0.601479	50.561	47	1.07577	0.206094	0.0216078	-1	-1	3
2625	0.601479	37.1403	47	0.790219	0.208585	0.0216535	-1	-1	3
2626	0.601479	47.9209	47	1.01959	0.16407	0.0206402	-1	-1	3
2632	0.601479	47.3581	47	1.00762	0.132681	0.0199566	-1	-1	3
2636	0.601479	34.3376	47	0.730587	0.11016	0.0194381	-1	-1	3
2660	0.601479	52.3417	47	1.11365	0.228201	0.0221917	-1	-1	3
2664	0.601479	63.0066	47	1.34056	0.206842	0.0217198	-1	-1	3
2668	0.601479	55.3007	47	1.17661	0.245385	0.02265	-1	-1	3
2672	0.601479	54.4909	47	1.15938	0.181355	0.0210597	-1	-1	3
2673	0.601479	65.9226	47	1.40261	0.187757	0.0211752	-1	-1	3
2674	0.601479	37.8977	47	0.806335	0.271016	0.0232343	-1	-1	3
2678	0.601479	73.8022	47	1.57026	0.178573	0.0210788	-1	-1	3
2680	0.601479	55.7129	47	1.18538	0.199571	0.0214643	-1	-1	3
2681	0.601479	39.8726	47	0.848353	0.260985	0.0229749	-1	-1	3
2683	0.601479	54.5516	47	1.16067	0.208972	0.0216944	-1	-1	3
2688	0.601479	49.7834	47	1.05922	0.18357	0.0210847	-1	-1	3
2690	0.601479	35.6758	47	0.759059	0.249016	0.0226574	-1	-1	3
2696	0.601479	39.8948	47	0.848825	0.254097	0.0227477	-1	-1	3
2697	0.601479	47.9313	47	1.01981	0.179231	0.0210125	-1	-1	3
2698	0.601479	51.4161	47	1.09396	0.187278	0.021194	-1	-1	3
2705	0.601479	40.9779	47	0.871869	0.0857307	0.0189043	-1	-1	3
2706	0.601479	50.6149	47	1.07691	0.128335	0.0199256	-1	-1	3
2709	0.601479	43.0805	47	0.916605	0.191544	0.021253	-1	-1	3
2711	0.601479	31.6187	47	0.672738	0.206884	0.0216101	-1	-1	3
2713	0.601479	52.7847	47	1.12308	0.206879	0.0216174	-1	-1	3
2715	0.601479	58.7746	47	1.25052	0.187429	0.0211741	-1	-1	3
2719	0.601479	39.3638	47	0.837527	0.201877	0.0215104	-1	-1	3
2723	0.601479	45.3375	47	0.964627	0.184106	0.0210729	-1	-1	3
2724	0.601479	52.5558	47	1.11821	0.227096	0.0220795	-1	-1	3
2728	0.601479	44.1471	47	0.9393	0.142436	0.0201316	-1	-1	3
2738	0.601479	37.5029	47	0.797935	0.283968	0.0235088	-1	-1	3
2739	0.601479	68.1714	47	1.45045	0.26279	0.023038	-1	-1	3
2748	0.601479	29.1175	47	0.619521	0.236366	0.022344	-1	-1	3
2750	0.601479	34.8294	47	0.741052	0.234783	0.0222798	-1	-1	3
2751	0.601479	49.8459	47	1.06055	0.208242	0.0217045	-1	-1	3
2752	0.601479	38.1689	47	0.812103	0.185146	0.0211719	-1	-1	3
2754	0.601479	33.1567	47	0.705462	0.238019	0.0223982	-1	-1	3
2755	0.601479	50.4775	47	1.07399	0.251263	0.0226965	-1	-1	3
2757	0.601479	44.4205	47	0.945118	0.236966	0.0223359	-1	-1	3
2758	0.601479	34.4601	47	0.733194	0.228917	0.022165	-1	-1	3
2760	0.601479	44.75	47	0.952127	0.278087	0.0233624	-1	-1	3
2762	0.601479	35.0264	47	0.745242	0.225024	0.0220702	-1	-1	3
2763	0.601479	51.0638	47	1.08646	0.19228	0.0213001	-1	-1	3
2765	0.601479	47.0116	47	1.00025	0.19785	0.0214146	-1	-1	3
2766	0.601479	57.3368	47	1.21993	0.222845	0.0220233	-1	-1	3
2769	0.601479	39.5751	47	0.842024	0.183116	0.0211011	-1	-1	3
2773	0.601479	40.3527	47	0.858568	0.131743	0.0199168	-1	-1	3
2774	0.601479	56.9461	47	1.21162	0.202946	0.0215219	-1	-1	3
2776	0.601479	33.3614	47	0.709816	0.158781	0.0205484	-1	-1	3
2777	0.601479	49.2074	47	1.04697	0.213036	0.0217471	-1	-1	3
2780	0.601479	54.3298	47	1.15595	0.211585	0.0217205	-1	-1	3
2781	0.601479	56.6686	47	1.20572	0.184036	0.0211518	-1	-1	3
2789	0.601479	54.5909	47	1.16151	0.155404	0.0204523	-1	-1	3
2791	0.601479	37.1518	47	0.790464	0.156797	0.0204768	-1	-1	3
2793	0.601479	30.5301	47	0.649576	0.188292	0.0212265	-1	-1	3
2799	0.601479	62.4773	47	1.3293	0.123081	0.0196673	-1	-1	3
2813	0.601479	41.8615	47	0.890671	0.287123	0.0235647	-1	-1	3
2825	0.601479	63.7404	47	1.35618	0.204201	0.0215984	-1	-1	3
2828	0.601479	35.7663	47	0.760985	0.22008	0.0219487	-1	-1	3
2835	0.601479	32.5905	47	0.693414	0.174206	0.0208917	-1	-1	3
2836	0.601479	69.0878	47	1.46995	0.155342	0.0204956	-1	-1	3
2839	0.601479	40.7972	47	0.868026	0.185432	0.0211446	-1	-1	3
2840	0.601479	44.7384	47	0.95188	0.30885	0.0241496	-1	-1	3
2842	0.601479	61.3507	47	1.30533	0.270394	0.0230996	-1	-1	3
2843	0.601479	47.6856	47	1.01459	0.212465	0.0217263	-1	-1	3
2844	0.601479	37.696	47	0.802042	0.176738	0.0209525	-1	-1	3
2850	0.601479	31.9509	47	0.679807	0.187563	0.0211718	-1	-1	3
2852	0.601479	40.2467	47	0.856312	0.197029	0.0213918	-1	-1	3
2854	0.601479	34.1589	47	0.726786	0.279779	0.0233578	-1	-1	3
2855	0.601479	61.4199	47	1.30681	0.122343	0.0197493	-1	-1	3
2856	0.601479	35.33	47	0.751702	0.155507	0.0204255	-1	-1	3
2857	0.601479	36.0571	47	0.767173	0.186886	0.0211651	-1	-1	3
2858	0.601479	36.7825	47	0.782606	0.205159	0.0215922	-1	-1	3
2860	0.601479	54.5337	47	1.16029	0.210277	0.0217198	-1	-1	3
2861	0.601479	39.0983	47	0.831878	0.207926	0.021658	-1	-1	3
2862	0.601479	42.3314	47	0.900668	0.138495	0.0201113	-1	-1	3
2863	0.601479	46.8771	47	0.997384	0.243459	0.0225046	-1	-1	3
2865	0.601479	62.8199	47	1.33659	0.138268	0.0201091	-1	-1	3
2866	0.601479	57.7243	47	1.22818	0.130253	0.0198846	-1	-1	3
2868	0.601479	50.8721	47	1.08239	0.191656	0.0212755	-1	-1	3
2871	0.601479	49.9695	47	1.06318	0.121553	0.0197216	-1	-1	3
2872	0.601479	42.4373	47	0.902921	0.200813	0.0214947	-1	-1	3
2875	0.601479	63.7368	47	1.3561	0.230947	0.0221771	-1	-1	3
2876	0.601479	25.9045	47	0.551159	0.181359	0.0210603	-1	-1	3
2879	0.601479	39.6271	47	0.843129	0.160802	0.0205487	-1	-1	3
2885	0.601479	45.5484	47	0.969115	0.164166	0.0207041	-1	-1	3
2895	0.601479	37.183	47	0.791128	0.13971	0.0200635	-1	-1	3
2908	0.601479	45.4572	47	0.967175	0.262205	0.0229569	-1	-1	3
2919	0.601479	46.6014	47	0.99152	0.226278	0.0220926	-1	-1	3
2924	0.601479	51.088	47	1.08698	0.304848	0.0240318	-1	-1	3
2928	0.601479	44.7943	47	0.95307	0.244938	0.0225356	-1	-1	3
2929	0.601479	39.2316	47	0.834714	0.244758	0.022525	-1	-1	3
2931	0.601479	35.5716	47	0.756843	0.229884	0.0221874	-1	-1	3
2932	0.601479	43.3168	47	0.921635	0.199303	0.0214656	-1	-1	3
2933	0.601479	32.8733	47	0.699431	0.24392	0.0224922	-1	-1	3
2934	0.601479	50.4688	47	1.07381	0.24498	0.0226044	-1	-1	3
2935	0.601479	65.1284	47	1.38571	0.184354	0.0211597	-1	-1	3
2938	0.601479	40.9804	47	0.871924	0.255181	0.0228213	-1	-1	3
2939	0.601479	61.3783	47	1.30592	0.213253	0.0217997	-1	-1	3
2940	0.601479	45.8721	47	0.976002	0.233532	0.0223348	-1	-1	3
2941	0.601479	43.562	47	0.926851	0.200377	0.0214786	-1	-1	3
2942	0.601479	51.9763	47	1.10588	0.23481	0.0222908	-1	-1	3
2944	0.601479	60.5583	47	1.28847	0.235073	0.0222932	-1	-1	3
2945	0.601479	37.3678	47	0.795059	0.240949	0.0224669	-1	-1	3
2946	0.601479	50.5936	47	1.07646	0.220294	0.0219484	-1	-1	3
2948	0.601479	49.5992	47	1.0553	0.159997	0.0205482	-1	-1	3
2949	0.601479	43.5559	47	0.926721	0.203243	0.0215773	-1	-1	3
2951	0.601479	45.7263	47	0.972901	0.200287	0.0215019	-1	-1	3
2953	0.601479	34.5011	47	0.734067	0.1973	0.0214128	-1	-1	3
2955	0.601479	63.1727	47	1.3441	0.184903	0.0211183	-1	-1	3
2957	0.601479	36.3343	47	0.77307	0.202145	0.0214852	-1	-1	3
2960	0.601479	39.8735	47	0.848373	0.19072	0.0212617	-1	-1	3
2961	0.601479	63.2641	47	1.34604	0.177854	0.020909	-1	-1	3
2964	0.601479	50.1955	47	1.06799	0.241076	0.0223981	-1	-1	3
2965	0.601479	40.3795	47	0.859138	0.143555	0.0201873	-1	-1	3
2966	0.601479	44.2386	47	0.941246	0.223652	0.0220274	-1	-1	3
2968	0.601479	47.6827	47	1.01453	0.15611	0.020415	-1	-1	3
2972	0.601479	51.0326	47	1.0858	0.25036	0.02261	-1	-1	3
2973	0.601479	33.6368	47	0.715676	0.110395	0.0194175	-1	-1	3
2998	0.601479	38.4283	47	0.817622	0.198581	0.0214776	-1	-1	3
3001	0.601479	44.7993	47	0.953177	0.25991	0.0229551	-1	-1	3
3006	0.601479	47.025	47	1.00053	0.21359	0.0217951	-1	-1	3
3007	0.601479	54.9763	47	1.16971	0.215959	0.0218447	-1	-1	3
3009	0.601479	53.2887	47	1.1338	0.229467	0.0221282	-1	-1	3
3010	0.601479	41.9464	47	0.892476	0.168439	0.0207821	-1	-1	3
3012	0.601479	54.9714	47	1.1696	0.18728	0.0212083	-1	-1	3
3014	0.601479	40.7218	47	0.866421	0.209603	0.0217122	-1	-1	3
3016	0.601479	41.6276	47	0.885693	0.313495	0.0241682	-1	-1	3
3018	0.601479	48.8149	47	1.03861	0.248362	0.0226076	-1	-1	3
3019	0.601479	27.9291	47	0.594237	0.227458	0.0221432	-1	-1	3
3022	0.601479	61.4604	47	1.30767	0.190959	0.0212443	-1	-1	3
3025	0.601479	50.221	47	1.06853	0.213492	0.021755	-1	-1	3
3026	0.601479	35.4123	47	0.753453	0.223996	0.0220134	-1	-1	3
3027	0.601479	37.0513	47	0.788326	0.206838	0.021627	-1	-1	3
3028	0.601479	36.9507	47	0.786185	0.136881	0.0200495	-1	-1	3
3029	0.601479	40.3251	47	0.857982	0.226406	0.0221414	-1	-1	3
3030	0.601479	50.7384	47	1.07954	0.23472	0.0222525	-1	-1	3
3031	0.601479	50.4909	47	1.07427	0.112322	0.0194971	-1	-1	3
3034	0.601479	42.3458	47	0.900974	0.226228	0.0220636	-1	-1	3
3035	0.601479	37.0592	47	0.788493	0.204646	0.0215435	-1	-1	3
3036	0.601479	39.1376	47	0.832714	0.213119	0.0217539	-1	-1	3
3037	0.601479	43.1746	47	0.918609	0.148227	0.0202787	-1	-1	3
3038	0.601479	59.1251	47	1.25798	0.207927	0.0216719	-1	-1	3
3039	0.601479	53.2605	47	1.1332	0.111208	0.0194961	-1	-1	3
3046	0.601479	32.7887	47	0.697631	0.192456	0.0212643	-1	-1	3
3049	0.601479	44.5543	47	0.947965	0.113317	0.0194806	-1	-1	3
3051	0.601479	44.6729	47	0.950488	0.115916	0.0195833	-1	-1	3
3055	0.601479	38.8663	47	0.826942	0.18562	0.0211059	-1	-1	3
3056	0.601479	44.6839	47	0.950722	0.181331	0.0209911	-1	-1	3
3058	0.601479	62.9136	47	1.33859	0.180908	0.0209801	-1	-1	3
3064	0.601479	72.1906	47	1.53597	0.300443	0.0239219	-1	-1	3
3066	0.601479	46.3765	47	0.986733	0.320086	0.0243777	-1	-1	3
3074	0.601479	55.9206	47	1.1898	0.239699	0.0224219	-1	-1	3
3075	0.601479	53.1498	47	1.13085	0.246527	0.0225478	-1	-1	3
3076	0.601479	60.2279	47	1.28144	0.201531	0.0215329	-1	-1	3
3077	0.601479	44.1994	47	0.940413	0.255364	0.0227905	-1	-1	3
3079	0.601479	50.6793	47	1.07828	0.217703	0.0219243	-1	-1	3
3082	0.601479	49.5865	47	1.05503	0.254043	0.0227259	-1	-1	3
3084	0.601479	59.4617	47	1.26514	0.212268	0.0217886	-1	-1	3
3086	0.601479	51.4491	47	1.09466	0.198399	0.021457	-1	-1	3
3087	0.601479	35.7848	47	0.76138	0.287836	0.0235562	-1	-1	3
3088	0.601479	43.5973	47	0.927603	0.216858	0.0218587	-1	-1	3
3089	0.601479	29.7869	47	0.633764	0.194022	0.0213457	-1	-1	3
3090	0.601479	50.1045	47	1.06605	0.182188	0.0210793	-1	-1	3
3095	0.601479	73.2429	47	1.55836	0.25805	0.0228183	-1	-1	3
3098	0.601479	46.0016	47	0.978758	0.199292	0.0214475	-1	-1	3
3103	0.601479	51.2689	47	1.09083	0.220776	0.021968	-1	-1	3
3105	0.601479	51.9724	47	1.1058	0.166238	0.0206626	-1	-1	3
3107	0.601479	30.2174	47	0.642924	0.195855	0.0213708	-1	-1	3
3119	0.601479	54.9215	47	1.16854	0.156953	0.0204634	-1	-1	3
3120	0.601479	35.4828	47	0.754953	0.181108	0.0209955	-1	-1	3
3134	0.601479	78.2565	47	1.66503	0.253911	0.0227694	-1	-1	3
3146	0.601479	36.4776	47	0.776119	0.185849	0.0211313	-1	-1	3
3148	0.601479	64.1946	47	1.36584	0.237174	0.0223103	-1	-1	3
3149	0.601479	34.6813	47	0.737899	0.23465	0.022271	-1	-1	3
3151	0.601479	40.3427	47	0.858356	0.255723	0.022781	-1	-1	3
3153	0.601479	47.5325	47	1.01133	0.244652	0.0224949	-1	-1	3
3157	0.601479	56.3537	47	1.19902	0.212666	0.0217462	-1	-1	3
3159	0.601479	34.7533	47	0.739432	0.21444	0.0217724	-1	-1	3
3161	0.601479	42.0354	47	0.894371	0.158132	0.0205079	-1	-1	3
3162	0.601479	56.3348	47	1.19861	0.252803	0.0227347	-1	-1	3
3163	0.601479	45.7764	47	0.973966	0.216604	0.021867	-1	-1	3
3165	0.601479	44.7944	47	0.953073	0.215904	0.0218129	-1	-1	3
3167	0.601479	44.7487	47	0.9521	0.200957	0.0215255	-1	-1	3
3168	0.601479	61.3485	47	1.30529	0.212125	0.0217676	-1	-1	3
3170	0.601479	44.2341	47	0.941152	0.222002	0.0220387	-1	-1	3
3172	0.601479	45.4706	47	0.967459	0.237817	0.0223621	-1	-1	3
3173	0.601479	49.1909	47	1.04662	0.229621	0.0221544	-1	-1	3
3174	0.601479	52.1812	47	1.11024	0.207293	0.0215911	-1	-1	3
3176	0.601479	53.2121	47	1.13217	0.167673	0.0207622	-1	-1	3
3177	0.601479	49.0652	47	1.04394	0.14916	0.0203013	-1	-1	3
3178	0.601479	50.1181	47	1.06634	0.159901	0.0204924	-1	-1	3
3179	0.601479	56.6259	47	1.20481	0.165427	0.0206556	-1	-1	3
3180	0.601479	53.0397	47	1.1285	0.145476	0.0202816	-1	-1	3
3181	0.601479	41.3656	47	0.88012	0.14404	0.02016	-1	-1	3
3182	0.601479	36.7105	47	0.781074	0.217509	0.0218723	-1	-1	3
3184	0.601479	32.7202	47	0.696174	0.274425	0.0231646	-1	-1	3
3188	0.601479	57.8156	47	1.23012	0.166888	0.0206807	-1	-1	3
3192	0.601479	60.6441	47	1.2903	0.188191	0.0211708	-1	-1	3
3195	0.601479	50.1202	47	1.06639	0.131603	0.0199144	-1	-1	3
3196	0.601479	36.6897	47	0.780633	0.137175	0.0199985	-1	-1	3
3201	0.601479	43.1854	47	0.918837	0.20467	0.0215378	-1	-1	3
3203	0.601479	56.5464	47	1.20312	0.122201	0.0196317	-1	-1	3
3206	0.601479	62.9233	47	1.33879	0.12473	0.0196915	-1	-1	3
3215	0.601479	60.6198	47	1.28978	0.302641	0.0239445	-1	-1	3
3225	0.601479	33.4441	47	0.711577	0.276539	0.0232937	-1	-1	3
3228	0.601479	50.1021	47	1.066	0.26293	0.0229109	-1	-1	3
3233	0.601479	57.5775	47	1.22505	0.260279	0.0228589	-1	-1	3
3235	0.601479	63.198	47	1.34464	0.169862	0.0208167	-1	-1	3
3237	0.601479	41.7458	47	0.888208	0.184352	0.0211064	-1	-1	3
3239	0.601479	32.0155	47	0.681181	0.205209	0.0215698	-1	-1	3
3243	0.601479	36.4429	47	0.77538	0.169318	0.0208002	-1	-1	3
3250	0.601479	48.7218	47	1.03663	0.270143	0.0231338	-1	-1	3
3251	0.601479	42.9625	47	0.914095	0.145356	0.0201779	-1	-1	3
3253	0.601479	52.0785	47	1.10805	0.149234	0.02027	-1	-1	3
3254	0.601479	53.0399	47	1.12851	0.151344	0.0203265	-1	-1	3
3258	0.601479	44.8947	47	0.955207	0.171522	0.0208076	-1	-1	3
3266	0.601479	37.9973	47	0.808454	0.183819	0.0210955	-1	-1	3
3272	0.601479	44.6909	47	0.950871	0.114519	0.0195114	-1	-1	3
3274	0.601479	38.5514	47	0.820242	0.139464	0.0200675	-1	-1	3
3289	0.601479	44.8821	47	0.954937	0.282519	0.023404	-1	-1	3
3290	0.601479	42.9111	47	0.913003	0.254297	0.0228028	-1	-1	3
3294	0.601479	38.6083	47	0.821453	0.224803	0.0220576	-1	-1	3
3296	0.601479	47.4873	47	1.01037	0.215367	0.0218325	-1	-1	3
3299	0.601479	56.5603	47	1.20341	0.274792	0.0232372	-1	-1	3
3302	0.601479	40.1202	47	0.853622	0.22921	0.0221205	-1	-1	3
3304	0.601479	38.3268	47	0.815463	0.211334	0.0217495	-1	-1	3
3305	0.601479	50.3787	47	1.07189	0.170935	0.020787	-1	-1	3
3309	0.601479	59.8805	47	1.27405	0.235659	0.0222454	-1	-1	3
3312	0.601479	64.0943	47	1.36371	0.193027	0.0212972	-1	-1	3
3313	0.601479	58.1713	47	1.23769	0.215607	0.0218143	-1	-1	3
3314	0.601479	52.4328	47	1.11559	0.132531	0.019933	-1	-1	3
3320	0.601479	33.3788	47	0.710187	0.2242	0.0220173	-1	-1	3
3322	0.601479	35.5951	47	0.757342	0.228065	0.0221022	-1	-1	3
3323	0.601479	64.6184	47	1.37486	0.225102	0.0220548	-1	-1	3
3324	0.601479	62.9216	47	1.33876	0.191912	0.0212571	-1	-1	3
3328	0.601479	49.8467	47	1.06057	0.155707	0.0204123	-1	-1	3
3332	0.601479	35.1068	47	0.746953	0.217682	0.0218267	-1	-1	3
3335	0.601479	40.386	47	0.859277	0.176134	0.0208671	-1	-1	3
3338	0.601479	43.1774	47	0.918667	0.257366	0.0227791	-1	-1	3
3339	0.601479	47.6923	47	1.01473	0.240024	0.0223467	-1	-1	3
3347	0.601479	59.6554	47	1.26926	0.344557	0.0249883	-1	-1	3
3352	0.601479	47.0656	47	1.0014	0.263409	0.0229896	-1	-1	3
3355	0.601479	47.6868	47	1.01461	0.324872	0.0244531	-1	-1	3
3356	0.601479	29.5342	47	0.628386	0.247004	0.0225447	-1	-1	3
3359	0.601479	36.1154	47	0.768412	0.225575	0.0220324	-1	-1	3
3362	0.601479	55.7453	47	1.18607	0.180902	0.021041	-1	-1	3
3364	0.601479	48.9364	47	1.0412	0.182258	0.0210667	-1	-1	3
3365	0.601479	49.4857	47	1.05289	0.169028	0.0207839	-1	-1	3
3367	0.601479	57.2537	47	1.21816	0.285253	0.0234876	-1	-1	3
3369	0.601479	75.3848	47	1.60393	0.219158	0.0219449	-1	-1	3
3372	0.601479	54.2699	47	1.15468	0.190516	0.0212274	-1	-1	3
3376	0.601479	63.1762	47	1.34417	0.192851	0.021282	-1	-1	3
3379	0.601479	51.2172	47	1.08973	0.218364	0.0218679	-1	-1	3
3383	0.601479	51.1521	47	1.08834	0.266329	0.0230274	-1	-1	3
3388	0.601479	54.4418	47	1.15834	0.196217	0.0213396	-1	-1	3
3389	0.601479	36.0482	47	0.766982	0.153078	0.0204104	-1	-1	3
3397	0.601479	67.8072	47	1.44271	0.21284	0.0217159	-1	-1	3
3398	0.601479	59.4019	47	1.26387	0.197946	0.0213757	-1	-1	3
3406	0.601479	44.1453	47	0.939262	0.218663	0.0219639	-1	-1	3
3411	0.601479	45.9015	47	0.976627	0.246833	0.0226355	-1	-1	3
3413	0.601479	49.5347	47	1.05393	0.371963	0.0256548	-1	-1	3
3416	0.601479	53.9115	47	1.14705	0.240787	0.0224982	-1	-1	3
3417	0.601479	54.6599	47	1.16298	0.217456	0.0219085	-1	-1	3
3421	0.601479	80.1851	47	1.70607	0.273297	0.0232669	-1	-1	3
3424	0.601479	66.6652	47	1.41841	0.302296	0.023973	-1	-1	3
3432	0.601479	51.0122	47	1.08537	0.292522	0.0237031	-1	-1	3
3433	0.601479	45.2617	47	0.963016	0.248693	0.0226462	-1	-1	3
3434	0.601479	38.466	47	0.818425	0.250337	0.0226567	-1	-1	3
3435	0.601479	52.3934	47	1.11475	0.202552	0.0215634	-1	-1	3
3446	0.601479	47.9523	47	1.02026	0.153284	0.0204491	-1	-1	3
3448	0.601479	43.525	47	0.926063	0.180749	0.0210543	-1	-1	3
3450	0.601479	50.452	47	1.07345	0.159426	0.0205859	-1	-1	3
3452	0.601479	52.6931	47	1.12113	0.204463	0.0216041	-1	-1	3
3457	0.601479	46.1314	47	0.981519	0.229193	0.0221571	-1	-1	3
3459	0.601479	68.9346	47	1.46669	0.239245	0.0223286	-1	-1	3
3471	0.601479	42.0081	47	0.893789	0.172466	0.0207974	-1	-1	3
3475	0.601479	43.6613	47	0.928964	0.173635	0.020844	-1	-1	3
3478	0.601479	31.4251	47	0.66862	0.363626	0.0254758	-1	-1	3
3487	0.601479	52.0076	47	1.10655	0.230161	0.022242	-1	-1	3
3490	0.601479	35.6963	47	0.759495	0.297335	0.0238066	-1	-1	3
3492	0.601479	54.7752	47	1.16543	0.225509	0.0221161	-1	-1	3
3494	0.601479	60.2559	47	1.28204	0.266197	0.0230737	-1	-1	3
3505	0.601479	42.8049	47	0.910743	0.284091	0.0234686	-1	-1	3
3506	0.601479	35.2979	47	0.751019	0.183694	0.0210957	-1	-1	3
3508	0.601479	47.4456	47	1.00948	0.172068	0.0208685	-1	-1	3
3513	0.601479	35.2127	47	0.749207	0.214714	0.0218357	-1	-1	3
3516	0.601479	64.7214	47	1.37705	0.21653	0.0218442	-1	-1	3
3519	0.601479	43.6747	47	0.929248	0.193155	0.0213187	-1	-1	3
3520	0.601479	44.2285	47	0.941033	0.163429	0.0206484	-1	-1	3
3522	0.601479	45.0149	47	0.957765	0.20301	0.0215113	-1	-1	3
3531	0.601479	48.001	47	1.0213	0.195501	0.0213418	-1	-1	3
3534	0.601479	56.2011	47	1.19577	0.162551	0.0205509	-1	-1	3
3536	0.601479	61.9243	47	1.31754	0.171612	0.0207675	-1	-1	3
3539	0.601479	85.0823	47	1.81026	0.264278	0.0231139	-1	-1	3
3545	0.601479	57.9517	47	1.23301	0.24885	0.0227438	-1	-1	3
3551	0.601479	45.6216	47	0.970672	0.291453	0.0237527	-1	-1	3
3552	0.601479	62.1677	47	1.32272	0.282815	0.0234824	-1	-1	3
3565	0.601479	42.7511	47	0.909598	0.206152	0.0216636	-1	-1	3
3576	0.601479	38.8471	47	0.826534	0.237399	0.0223645	-1	-1	3
3578	0.601479	52.9591	47	1.12679	0.262524	0.0229452	-1	-1	3
3579	0.601479	35.2895	47	0.750841	0.196994	0.0214231	-1	-1	3
3582	0.601479	39.7406	47	0.845544	0.144783	0.0202303	-1	-1	3
3583	0.601479	44.597	47	0.948871	0.245019	0.0225386	-1	-1	3
3584	0.601479	39.6042	47	0.842642	0.227923	0.0221422	-1	-1	3
3585	0.601479	51.3618	47	1.0928	0.1607	0.0205837	-1	-1	3
3591	0.601479	49.9783	47	1.06337	0.234198	0.0223024	-1	-1	3
3592	0.601479	64.242	47	1.36685	0.173167	0.0208559	-1	-1	3
3594	0.601479	35.3622	47	0.752388	0.196924	0.0214254	-1	-1	3
3597	0.601479	49.9706	47	1.0632	0.174805	0.0209321	-1	-1	3
3616	0.601479	36.1265	47	0.76865	0.265239	0.0231174	-1	-1	3
3619	0.601479	48.3309	47	1.02832	0.211577	0.0218575	-1	-1	3
3628	0.601479	34.8407	47	0.741291	0.247112	0.0226419	-1	-1	3
3632	0.601479	38.8006	47	0.825544	0.227423	0.0221849	-1	-1	3
3636	0.601479	48.5196	47	1.03233	0.207195	0.0217509	-1	-1	3
3637	0.601479	40.8681	47	0.869533	0.246699	0.0226481	-1	-1	3
3639	0.601479	45.5564	47	0.969286	0.263191	0.0229962	-1	-1	3
3643	0.601479	51.2353	47	1.09011	0.177151	0.0210136	-1	-1	3
3657	0.601479	64.2545	47	1.36712	0.270814	0.0232904	-1	-1	3
3659	0.601479	50.7943	47	1.08073	0.31845	0.0244861	-1	-1	3
3666	0.601479	57.8435	47	1.23071	0.266115	0.0231454	-1	-1	3
3673	0.601479	56.6492	47	1.2053	0.286251	0.02362	-1	-1	3
3675	0.601479	63.0421	47	1.34132	0.216061	0.021943	-1	-1	3
3679	0.601479	29.7141	47	0.632215	0.258106	0.0229145	-1	-1	3
3685	0.601479	28.8556	47	0.613949	0.216071	0.0219156	-1	-1	3
3686	0.601479	47.2093	47	1.00445	0.254012	0.0228396	-1	-1	3
3687	0.601479	39.1745	47	0.833499	0.236127	0.0223994	-1	-1	3
3694	0.601479	34.315	47	0.730107	0.231735	0.0222882	-1	-1	3
3697	0.601479	56.2724	47	1.19729	0.239836	0.0224773	-1	-1	3
3711	0.601479	49.9007	47	1.06172	0.163499	0.0207097	-1	-1	3
3724	0.601479	41.5597	47	0.884248	0.256741	0.0229543	-1	-1	3
3734	0.601479	55.4518	47	1.17983	0.30665	0.0241395	-1	-1	3
3735	0.601479	60.4345	47	1.28584	0.302361	0.0240574	-1	-1	3
3737	0.601479	34.9829	47	0.744317	0.215342	0.0219634	-1	-1	3
3747	0.601479	56.2692	47	1.19722	0.189301	0.0213286	-1	-1	3
3760	0.601479	37.9316	47	0.807056	0.375428	0.0259514	-1	-1	3
3764	0.601479	58.8663	47	1.25248	0.265397	0.0232187	-1	-1	3
3769	0.601479	57.4631	47	1.22262	0.330159	0.0248051	-1	-1	3
3770	0.601479	60.74	47	1.29234	0.198643	0.0216246	-1	-1	3
3772	0.601479	71.1501	47	1.51383	0.273373	0.0233714	-1	-1	3
3773	0.601479	47.4433	47	1.00943	0.206513	0.0218117	-1	-1	3
3782	0.601479	34.8784	47	0.742093	0.204866	0.0217233	-1	-1	3
3789	0.601479	48.2865	47	1.02737	0.21822	0.0220595	-1	-1	3
3795	0.601479	45.1625	47	0.960904	0.175262	0.0210085	-1	-1	3
3797	0.601479	39.2059	47	0.834167	0.280241	0.0235151	-1	-1	3
3800	0.601479	38.3905	47	0.81682	0.178419	0.0211636	-1	-1	3
3805	0.601479	38.0026	47	0.808567	0.255931	0.0230012	-1	-1	3
3812	0.601479	36.1	47	0.768085	0.284154	0.0236542	-1	-1	3
3818	0.601479	35.1045	47	0.746904	0.244258	0.0227112	-1	-1	3
3819	0.601479	44.0236	47	0.936673	0.273879	0.0233992	-1	-1	3
3824	0.601479	39.7748	47	0.846272	0.187409	0.0214017	-1	-1	3
3825	0.601479	53.4625	47	1.1375	0.18386	0.0213142	-1	-1	3
3827	0.601479	38.3353	47	0.815644	0.226298	0.0222886	-1	-1	3
3828	0.601479	42.2276	47	0.89846	0.178536	0.0211655	-1	-1	3
3832	0.601479	51.8024	47	1.10218	0.305275	0.0241339	-1	-1	3
3833	0.601479	50.7798	47	1.08042	0.220868	0.0221396	-1	-1	3
3840	0.601479	52.7691	47	1.12275	0.173191	0.0210652	-1	-1	3
3847	0.601479	40.4323	47	0.860261	0.170169	0.0210135	-1	-1	3
3890	0.601479	67.5487	47	1.43721	0.146706	0.020474	-1	-1	3
3925	0.601479	54.3778	47	1.15697	0.182201	0.0212873	-1	-1	3
3932	0.601479	56.3498	47	1.19893	0.160427	0.0207144	-1	-1	3
3993	0.601479	62.1151	47	1.3216	0.17615	0.0211668	-1	-1	3
4029	0.601479	46.5689	47	0.990827	0.138235	0.0202484	-1	-1	3
4031	0.601479	74.1804	47	1.57831	0.158293	0.0206744	-1	-1	3
4056	0.601479	38.6499	47	0.822338	0.188794	0.0213807	-1	-1	3
4066	0.601479	45.3447	47	0.964781	0.137928	0.0202863	-1	-1	3
4078	0.601479	43.0026	47	0.91495	0.145129	0.0203479	-1	-1	3
4103	0.601479	47.1507	47	1.00321	0.158151	0.0207025	-1	-1	3
4141	0.601479	56.7985	47	1.20848	0.226717	0.0223336	-1	-1	3
4149	0.601479	38.6703	47	0.822773	0.179973	0.0212188	-1	-1	3
4161	0.601479	54.0799	47	1.15064	0.187423	0.0213737	-1	-1	3
4168	0.601479	64.8388	47	1.37955	0.195586	0.021482	-1	-1	3
4170	0.601479	48.0151	47	1.0216	0.106968	0.0195317	-1	-1	3
4178	0.601479	54.0644	47	1.15031	0.129634	0.0199957	-1	-1	3
4203	0.601479	51.7663	47	1.10141	0.23077	0.0223401	-1	-1	3
4213	0.601479	46.5696	47	0.990842	0.215107	0.0219919	-1	-1	3
4214	0.601479	45.2539	47	0.962848	0.210136	0.0219159	-1	-1	3
4225	0.601479	44.3589	47	0.943806	0.207176	0.0218008	-1	-1	3
4234	0.601479	40.2813	47	0.857049	0.142269	0.020295	-1	-1	3
4236	0.601479	58.9636	47	1.25454	0.135789	0.0201596	-1	-1	3
4265	0.601479	53.2402	47	1.13277	0.197679	0.0215774	-1	-1	3
4326	0.601479	42.6305	47	0.907032	0.128848	0.0199805	-1	-1	3
4334	0.601479	42.925	47	0.913298	0.139963	0.0201958	-1	-1	3
4368	0.601479	43.2396	47	0.919991	0.188562	0.0214225	-1	-1	3
4372	0.601479	54.5223	47	1.16005	0.167073	0.0208848	-1	-1	3
4382	0.601479	53.7159	47	1.14289	0.19777	0.0215655	-1	-1	3
4390	0.601479	41.7035	47	0.887308	0.168724	0.020885	-1	-1	3
4467	0.601479	84.6642	47	1.80137	0.140561	0.0203346	-1	-1	3
4476	0.601479	45.5986	47	0.970183	0.201723	0.0217095	-1	-1	3
4487	0.601479	47.2711	47	1.00577	0.209192	0.0218602	-1	-1	3
4493	0.601479	50.2859	47	1.06991	0.198341	0.021641	-1	-1	3
4499	0.601479	52.4334	47	1.11561	0.189863	0.0213871	-1	-1	3
4539	0.601479	51.5759	47	1.09736	0.16784	0.0208947	-1	-1	3
4542	0.601479	53.5936	47	1.14029	0.221084	0.0221208	-1	-1	3
4545	0.601479	56.6263	47	1.20481	0.142253	0.0203116	-1	-1	3
4547	0.601479	49.9793	47	1.06339	0.209963	0.0218725	-1	-1	3
4558	0.601479	41.5596	47	0.884248	0.173138	0.0209666	-1	-1	3
4560	0.601479	38.4424	47	0.817923	0.17749	0.0210935	-1	-1	3
4577	0.601479	66.7872	47	1.421	0.129345	0.0199449	-1	-1	3
4585	0.601479	59.015	47	1.25564	0.232187	0.0224132	-1	-1	3
4596	0.601479	48.1176	47	1.02378	0.274901	0.0233878	-1	-1	3
4606	0.601479	42.2694	47	0.899349	0.231337	0.0223596	-1	-1	3
4614	0.601479	54.2874	47	1.15505	0.210955	0.0218698	-1	-1	3
4618	0.601479	56.5356	47	1.20288	0.236498	0.0224773	-1	-1	3
4620	0.601479	54.6706	47	1.1632	0.243964	0.0226417	-1	-1	3
4669	0.601479	80.2874	47	1.70824	0.115145	0.0197538	-1	-1	3
4672	0.601479	66.0622	47	1.40558	0.202851	0.0216791	-1	-1	3
4691	0.601479	51.2156	47	1.08969	0.171611	0.020939	-1	-1	3
4698	0.601479	37.6762	47	0.801622	0.134742	0.0201194	-1	-1	3
4717	0.601479	53.8887	47	1.14657	0.203666	0.0217482	-1	-1	3
4723	0.601479	49.4023	47	1.05111	0.310652	0.0242685	-1	-1	3
4724	0.601479	56.6189	47	1.20466	0.225086	0.0222486	-1	-1	3
4735	0.601479	59.2328	47	1.26027	0.23395	0.0224266	-1	-1	3
4738	0.601479	52.5296	47	1.11765	0.185193	0.0212896	-1	-1	3
4740	0.601479	38.1169	47	0.810997	0.171296	0.0209346	-1	-1	3
4745	0.601479	42.9492	47	0.913812	0.186711	0.0212755	-1	-1	3
4748	0.601479	39.0629	47	0.831125	0.283875	0.0235976	-1	-1	3
4758	0.601479	63.3178	47	1.34719	0.183317	0.0212023	-1	-1	3
4784	0.601479	39.7306	47	0.845332	0.212328	0.0219419	-1	-1	3
4800	0.601479	56.0288	47	1.1921	0.194069	0.0214184	-1	-1	3
4803	0.601479	39.9933	47	0.850921	0.15956	0.0206706	-1	-1	3
4808	0.601479	35.8669	47	0.763125	0.21947	0.0220405	-1	-1	3
4813	0.601479	64.9528	47	1.38197	0.173692	0.0209638	-1	-1	3
4817	0.601479	47.055	47	1.00117	0.0937416	0.0192044	-1	-1	3
4822	0.601479	44.4337	47	0.945397	0.168474	0.0208908	-1	-1	3
4825	0.601479	56.3074	47	1.19803	0.159301	0.0206772	-1	-1	3
4835	0.601479	66.0677	47	1.4057	0.173084	0.020955	-1	-1	3
4862	0.601479	77.9113	47	1.65769	0.240791	0.0226211	-1	-1	3
4866	0.601479	39.4116	47	0.838545	0.217827	0.0220267	-1	-1	3
4870	0.601479	44.7139	47	0.951359	0.222841	0.0221263	-1	-1	3
4872	0.601479	51.2381	47	1.09017	0.175241	0.0210087	-1	-1	3
4878	0.601479	44.6393	47	0.949773	0.220304	0.0220485	-1	-1	3
4883	0.601479	51.0034	47	1.08518	0.184151	0.0211659	-1	-1	3
4884	0.601479	42.4784	47	0.903797	0.179028	0.0211091	-1	-1	3
4891	0.601479	47.8744	47	1.0186	0.187303	0.0213092	-1	-1	3
4893	0.601479	38.5878	47	0.821017	0.149891	0.0204282	-1	-1	3
4894	0.601479	60.5694	47	1.28871	0.133932	0.0201078	-1	-1	3
4907	0.601479	58.3349	47	1.24117	0.170663	0.0208486	-1	-1	3
4943	0.601479	45.7889	47	0.974232	0.163789	0.0207007	-1	-1	3
4945	0.601479	73.7585	47	1.56933	0.153853	0.0206014	-1	-1	3
4955	0.601479	43.309	47	0.921467	0.170208	0.0208857	-1	-1	3
4963	0.601479	57.5862	47	1.22524	0.109016	0.019479	-1	-1	3
4964	0.601479	45.5511	47	0.969172	0.147674	0.0203747	-1	-1	3
4965	0.601479	49.3979	47	1.05102	0.14836	0.0204088	-1	-1	3
4969	0.601479	70.1561	47	1.49268	0.15367	0.0205209	-1	-1	3
4998	0.601479	45.6052	47	0.970324	0.238076	0.0224898	-1	-1	3
5003	0.601479	44.5594	47	0.948073	0.201985	0.02163	-1	-1	3
5005	0.601479	57.1248	47	1.21542	0.201359	0.0216145	-1	-1	3
5006	0.601479	46.9965	47	0.999926	0.217324	0.0219872	-1	-1	3
5008	0.601479	43.055	47	0.916065	0.225753	0.0221445	-1	-1	3
5012	0.601479	43.9923	47	0.936007	0.156878	0.0206042	-1	-1	3
5018	0.601479	44.0955	47	0.938201	0.157522	0.0205769	-1	-1	3
5024	0.601479	61.7762	47	1.31439	0.166433	0.0207743	-1	-1	3
5025	0.601479	65.9226	47	1.40261	0.176408	0.0210671	-1	-1	3
5029	0.601479	59.4876	47	1.26569	0.197793	0.0215082	-1	-1	3
5045	0.601479	63.7339	47	1.35604	0.146011	0.0202695	-1	-1	3
5065	0.601479	48.9228	47	1.04091	0.308437	0.0242061	-1	-1	3
5075	0.601479	62.4074	47	1.32782	0.161285	0.0206971	-1	-1	3
5085	0.601479	39.5188	47	0.840825	0.192966	0.0214121	-1	-1	3
5088	0.601479	62.2912	47	1.32534	0.231026	0.0222989	-1	-1	3
5089	0.601479	40.2173	47	0.855686	0.186506	0.0212655	-1	-1	3
5093	0.601479	53.5574	47	1.13952	0.1831	0.0211806	-1	-1	3
5098	0.601479	66.6082	47	1.4172	0.157534	0.0206057	-1	-1	3
5099	0.601479	55.0829	47	1.17198	0.220308	0.0220471	-1	-1	3
5103	0.601479	48.8576	47	1.03952	0.193326	0.0214312	-1	-1	3
5107	0.601479	45.7626	47	0.973672	0.139087	0.0201818	-1	-1	3
5109	0.601479	45.3406	47	0.964693	0.137079	0.0201709	-1	-1	3
5118	0.601479	65.4183	47	1.39188	0.134866	0.020096	-1	-1	3
5119	0.601479	39.7528	47	0.845804	0.158525	0.020611	-1	-1	3
5149	0.601479	38.2663	47	0.814177	0.246664	0.0227318	-1	-1	3
5150	0.601479	38.6981	47	0.823364	0.195707	0.0214838	-1	-1	3
5159	0.601479	34.211	47	0.727894	0.231897	0.0222963	-1	-1	3
5165	0.601479	63.7846	47	1.35712	0.174824	0.0209925	-1	-1	3
5175	0.601479	41.8199	47	0.889785	0.126285	0.0198951	-1	-1	3
5179	0.601479	51.1958	47	1.08927	0.214587	0.0218973	-1	-1	3
5182	0.601479	32.9401	47	0.700853	0.148104	0.020378	-1	-1	3
5183	0.601479	38.9303	47	0.828304	0.169338	0.020841	-1	-1	3
5194	0.601479	36.4866	47	0.776312	0.091513	0.0190563	-1	-1	3
5219	0.601479	68.4083	47	1.4555	0.22925	0.0222911	-1	-1	3
5223	0.601479	50.2961	47	1.07013	0.200226	0.0216301	-1	-1	3
5233	0.601479	42.362	47	0.901319	0.174286	0.0210066	-1	-1	3
5234	0.601479	40.4204	47	0.860008	0.226868	0.0222299	-1	-1	3
5240	0.601479	49.6226	47	1.0558	0.152604	0.0205085	-1	-1	3
5241	0.601479	45.0466	47	0.958437	0.227279	0.0222273	-1	-1	3
5242	0.601479	62.4095	47	1.32786	0.195098	0.0214509	-1	-1	3
5248	0.601479	51.4577	47	1.09484	0.138047	0.0201566	-1	-1	3
5249	0.601479	59.9072	47	1.27462	0.163431	0.0207535	-1	-1	3
5252	0.601479	41.4198	47	0.881271	0.187907	0.0212821	-1	-1	3
5254	0.601479	60.8625	47	1.29495	0.173019	0.0209384	-1	-1	3
5256	0.601479	33.8769	47	0.720785	0.227898	0.0221937	-1	-1	3
5261	0.601479	66.9148	47	1.42372	0.117899	0.0196652	-1	-1	3
5286	0.601479	55.5718	47	1.18238	0.127299	0.0198284	-1	-1	3
5289	0.601479	47.3047	47	1.00648	0.247609	0.0227432	-1	-1	3
5303	0.601479	41.2443	47	0.877538	0.224238	0.0221564	-1	-1	3
5314	0.601479	44.9731	47	0.956874	0.220317	0.0220827	-1	-1	3
5319	0.601479	35.3225	47	0.751543	0.209732	0.0218041	-1	-1	3
5320	0.601479	46.2293	47	0.983603	0.178545	0.0210481	-1	-1	3
5321	0.601479	42.5854	47	0.906071	0.222535	0.0221021	-1	-1	3
5325	0.601479	64.0819	47	1.36345	0.196437	0.0214883	-1	-1	3
5326	0.601479	36.7331	47	0.781555	0.208599	0.0217678	-1	-1	3
5341	0.601479	53.0339	47	1.12838	0.148181	0.020329	-1	-1	3
5344	0.601479	45.88	47	0.976171	0.131291	0.0199949	-1	-1	3
5346	0.601479	51.3382	47	1.0923	0.212396	0.0217946	-1	-1	3
5347	0.601479	30.5181	47	0.649322	0.146693	0.0203006	-1	-1	3
5349	0.601479	43.4608	47	0.924699	0.201298	0.0215966	-1	-1	3
5352	0.601479	42.319	47	0.900405	0.240413	0.0224986	-1	-1	3
5383	0.601479	41.3299	47	0.87936	0.26617	0.0231684	-1	-1	3
5386	0.601479	56.4715	47	1.20152	0.264836	0.0231715	-1	-1	3
5388	0.601479	39.4046	47	0.838396	0.209917	0.0218271	-1	-1	3
5395	0.601479	55.2281	47	1.17507	0.308094	0.0241275	-1	-1	3
5398	0.601479	37.4716	47	0.797268	0.278821	0.0234548	-1	-1	3
5399	0.601479	49.2106	47	1.04704	0.184648	0.0212318	-1	-1	3
5405	0.601479	62.6071	47	1.33207	0.181978	0.0211382	-1	-1	3
5406	0.601479	51.9413	47	1.10513	0.173437	0.020968	-1	-1	3
5412	0.601479	47.7338	47	1.01561	0.209432	0.0218093	-1	-1	3
5413	0.601479	56.865	47	1.20989	0.207624	0.0217385	-1	-1	3
5414	0.601479	48.1973	47	1.02547	0.16527	0.0207786	-1	-1	3
5416	0.601479	53.8426	47	1.14559	0.187781	0.0212909	-1	-1	3
5424	0.601479	41.9438	47	0.892421	0.24582	0.0225778	-1	-1	3
5425	0.601479	53.641	47	1.1413	0.124468	0.0198782	-1	-1	3
5433	0.601479	53.9993	47	1.14892	0.200765	0.0215676	-1	-1	3
5435	0.601479	51.4978	47	1.0957	0.186887	0.0212347	-1	-1	3
5438	0.601479	57.7464	47	1.22865	0.215964	0.0218637	-1	-1	3
5441	0.601479	51.1384	47	1.08805	0.137236	0.0201265	-1	-1	3
5443	0.601479	38.0205	47	0.808946	0.220742	0.0220185	-1	-1	3
5469	0.601479	60.3715	47	1.2845	0.284311	0.0235977	-1	-1	3
5470	0.601479	52.2578	47	1.11187	0.196835	0.0214829	-1	-1	3
5475	0.601479	37.5637	47	0.799228	0.293096	0.023828	-1	-1	3
5478	0.601479	38.6063	47	0.821411	0.199069	0.0215428	-1	-1	3
5479	0.601479	74.1834	47	1.57837	0.19407	0.0214643	-1	-1	3
5482	0.601479	49.1814	47	1.04641	0.193372	0.0213893	-1	-1	3
5487	0.601479	39.5709	47	0.841934	0.182274	0.0211701	-1	-1	3
5490	0.601479	40.272	47	0.856851	0.223262	0.0221028	-1	-1	3
5492	0.601479	39.0996	47	0.831907	0.191706	0.0213603	-1	-1	3
5495	0.601479	31.345	47	0.666914	0.169434	0.0208481	-1	-1	3
5497	0.601479	40.7652	47	0.867344	0.274496	0.0233367	-1	-1	3
5502	0.601479	58.8459	47	1.25204	0.256477	0.0228384	-1	-1	3
5504	0.601479	43.8879	47	0.933786	0.169907	0.0208102	-1	-1	3
5508	0.601479	37.7798	47	0.803826	0.136148	0.0200787	-1	-1	3
5515	0.601479	45.9939	47	0.978594	0.19021	0.0213228	-1	-1	3
5543	0.601479	35.2032	47	0.749005	0.22816	0.0222132	-1	-1	3
5550	0.601479	48.7608	47	1.03746	0.289108	0.0237435	-1	-1	3
5553	0.601479	38.3733	47	0.816453	0.238994	0.0224476	-1	-1	3
5555	0.601479	68.8634	47	1.46518	0.232746	0.0223757	-1	-1	3
5562	0.601479	59.3174	47	1.26207	0.26354	0.0231038	-1	-1	3
5563	0.601479	50.2444	47	1.06903	0.210645	0.0218008	-1	-1	3
5566	0.601479	52.6458	47	1.12012	0.260554	0.0229789	-1	-1	3
5573	0.601479	29.5251	47	0.628194	0.174187	0.0209422	-1	-1	3
5574	0.601479	44.5695	47	0.948287	0.215147	0.0218972	-1	-1	3
5578	0.601479	53.632	47	1.14111	0.132763	0.0199767	-1	-1	3
5579	0.601479	49.4285	47	1.05167	0.195474	0.0214355	-1	-1	3
5584	0.601479	58.8902	47	1.25298	0.182277	0.0211468	-1	-1	3
5585	0.601479	44.0653	47	0.93756	0.163942	0.0206676	-1	-1	3
5586	0.601479	54.2034	47	1.15326	0.144517	0.0202651	-1	-1	3
5589	0.601479	35.3532	47	0.752195	0.148492	0.020342	-1	-1	3
5595	0.601479	42.1721	47	0.897279	0.130153	0.0199137	-1	-1	3
5596	0.601479	36.6593	47	0.779985	0.113309	0.0195352	-1	-1	3
5598	0.601479	43.7266	47	0.930354	0.150204	0.0203852	-1	-1	3
5604	0.601479	45.1855	47	0.961393	0.180142	0.0210448	-1	-1	3
5606	0.601479	39.3686	47	0.837629	0.158311	0.0205425	-1	-1	3
5618	0.601479	48.2244	47	1.02605	0.225551	0.0221816	-1	-1	3
5624	0.601479	50.677	47	1.07823	0.291258	0.0237987	-1	-1	3
5633	0.601479	55.4065	47	1.17886	0.218222	0.0219952	-1	-1	3
5634	0.601479	56.8716	47	1.21003	0.149874	0.0204141	-1	-1	3
5636	0.601479	65.4409	47	1.39236	0.234463	0.022383	-1	-1	3
5641	0.601479	52.4428	47	1.1158	0.171997	0.0209346	-1	-1	3
5644	0.601479	50.1594	47	1.06722	0.218859	0.022022	-1	-1	3
5648	0.601479	43.8788	47	0.933592	0.214314	0.0218964	-1	-1	3
5651	0.601479	37.9939	47	0.80838	0.209242	0.0217408	-1	-1	3
5655	0.601479	38.2388	47	0.813591	0.191373	0.0213592	-1	-1	3
5657	0.601479	37.0018	47	0.787272	0.270818	0.0232188	-1	-1	3
5659	0.601479	47.7168	47	1.01525	0.266117	0.0231018	-1	-1	3
5671	0.601479	45.3539	47	0.964977	0.232327	0.0222939	-1	-1	3
5673	0.601479	62.8563	47	1.33737	0.158007	0.0205272	-1	-1	3
5676	0.601479	49.1375	47	1.04548	0.155272	0.0204924	-1	-1	3
5688	0.601479	68.4063	47	1.45545	0.121843	0.0196851	-1	-1	3
5695	0.601479	51.3658	47	1.09289	0.0996771	0.0192368	-1	-1	3
5710	0.601479	54.4367	47	1.15823	0.26673	0.0232093	-1	-1	3
5718	0.601479	43.7425	47	0.930691	0.240422	0.0225398	-1	-1	3
5734	0.601479	52.6031	47	1.11921	0.217967	0.0219648	-1	-1	3
5735	0.601479	42.5593	47	0.905517	0.261127	0.0229799	-1	-1	3
5737	0.601479	59.8799	47	1.27404	0.166937	0.0208336	-1	-1	3
5745	0.601479	64.9537	47	1.38199	0.173136	0.0209137	-1	-1	3
5746	0.601479	49.1769	47	1.04632	0.164351	0.0207226	-1	-1	3
5747	0.601479	40.1184	47	0.853583	0.175732	0.0210005	-1	-1	3
5748	0.601479	61.9912	47	1.31896	0.217446	0.0219133	-1	-1	3
5750	0.601479	63.1737	47	1.34412	0.178869	0.0210797	-1	-1	3
5752	0.601479	30.1547	47	0.64159	0.160335	0.0206258	-1	-1	3
5755	0.601479	44.3727	47	0.9441	0.204884	0.0216898	-1	-1	3
5759	0.601479	45.4796	47	0.967651	0.175802	0.0209686	-1	-1	3
5764	0.601479	39.9173	47	0.849303	0.137127	0.020095	-1	-1	3
5770	0.601479	49.4103	47	1.05128	0.10445	0.0193289	-1	-1	3
5772	0.601479	53.6722	47	1.14196	0.172876	0.0208411	-1	-1	3
5773	0.601479	51.4849	47	1.09542	0.123387	0.0197363	-1	-1	3
5780	0.601479	48.4051	47	1.0299	0.323431	0.0245314	-1	-1	3
5801	0.601479	58.308	47	1.2406	0.185706	0.021231	-1	-1	3
5803	0.601479	54.8119	47	1.16621	0.278849	0.0234039	-1	-1	3
5806	0.601479	37.412	47	0.796001	0.242171	0.0225204	-1	-1	3
5807	0.601479	63.7151	47	1.35564	0.233234	0.0222658	-1	-1	3
5808	0.601479	52.7725	47	1.12282	0.158793	0.0205891	-1	-1	3
5810	0.601479	39.2293	47	0.834667	0.162362	0.0206675	-1	-1	3
5812	0.601479	48.1609	47	1.0247	0.273053	0.0232316	-1	-1	3
5814	0.601479	72.5418	47	1.54344	0.175572	0.020986	-1	-1	3
5816	0.601479	50.5381	47	1.07528	0.157216	0.0205189	-1	-1	3
5827	0.601479	52.4833	47	1.11667	0.181905	0.0211081	-1	-1	3
5828	0.601479	46.0009	47	0.978743	0.233943	0.0223102	-1	-1	3
5834	0.601479	51.2528	47	1.09049	0.176662	0.0209327	-1	-1	3
5835	0.601479	39.4437	47	0.839228	0.134019	0.0199935	-1	-1	3
5841	0.601479	38.365	47	0.816276	0.0714942	0.0186045	-1	-1	3
5853	0.601479	69.1983	47	1.4723	0.292946	0.0238524	-1	-1	3
5854	0.601479	66.2951	47	1.41053	0.261649	0.023024	-1	-1	3
5855	0.601479	42.6361	47	0.907151	0.205524	0.0217178	-1	-1	3
5864	0.601479	59.7935	47	1.2722	0.154377	0.020522	-1	-1	3
5865	0.601479	44.4678	47	0.946124	0.212586	0.0218254	-1	-1	3
5875	0.601479	43.1516	47	0.918119	0.175782	0.0209936	-1	-1	3
5878	0.601479	58.091	47	1.23598	0.200872	0.0215353	-1	-1	3
5879	0.601479	45.9881	47	0.97847	0.250958	0.0227435	-1	-1	3
5880	0.601479	40.1338	47	0.85391	0.216573	0.0219332	-1	-1	3
5881	0.601479	52.8193	47	1.12382	0.212623	0.021804	-1	-1	3
5883	0.601479	47.2094	47	1.00446	0.228672	0.0221561	-1	-1	3
5886	0.601479	48.1077	47	1.02357	0.137247	0.0201326	-1	-1	3
5887	0.601479	49.9019	47	1.06174	0.17067	0.0207943	-1	-1	3
5889	0.601479	40.9591	47	0.871471	0.178174	0.0210173	-1	-1	3
5890	0.601479	37.3975	47	0.795692	0.145611	0.0202808	-1	-1	3
5893	0.601479	34.0757	47	0.725016	0.222363	0.0219696	-1	-1	3
5894	0.601479	55.2756	47	1.17608	0.207967	0.0217063	-1	-1	3
5899	0.601479	33.3629	47	0.709848	0.142127	0.0202038	-1	-1	3
5902	0.601479	50.8527	47	1.08197	0.175736	0.0209223	-1	-1	3
5906	0.601479	45.8349	47	0.975211	0.15923	0.0205284	-1	-1	3
5907	0.601479	52.7519	47	1.12238	0.166865	0.020801	-1	-1	3
5910	0.601479	34.5296	47	0.734673	0.137969	0.020051	-1	-1	3
5911	0.601479	55.6916	47	1.18493	0.163873	0.0206232	-1	-1	3
5924	0.601479	50.6277	47	1.07718	0.269558	0.0232736	-1	-1	3
5931	0.601479	47.9253	47	1.01969	0.26778	0.0231855	-1	-1	3
5937	0.601479	42.6967	47	0.90844	0.240808	0.0225142	-1	-1	3
5938	0.601479	50.4283	47	1.07294	0.209105	0.0217938	-1	-1	3
5939	0.601479	42.8619	47	0.911955	0.250933	0.0227748	-1	-1	3
5941	0.601479	69.0094	47	1.46828	0.226978	0.0222086	-1	-1	3
5945	0.601479	30.7955	47	0.655224	0.21527	0.021853	-1	-1	3
5949	0.601479	36.391	47	0.774277	0.20909	0.0217504	-1	-1	3
5950	0.601479	31.0132	47	0.659856	0.247615	0.0225884	-1	-1	3
5951	0.601479	71.8972	47	1.52973	0.189569	0.021303	-1	-1	3
5953	0.601479	49.4528	47	1.05219	0.155217	0.0205201	-1	-1	3
5954	0.601479	33.3544	47	0.709668	0.271845	0.0232352	-1	-1	3
5957	0.601479	88.6965	47	1.88716	0.200365	0.0215652	-1	-1	3
5965	0.601479	52.275	47	1.11223	0.152239	0.0204599	-1	-1	3
5967	0.601479	49.8225	47	1.06005	0.100753	0.0193084	-1	-1	3
5969	0.601479	53.4966	47	1.13822	0.18884	0.0212584	-1	-1	3
5970	0.601479	33.8377	47	0.719951	0.225817	0.0221244	-1	-1	3
5972	0.601479	51.717	47	1.10036	0.162887	0.0206896	-1	-1	3
5974	0.601479	67.1023	47	1.42771	0.173719	0.0209528	-1	-1	3
5976	0.601479	54.6209	47	1.16215	0.158971	0.0206211	-1	-1	3
5980	0.601479	40.9066	47	0.870353	0.187442	0.0212296	-1	-1	3
5981	0.601479	55.4874	47	1.18058	0.104678	0.0193752	-1	-1	3
5985	0.601479	48.1424	47	1.02431	0.164161	0.0206691	-1	-1	3
5990	0.601479	47.159	47	1.00338	0.202576	0.0215686	-1	-1	3
5997	0.601479	64.7935	47	1.37859	0.173066	0.0208415	-1	-1	3
6002	0.601479	49.9759	47	1.06332	0.117724	0.0196454	-1	-1	3
6024	0.601479	58.4583	47	1.24379	0.253025	0.0228092	-1	-1	3
6027	0.601479	43.7419	47	0.93068	0.20962	0.0217916	-1	-1	3
6037	0.601479	58.407	47	1.2427	0.180656	0.0210566	-1	-1	3
6038	0.601479	52.3848	47	1.11457	0.217784	0.0219469	-1	-1	3
6041	0.601479	37.6487	47	0.801035	0.260051	0.0229441	-1	-1	3
6042	0.601479	41.4473	47	0.881858	0.240829	0.0224835	-1	-1	3
6044	0.601479	51.9515	47	1.10535	0.204968	0.0216536	-1	-1	3
6045	0.601479	43.1809	47	0.918743	0.227033	0.0221698	-1	-1	3
6046	0.601479	74.8356	47	1.59225	0.170752	0.0208626	-1	-1	3
6048	0.601479	47.5847	47	1.01244	0.241347	0.0225447	-1	-1	3
6050	0.601479	41.8653	47	0.89075	0.218029	0.0219435	-1	-1	3
6051	0.601479	61.1453	47	1.30096	0.223636	0.0220497	-1	-1	3
6052	0.601479	46.3465	47	0.986097	0.175092	0.0209914	-1	-1	3
6054	0.601479	47.4762	47	1.01013	0.133647	0.0200097	-1	-1	3
6057	0.601479	54.1595	47	1.15233	0.11514	0.019604	-1	-1	3
6058	0.601479	58.3291	47	1.24105	0.149427	0.0203949	-1	-1	3
6060	0.601479	45.406	47	0.966086	0.159726	0.0206271	-1	-1	3
6063	0.601479	46.8868	47	0.997591	0.159756	0.0205765	-1	-1	3
6064	0.601479	44.1625	47	0.939628	0.171012	0.0208551	-1	-1	3
6066	0.601479	52.2116	47	1.11089	0.193989	0.0213954	-1	-1	3
6073	0.601479	36.6185	47	0.779116	0.173806	0.0208934	-1	-1	3
6075	0.601479	58.249	47	1.23934	0.138966	0.020076	-1	-1	3
6076	0.601479	44.905	47	0.955426	0.197195	0.0214124	-1	-1	3
6095	0.601479	43.9678	47	0.935486	0.152685	0.0203832	-1	-1	3
6114	0.601479	50.6688	47	1.07806	0.253234	0.0227717	-1	-1	3
6119	0.601479	40.1921	47	0.85515	0.262899	0.0229842	-1	-1	3
6120	0.601479	51.4806	47	1.09533	0.171812	0.0208819	-1	-1	3
6122	0.601479	47.8501	47	1.01809	0.209928	0.0217593	-1	-1	3
6123	0.601479	38.9007	47	0.827675	0.193261	0.0213599	-1	-1	3
6126	0.601479	72.8289	47	1.54955	0.260579	0.0229711	-1	-1	3
6128	0.601479	55.3022	47	1.17664	0.231724	0.0223109	-1	-1	3
6131	0.601479	37.4177	47	0.796121	0.249041	0.0226694	-1	-1	3
6132	0.601479	50.2617	47	1.0694	0.186881	0.0212024	-1	-1	3
6135	0.601479	32.2159	47	0.685445	0.213667	0.0218186	-1	-1	3
6137	0.601479	71.115	47	1.51308	0.224334	0.0220928	-1	-1	3
6139	0.601479	56.1267	47	1.19419	0.204826	0.021642	-1	-1	3
6140	0.601479	55.2959	47	1.17651	0.12787	0.019887	-1	-1	3
6143	0.601479	45.4524	47	0.967072	0.155948	0.020502	-1	-1	3
6148	0.601479	42.2291	47	0.898492	0.218535	0.0219262	-1	-1	3
6152	0.601479	42.6235	47	0.906883	0.13614	0.0200519	-1	-1	3
6153	0.601479	37.5632	47	0.799216	0.16822	0.020785	-1	-1	3
6155	0.601479	54.638	47	1.16251	0.258804	0.0228768	-1	-1	3
6157	0.601479	40.7219	47	0.866423	0.154945	0.0204616	-1	-1	3
6159	0.601479	56.6381	47	1.20507	0.153081	0.0204097	-1	-1	3
6162	0.601479	38.6868	47	0.823124	0.171464	0.0208481	-1	-1	3
6168	0.601479	52.2576	47	1.11186	0.211347	0.0216946	-1	-1	3
6170	0.601479	33.5453	47	0.71373	0.14322	0.020194	-1	-1	3
6180	0.601479	58.9336	47	1.25391	0.14699	0.0202566	-1	-1	3
6198	0.601479	73.6596	47	1.56722	0.189721	0.0213167	-1	-1	3
6199	0.601479	44.6852	47	0.950748	0.285804	0.0235891	-1	-1	3
6203	0.601479	35.5699	47	0.756807	0.217998	0.0219846	-1	-1	3
6205	0.601479	38.9527	47	0.82878	0.241989	0.0224941	-1	-1	3
6206	0.601479	57.3762	47	1.22077	0.182562	0.0211226	-1	-1	3
6207	0.601479	65.42	47	1.39191	0.199665	0.0215132	-1	-1	3
6209	0.601479	44.468	47	0.946127	0.223109	0.0220393	-1	-1	3
6212	0.601479	60.2289	47	1.28147	0.237752	0.0223865	-1	-1	3
6213	0.601479	42.4978	47	0.904209	0.170013	0.020823	-1	-1	3
6215	0.601479	56.1235	47	1.19412	0.219467	0.0219747	-1	-1	3
6216	0.601479	38.3812	47	0.816621	0.226291	0.0221415	-1	-1	3
6218	0.601479	39.1459	47	0.832891	0.188845	0.021306	-1	-1	3
6220	0.601479	42.1101	47	0.895959	0.191348	0.0213275	-1	-1	3
6226	0.601479	52.55	47	1.11808	0.161434	0.0206046	-1	-1	3
6229	0.601479	51.1598	47	1.08851	0.149286	0.0203465	-1	-1	3
6231	0.601479	65.0596	47	1.38425	0.191958	0.0213188	-1	-1	3
6232	0.601479	30.6744	47	0.652647	0.209905	0.0217391	-1	-1	3
6235	0.601479	35.8529	47	0.762829	0.154368	0.0204438	-1	-1	3
6236	0.601479	36.1285	47	0.768691	0.195353	0.0214093	-1	-1	3
6239	0.601479	63.4142	47	1.34924	0.18108	0.0210894	-1	-1	3
6240	0.601479	48.5131	47	1.03219	0.151093	0.0203752	-1	-1	3
6242	0.601479	39.0675	47	0.831224	0.130756	0.0199495	-1	-1	3
6246	0.601479	43.3463	47	0.922261	0.210089	0.0217269	-1	-1	3
6260	0.601479	57.8486	47	1.23082	0.158783	0.0205015	-1	-1	3
6262	0.601479	25.1668	47	0.535464	0.157673	0.0205201	-1	-1	3
6275	0.601479	39.8422	47	0.847707	0.310572	0.0242114	-1	-1	3
6277	0.601479	39.3963	47	0.838218	0.207056	0.0217018	-1	-1	3
6278	0.601479	61.9558	47	1.31821	0.22398	0.0220853	-1	-1	3
6289	0.601479	48.8171	47	1.03866	0.248305	0.0226731	-1	-1	3
6292	0.601479	62.9038	47	1.33838	0.198822	0.0215161	-1	-1	3
6293	0.601479	52.835	47	1.12415	0.2516	0.0227099	-1	-1	3
6297	0.601479	38.5844	47	0.820944	0.185665	0.0211765	-1	-1	3
6301	0.601479	43.6015	47	0.927692	0.251062	0.022695	-1	-1	3
6304	0.601479	48.8862	47	1.04013	0.188763	0.0212538	-1	-1	3
6305	0.601479	51.9963	47	1.10631	0.239793	0.0224578	-1	-1	3
6310	0.601479	53.1865	47	1.13163	0.173542	0.0208679	-1	-1	3
6311	0.601479	39.5685	47	0.841883	0.237513	0.02241	-1	-1	3
6312	0.601479	42.7462	47	0.909494	0.224964	0.0221159	-1	-1	3
6315	0.601479	31.0125	47	0.65984	0.218298	0.0219489	-1	-1	3
6316	0.601479	34.1689	47	0.726997	0.242924	0.0225098	-1	-1	3
6317	0.601479	63.9703	47	1.36107	0.167059	0.0207505	-1	-1	3
6319	0.601479	52.9558	47	1.12672	0.183297	0.0211267	-1	-1	3
6322	0.601479	49.8113	47	1.05982	0.194361	0.0213661	-1	-1	3
6326	0.601479	58.1017	47	1.23621	0.165777	0.0206797	-1	-1	3
6328	0.601479	67.974	47	1.44626	0.20229	0.0215682	-1	-1	3
6332	0.601479	48.9661	47	1.04183	0.247721	0.0225909	-1	-1	3
6334	0.601479	50.3949	47	1.07223	0.161208	0.0205913	-1	-1	3
6335	0.601479	74.6286	47	1.58784	0.217871	0.0219098	-1	-1	3
6336	0.601479	36.2159	47	0.770552	0.214069	0.0218113	-1	-1	3
6348	0.601479	56.5107	47	1.20235	0.168994	0.0207312	-1	-1	3
6353	0.601479	44.662	47	0.950255	0.22233	0.0219681	-1	-1	3
6373	0.601479	61.6182	47	1.31102	0.233797	0.0223332	-1	-1	3
6376	0.601479	47.8162	47	1.01737	0.235052	0.0223294	-1	-1	3
6377	0.601479	59.0423	47	1.25622	0.164578	0.0207201	-1	-1	3
6386	0.601479	43.7099	47	0.929997	0.265053	0.0230615	-1	-1	3
6387	0.601479	53.5613	47	1.1396	0.240766	0.0224691	-1	-1	3
6389	0.601479	76.0534	47	1.61816	0.203376	0.0216219	-1	-1	3
6391	0.601479	56.2358	47	1.19651	0.234508	0.0223204	-1	-1	3
6393	0.601479	52.6086	47	1.11933	0.211361	0.0217944	-1	-1	3
6396	0.601479	66.7394	47	1.41999	0.147143	0.0203231	-1	-1	3
6397	0.601479	41.5436	47	0.883906	0.226534	0.0221584	-1	-1	3
6398	0.601479	43.6758	47	0.929273	0.228439	0.0221551	-1	-1	3
6405	0.601479	44.5429	47	0.947722	0.170154	0.0208294	-1	-1	3
6406	0.601479	49.0046	47	1.04265	0.205585	0.0216139	-1	-1	3
6407	0.601479	49.6618	47	1.05663	0.234359	0.0222485	-1	-1	3
6409	0.601479	40.5571	47	0.862916	0.199939	0.0214588	-1	-1	3
6412	0.601479	37.0564	47	0.788433	0.24944	0.0226608	-1	-1	3
6414	0.601479	40.2779	47	0.856977	0.172289	0.0208403	-1	-1	3
6417	0.601479	65.0497	47	1.38404	0.188261	0.021236	-1	-1	3
6418	0.601479	52.1381	47	1.10932	0.213702	0.0218116	-1	-1	3
6420	0.601479	55.3928	47	1.17857	0.148096	0.0202859	-1	-1	3
6421	0.601479	48.8189	47	1.0387	0.202771	0.0215472	-1	-1	3
6423	0.601479	49.2214	47	1.04726	0.174336	0.0209208	-1	-1	3
6430	0.601479	41.7016	47	0.887267	0.202109	0.0215441	-1	-1	3
6435	0.601479	52.6904	47	1.12107	0.216895	0.0219019	-1	-1	3
6436	0.601479	39.1719	47	0.833444	0.0885042	0.0189638	-1	-1	3
6445	0.601479	42.9503	47	0.913835	0.20493	0.021564	-1	-1	3
6446	0.601479	37.9036	47	0.806459	0.33401	0.024743	-1	-1	3
6451	0.601479	43.9521	47	0.935151	0.290286	0.0236842	-1	-1	3
6454	0.601479	62.6733	47	1.33347	0.262386	0.0230638	-1	-1	3
6455	0.601479	42.2564	47	0.899071	0.208963	0.0217494	-1	-1	3
6457	0.601479	53.9355	47	1.14756	0.258896	0.022943	-1	-1	3
6461	0.601479	59.3415	47	1.26258	0.182042	0.0211481	-1	-1	3
6466	0.601479	52.5864	47	1.11886	0.254153	0.022769	-1	-1	3
6467	0.601479	47.077	47	1.00164	0.241347	0.0224509	-1	-1	3
6468	0.601479	36.9441	47	0.786045	0.259906	0.0228617	-1	-1	3
6471	0.601479	31.4132	47	0.668366	0.2318	0.0222684	-1	-1	3
6474	0.601479	57.6885	47	1.22741	0.194157	0.021379	-1	-1	3
6478	0.601479	45.6072	47	0.970366	0.202319	0.0215462	-1	-1	3
6479	0.601479	40.5108	47	0.861933	0.205224	0.0215891	-1	-1	3
6489	0.601479	24.9528	47	0.53091	0.178706	0.0210014	-1	-1	3
6492	0.601479	52.9236	47	1.12603	0.22903	0.0221696	-1	-1	3
6493	0.601479	65.6798	47	1.39744	0.206091	0.0215652	-1	-1	3
6494	0.601479	44.6223	47	0.94941	0.193783	0.0213224	-1	-1	3
6495	0.601479	31.8621	47	0.677917	0.214022	0.0218173	-1	-1	3
6496	0.601479	53.6819	47	1.14217	0.175677	0.0209062	-1	-1	3
6497	0.601479	47.9696	47	1.02063	0.163604	0.0206045	-1	-1	3
6499	0.601479	55.9268	47	1.18993	0.199537	0.0214585	-1	-1	3
6500	0.601479	53.6426	47	1.14133	0.199071	0.021523	-1	-1	3
6503	0.601479	46.1153	47	0.981176	0.187952	0.0211734	-1	-1	3
6507	0.601479	49.5213	47	1.05364	0.203885	0.0215713	-1	-1	3
6512	0.601479	42.2324	47	0.898563	0.173027	0.0208672	-1	-1	3
6524	0.601479	46.2641	47	0.984342	0.14301	0.0201799	-1	-1	3
6527	0.601479	41.6788	47	0.886782	0.152174	0.0204046	-1	-1	3
6538	0.601479	79.3423	47	1.68813	0.30011	0.0239326	-1	-1	3
6540	0.601479	63.7756	47	1.35693	0.33267	0.0247413	-1	-1	3
6541	0.601479	44.5879	47	0.948678	0.242951	0.0225291	-1	-1	3
6546	0.601479	56.4163	47	1.20035	0.294028	0.0237502	-1	-1	3
6548	0.601479	32.3336	47	0.687948	0.328578	0.0246195	-1	-1	3
6550	0.601479	45.9606	47	0.977886	0.205258	0.0216539	-1	-1	3
6551	0.601479	41.0818	47	0.87408	0.29827	0.0238537	-1	-1	3
6553	0.601479	52.0438	47	1.10731	0.139185	0.0201589	-1	-1	3
6555	0.601479	41.3757	47	0.880333	0.265845	0.0230485	-1	-1	3
6557	0.601479	58.7255	47	1.24948	0.256487	0.0228133	-1	-1	3
6558	0.601479	45.4245	47	0.966479	0.187778	0.0212497	-1	-1	3
6559	0.601479	61.4394	47	1.30722	0.274382	0.0233082	-1	-1	3
6560	0.601479	39.3525	47	0.837287	0.319857	0.0243854	-1	-1	3
6562	0.601479	58.5281	47	1.24528	0.210475	0.0217035	-1	-1	3
6563	0.601479	52.2195	47	1.11105	0.23462	0.0222779	-1	-1	3
6564	0.601479	64.1198	47	1.36425	0.138311	0.0201002	-1	-1	3
6565	0.601479	49.1018	47	1.04472	0.229647	0.0221661	-1	-1	3
6566	0.601479	40.1845	47	0.85499	0.22228	0.02199	-1	-1	3
6567	0.601479	52.1715	47	1.11003	0.216648	0.0218538	-1	-1	3
6568	0.601479	51.6025	47	1.09793	0.213768	0.021831	-1	-1	3
6569	0.601479	46.5155	47	0.989691	0.149924	0.02036	-1	-1	3
6570	0.601479	49.6902	47	1.05724	0.208763	0.0217129	-1	-1	3
6578	0.601479	52.1108	47	1.10874	0.148845	0.0203334	-1	-1	3
6589	0.601479	60.7409	47	1.29236	0.207511	0.0216047	-1	-1	3
6590	0.601479	39.138	47	0.832724	0.167169	0.0207673	-1	-1	3
6592	0.601479	35.5037	47	0.755398	0.163474	0.0206591	-1	-1	3
6593	0.601479	36.1768	47	0.76972	0.157039	0.0204879	-1	-1	3
6594	0.601479	43.6128	47	0.927931	0.166174	0.0206754	-1	-1	3
6597	0.601479	42.1003	47	0.895751	0.191643	0.0212978	-1	-1	3
6599	0.601479	57.21	47	1.21723	0.192931	0.0212893	-1	-1	3
6607	0.601479	41.2991	47	0.878705	0.119852	0.0196451	-1	-1	3
6627	0.601479	53.3696	47	1.13552	0.242985	0.0225651	-1	-1	3
6629	0.601479	34.6031	47	0.736236	0.240279	0.02242	-1	-1	3
6631	0.601479	30.385	47	0.646489	0.180255	0.0210657	-1	-1	3
6633	0.601479	39.8972	47	0.848876	0.207931	0.0216595	-1	-1	3
6635	0.601479	43.41	47	0.923617	0.239064	0.0224464	-1	-1	3
6636	0.601479	54.0406	47	1.1498	0.209081	0.0217192	-1	-1	3
6640	0.601479	62.6757	47	1.33352	0.246097	0.0225686	-1	-1	3
6642	0.601479	51.789	47	1.10189	0.205716	0.0216718	-1	-1	3
6644	0.601479	61.9559	47	1.31821	0.247145	0.0226029	-1	-1	3
6645	0.601479	37.4863	47	0.79758	0.206474	0.0216666	-1	-1	3
6648	0.601479	41.9194	47	0.891902	0.242871	0.0224544	-1	-1	3
6649	0.601479	37.8314	47	0.804924	0.140456	0.0201355	-1	-1	3
6651	0.601479	55.3455	47	1.17756	0.228059	0.0221576	-1	-1	3
6654	0.601479	55.5639	47	1.18221	0.203298	0.0215377	-1	-1	3
6655	0.601479	43.9982	47	0.936133	0.246555	0.0226124	-1	-1	3
6657	0.601479	50.9603	47	1.08426	0.19526	0.0213383	-1	-1	3
6659	0.601479	49.1939	47	1.04668	0.157217	0.0205117	-1	-1	3
6660	0.601479	40.1789	47	0.85487	0.163242	0.0206581	-1	-1	3
6665	0.601479	54.9564	47	1.16929	0.235647	0.0223177	-1	-1	3
6668	0.601479	54.2544	47	1.15435	0.173321	0.0208115	-1	-1	3
6669	0.601479	45.2417	47	0.96259	0.222213	0.0220024	-1	-1	3
6670	0.601479	48.0296	47	1.02191	0.209441	0.0217291	-1	-1	3
6671	0.601479	55.8152	47	1.18756	0.184951	0.0211194	-1	-1	3
6672	0.601479	65.1173	47	1.38548	0.130066	0.0199044	-1	-1	3
6676	0.601479	54.4059	47	1.15757	0.201429	0.0214915	-1	-1	3
6682	0.601479	39.0716	47	0.83131	0.152711	0.0204109	-1	-1	3
6685	0.601479	45.8092	47	0.974664	0.162493	0.0205941	-1	-1	3
6688	0.601479	29.4321	47	0.626215	0.16238	0.0205791	-1	-1	3
6691	0.601479	26.4781	47	0.563364	0.129883	0.0199006	-1	-1	3
6704	0.601479	49.6808	47	1.05704	0.273136	0.0231749	-1	-1	3
6706	0.601479	62.2561	47	1.3246	0.265823	0.0230508	-1	-1	3
6708	0.601479	45.9429	47	0.977509	0.298531	0.0238593	-1	-1	3
6710	0.601479	45.9	47	0.976597	0.26746	0.0231082	-1	-1	3
6712	0.601479	60.2228	47	1.28134	0.284655	0.0235658	-1	-1	3
6713	0.601479	56.7126	47	1.20665	0.263367	0.0230322	-1	-1	3
6715	0.601479	54.2742	47	1.15477	0.21693	0.0218819	-1	-1	3
6716	0.601479	38.9896	47	0.829566	0.204046	0.021567	-1	-1	3
6717	0.601479	45.6878	47	0.97208	0.190941	0.0213063	-1	-1	3
6718	0.601479	46.9361	47	0.998641	0.287428	0.0235836	-1	-1	3
6719	0.601479	37.0099	47	0.787445	0.240836	0.0224506	-1	-1	3
6720	0.601479	44.2262	47	0.940983	0.257411	0.0228142	-1	-1	3
6721	0.601479	49.6038	47	1.0554	0.175907	0.0209211	-1	-1	3
6726	0.601479	60.4922	47	1.28707	0.275447	0.023276	-1	-1	3
6728	0.601479	37.6796	47	0.801693	0.270854	0.0231272	-1	-1	3
6729	0.601479	55.463	47	1.18006	0.136589	0.0200558	-1	-1	3
6731	0.601479	44.212	47	0.940681	0.231337	0.022213	-1	-1	3
6733	0.601479	48.2072	47	1.02569	0.181948	0.0210192	-1	-1	3
6735	0.601479	55.8573	47	1.18845	0.202787	0.0215472	-1	-1	3
6737	0.601479	28.6574	47	0.609732	0.243601	0.0224838	-1	-1	3
6739	0.601479	59.5209	47	1.2664	0.172758	0.0208491	-1	-1	3
6740	0.601479	40.9043	47	0.870305	0.152823	0.0203989	-1	-1	3
6741	0.601479	50.9019	47	1.08302	0.149017	0.0202999	-1	-1	3
6742	0.601479	54.8935	47	1.16795	0.168156	0.0207625	-1	-1	3
6745	0.601479	58.3543	47	1.24158	0.166574	0.0207388	-1	-1	3
6746	0.601479	50.0246	47	1.06435	0.178259	0.0209328	-1	-1	3
6750	0.601479	73.8949	47	1.57223	0.201587	0.0214599	-1	-1	3
6757	0.601479	31.9309	47	0.67938	0.201772	0.0215274	-1	-1	3
6764	0.601479	56.1917	47	1.19557	0.112311	0.0195093	-1	-1	3
6765	0.601479	61.5861	47	1.31034	0.0938727	0.019043	-1	-1	3
6782	0.601479	34.5189	47	0.734445	0.239859	0.0224503	-1	-1	3
6783	0.601479	38.4254	47	0.817562	0.236298	0.0222993	-1	-1	3
6786	0.601479	40.6948	47	0.865847	0.189289	0.0212182	-1	-1	3
6788	0.601479	48.9356	47	1.04118	0.222012	0.0220234	-1	-1	3
6789	0.601479	43.149	47	0.918064	0.214893	0.0218567	-1	-1	3
6791	0.601479	35.5862	47	0.757154	0.292267	0.0236791	-1	-1	3
6793	0.601479	39.2735	47	0.835606	0.277672	0.0233334	-1	-1	3
6795	0.601479	64.4508	47	1.37129	0.239178	0.0224564	-1	-1	3
6797	0.601479	38.9972	47	0.829728	0.260978	0.0229081	-1	-1	3
6798	0.601479	38.2446	47	0.813715	0.183041	0.0211113	-1	-1	3
6802	0.601479	43.9708	47	0.93555	0.198906	0.0214691	-1	-1	3
6803	0.601479	54.8884	47	1.16784	0.239986	0.0224153	-1	-1	3
6804	0.601479	60.6932	47	1.29135	0.180679	0.0210367	-1	-1	3
6805	0.601479	63.938	47	1.36038	0.189895	0.0212743	-1	-1	3
6806	0.601479	39.0011	47	0.82981	0.174194	0.0209017	-1	-1	3
6808	0.601479	53.3798	47	1.13574	0.18639	0.0211916	-1	-1	3
6810	0.601479	49.435	47	1.05181	0.186572	0.0211704	-1	-1	3
6811	0.601479	57.4401	47	1.22213	0.208698	0.0216712	-1	-1	3
6813	0.601479	58.2631	47	1.23964	0.167668	0.020728	-1	-1	3
6817	0.601479	34.9744	47	0.744137	0.208165	0.0216541	-1	-1	3
6825	0.601479	40.1093	47	0.853388	0.155822	0.0204695	-1	-1	3
6831	0.601479	47.4734	47	1.01007	0.148729	0.0202967	-1	-1	3
6832	0.601479	59.9841	47	1.27626	0.160695	0.020541	-1	-1	3
6838	0.601479	38.2267	47	0.813334	0.128219	0.0198098	-1	-1	3
6845	0.601479	63.7871	47	1.35717	0.311745	0.0242104	-1	-1	3
6854	0.601479	43.8406	47	0.93278	0.259634	0.0228571	-1	-1	3
6859	0.601479	49.8682	47	1.06103	0.214117	0.0218175	-1	-1	3
6862	0.601479	35.3781	47	0.752725	0.20512	0.0216209	-1	-1	3
6863	0.601479	58.6129	47	1.24708	0.333827	0.0247072	-1	-1	3
6866	0.601479	50.4447	47	1.07329	0.239524	0.0224158	-1	-1	3
6867	0.601479	43.7938	47	0.931782	0.281432	0.0234188	-1	-1	3
6872	0.601479	54.9229	47	1.16857	0.246693	0.0226122	-1	-1	3
6873	0.601479	37.3291	47	0.794237	0.113836	0.0195379	-1	-1	3
6874	0.601479	41.9272	47	0.892068	0.192635	0.0213355	-1	-1	3
6875	0.601479	42.8559	47	0.911828	0.24795	0.0226029	-1	-1	3
6876	0.601479	41.3098	47	0.878931	0.220955	0.0219561	-1	-1	3
6878	0.601479	40.2538	47	0.856464	0.183716	0.0211229	-1	-1	3
6879	0.601479	47.5978	47	1.01272	0.2535	0.0227254	-1	-1	3
6882	0.601479	28.969	47	0.616361	0.140582	0.0201106	-1	-1	3
6883	0.601479	66.2718	47	1.41004	0.192952	0.0213452	-1	-1	3
6884	0.601479	61.9809	47	1.31874	0.264575	0.0229859	-1	-1	3
6887	0.601479	62.3953	47	1.32756	0.23631	0.022265	-1	-1	3
6890	0.601479	45.4975	47	0.968031	0.224221	0.0220552	-1	-1	3
6893	0.601479	55.2468	47	1.17546	0.162722	0.0206246	-1	-1	3
6894	0.601479	58.9058	47	1.25331	0.145621	0.0202405	-1	-1	3
6896	0.601479	37.9632	47	0.807728	0.2106	0.021666	-1	-1	3
6898	0.601479	64.3598	47	1.36936	0.194978	0.0213666	-1	-1	3
6904	0.601479	49.9694	47	1.06318	0.144316	0.0201915	-1	-1	3
6907	0.601479	51.6303	47	1.09852	0.224053	0.0220121	-1	-1	3
6909	0.601479	57.4215	47	1.22173	0.18895	0.0211824	-1	-1	3
6911	0.601479	51.1423	47	1.08813	0.176308	0.0209062	-1	-1	3
6921	0.601479	34.0702	47	0.724898	0.103343	0.0192939	-1	-1	3
6927	0.601479	53.4489	47	1.13721	0.246264	0.0226119	-1	-1	3
6928	0.601479	60.2769	47	1.28249	0.279034	0.0233868	-1	-1	3
6931	0.601479	27.9841	47	0.595407	0.259285	0.0228752	-1	-1	3
6935	0.601479	44.1489	47	0.939339	0.212076	0.0217672	-1	-1	3
6943	0.601479	45.5511	47	0.969173	0.298277	0.0237651	-1	-1	3
6944	0.601479	51.7481	47	1.10102	0.149795	0.0203469	-1	-1	3
6948	0.601479	43.46	47	0.924682	0.288703	0.0235213	-1	-1	3
6949	0.601479	61.5652	47	1.3099	0.240473	0.0224075	-1	-1	3
6950	0.601479	39.2242	47	0.834558	0.263799	0.0230099	-1	-1	3
6951	0.601479	50.5787	47	1.07614	0.256731	0.0227664	-1	-1	3
6953	0.601479	60.4205	47	1.28554	0.258739	0.022852	-1	-1	3
6955	0.601479	66.513	47	1.41517	0.237981	0.0223815	-1	-1	3
6957	0.601479	54.0174	47	1.14931	0.208423	0.0216851	-1	-1	3
6958	0.601479	43.8714	47	0.933435	0.207265	0.021599	-1	-1	3
6959	0.601479	31.6388	47	0.673165	0.252741	0.022665	-1	-1	3
6960	0.601479	47.9843	47	1.02094	0.233957	0.0222487	-1	-1	3
6962	0.601479	38.9567	47	0.828865	0.242512	0.0224736	-1	-1	3
6965	0.601479	46.6729	47	0.993039	0.24085	0.0223595	-1	-1	3
6970	0.601479	47.4296	47	1.00914	0.151611	0.0203696	-1	-1	3
6971	0.601479	47.6617	47	1.01408	0.216073	0.0218307	-1	-1	3
6973	0.601479	38.009	47	0.808702	0.257125	0.0227984	-1	-1	3
6977	0.601479	46.7447	47	0.994568	0.181213	0.0210144	-1	-1	3
6980	0.601479	62.5227	47	1.33027	0.158491	0.0205276	-1	-1	3
6985	0.601479	58.1471	47	1.23717	0.175921	0.020835	-1	-1	3
6990	0.601479	37.7332	47	0.802835	0.207461	0.0215926	-1	-1	3
6994	0.601479	85.0804	47	1.81022	0.162181	0.0205187	-1	-1	3
6995	0.601479	45.6787	47	0.971887	0.124199	0.0197833	-1	-1	3
6998	0.601479	35.6218	47	0.757911	0.112315	0.0194343	-1	-1	3
7011	0.601479	46.4451	47	0.988194	0.254106	0.0227602	-1	-1	3
7017	0.601479	46.789	47	0.995511	0.218777	0.0219432	-1	-1	3
7023	0.601479	44.1031	47	0.938363	0.228348	0.0221285	-1	-1	3
7028	0.601479	52.4629	47	1.11623	0.213349	0.0217451	-1	-1	3
7032	0.601479	58.0299	47	1.23468	0.194492	0.0213631	-1	-1	3
7034	0.601479	47.3965	47	1.00844	0.20044	0.0214785	-1	-1	3
7035	0.601479	47.5812	47	1.01237	0.240896	0.0224435	-1	-1	3
7036	0.601479	39.4018	47	0.838337	0.270693	0.0231155	-1	-1	3
7037	0.601479	37.02	47	0.78766	0.205388	0.0216118	-1	-1	3
7038	0.601479	42.8688	47	0.912103	0.28473	0.0234571	-1	-1	3
7039	0.601479	57.4435	47	1.2222	0.199627	0.021429	-1	-1	3
7041	0.601479	38.7287	47	0.824015	0.227326	0.0221299	-1	-1	3
7042	0.601479	43.9984	47	0.936137	0.165594	0.020708	-1	-1	3
7045	0.601479	49.0273	47	1.04313	0.205315	0.021571	-1	-1	3
7049	0.601479	56.7392	47	1.20722	0.245011	0.0224789	-1	-1	3
7052	0.601479	49.8994	47	1.06169	0.160842	0.0205664	-1	-1	3
7053	0.601479	42.4236	47	0.902629	0.183126	0.0210748	-1	-1	3
7054	0.601479	43.8597	47	0.933184	0.182649	0.0210404	-1	-1	3
7055	0.601479	50.5705	47	1.07597	0.218147	0.0218557	-1	-1	3
7056	0.601479	38.649	47	0.82232	0.173654	0.0208412	-1	-1	3
7058	0.601479	58.3549	47	1.24159	0.161786	0.0205025	-1	-1	3
7059	0.601479	36.0446	47	0.766905	0.211738	0.02172	-1	-1	3
7064	0.601479	55.2133	47	1.17475	0.222278	0.0219354	-1	-1	3
7067	0.601479	65.8125	47	1.40027	0.129506	0.0198229	-1	-1	3
7088	0.601479	38.4593	47	0.818283	0.299612	0.0238527	-1	-1	3
7094	0.601479	42.9576	47	0.913992	0.218978	0.021923	-1	-1	3
7096	0.601479	48.0183	47	1.02167	0.195169	0.0214051	-1	-1	3
7097	0.601479	43.9006	47	0.934055	0.263556	0.0229582	-1	-1	3
7099	0.601479	51.6365	47	1.09865	0.185467	0.0211606	-1	-1	3
7102	0.601479	55.6418	47	1.18387	0.195484	0.0213199	-1	-1	3
7106	0.601479	53.6055	47	1.14054	0.212228	0.0217593	-1	-1	3
7108	0.601479	52.8996	47	1.12552	0.247863	0.0226379	-1	-1	3
7110	0.601479	44.5557	47	0.947994	0.273686	0.0231466	-1	-1	3
7111	0.601479	39.4793	47	0.839985	0.200678	0.0214741	-1	-1	3
7113	0.601479	65.0871	47	1.38483	0.217558	0.0218625	-1	-1	3
7114	0.601479	31.9255	47	0.679266	0.227686	0.0221254	-1	-1	3
7115	0.601479	41.9175	47	0.891861	0.210036	0.0216964	-1	-1	3
7116	0.601479	41.8564	47	0.890561	0.250056	0.0226067	-1	-1	3
7117	0.601479	49.5292	47	1.05381	0.227855	0.022115	-1	-1	3
7119	0.601479	52.6646	47	1.12052	0.16043	0.0205853	-1	-1	3
7121	0.601479	40.8715	47	0.869605	0.271076	0.0231431	-1	-1	3
7125	0.601479	50.3398	47	1.07106	0.238182	0.0223532	-1	-1	3
7129	0.601479	52.7787	47	1.12295	0.246698	0.0225822	-1	-1	3
7130	0.601479	49.8554	47	1.06075	0.184482	0.0210424	-1	-1	3
7133	0.601479	45.2105	47	0.961925	0.221441	0.0219562	-1	-1	3
7135	0.601479	43.8017	47	0.93195	0.241343	0.0223931	-1	-1	3
7137	0.601479	49.2934	47	1.0488	0.189949	0.0212169	-1	-1	3
7142	0.601479	47.544	47	1.01157	0.206455	0.0215913	-1	-1	3
7143	0.601479	44.5141	47	0.947109	0.206704	0.0215661	-1	-1	3
7144	0.601479	51.3526	47	1.09261	0.192908	0.0212673	-1	-1	3
7146	0.601479	63.8523	47	1.35856	0.135704	0.0199962	-1	-1	3
7150	0.601479	33.1393	47	0.705091	0.168803	0.0206749	-1	-1	3
7156	0.601479	64.5196	47	1.37276	0.172554	0.0207518	-1	-1	3
7159	0.601479	34.0967	47	0.725461	0.305533	0.0240332	-1	-1	3
7178	0.601479	38.5155	47	0.819479	0.298124	0.0237986	-1	-1	3
7179	0.601479	44.7354	47	0.951817	0.218373	0.0219539	-1	-1	3
7184	0.601479	52.0891	47	1.10828	0.216641	0.0218202	-1	-1	3
7185	0.601479	54.5085	47	1.15975	0.246655	0.0225849	-1	-1	3
7191	0.601479	38.3114	47	0.815137	0.276137	0.0232729	-1	-1	3
7200	0.601479	52.8415	47	1.12429	0.224548	0.0219891	-1	-1	3
7201	0.601479	54.3077	47	1.15548	0.236122	0.0222541	-1	-1	3
7203	0.601479	32.763	47	0.697085	0.209775	0.0216854	-1	-1	3
7205	0.601479	62.8515	47	1.33727	0.242055	0.022441	-1	-1	3
7206	0.601479	38.2195	47	0.81318	0.203734	0.0215187	-1	-1	3
7208	0.601479	70.1554	47	1.49267	0.243438	0.0224893	-1	-1	3
7209	0.601479	67.4404	47	1.4349	0.248623	0.0226509	-1	-1	3
7210	0.601479	41.6713	47	0.886623	0.178789	0.0209762	-1	-1	3
7211	0.601479	56.4423	47	1.2009	0.195933	0.0214005	-1	-1	3
7212	0.601479	51.7806	47	1.10172	0.204464	0.0215732	-1	-1	3
7213	0.601479	61.489	47	1.30828	0.223166	0.021954	-1	-1	3
7217	0.601479	38.6343	47	0.822007	0.17254	0.0208536	-1	-1	3
7221	0.601479	72.4054	47	1.54054	0.185738	0.0210977	-1	-1	3
7224	0.601479	49.4771	47	1.0527	0.142367	0.0201433	-1	-1	3
7225	0.601479	58.8775	47	1.25271	0.243604	0.0224772	-1	-1	3
7228	0.601479	53.9648	47	1.14819	0.20783	0.0215951	-1	-1	3
7233	0.601479	53.1081	47	1.12996	0.213408	0.0217466	-1	-1	3
7235	0.601479	48.6161	47	1.03439	0.202691	0.0215571	-1	-1	3
7240	0.601479	54.1202	47	1.15149	0.288649	0.0235773	-1	-1	3
7248	0.601479	50.0956	47	1.06586	0.236382	0.0223379	-1	-1	3
7252	0.601479	50.1668	47	1.06738	0.26728	0.0230302	-1	-1	3
7256	0.601479	39.2875	47	0.835905	0.254024	0.0227303	-1	-1	3
7262	0.601479	39.4467	47	0.839291	0.279532	0.0233487	-1	-1	3
7266	0.601479	50.6983	47	1.07869	0.217495	0.0218378	-1	-1	3
7267	0.601479	40.8437	47	0.869015	0.20828	0.0217094	-1	-1	3
7275	0.601479	46.995	47	0.999893	0.183888	0.0210865	-1	-1	3
7276	0.601479	45.4486	47	0.966992	0.240884	0.022361	-1	-1	3
7277	0.601479	45.9766	47	0.978226	0.181366	0.0210033	-1	-1	3
7280	0.601479	44.6133	47	0.94922	0.188394	0.0211954	-1	-1	3
7281	0.601479	24.226	47	0.515447	0.201285	0.0214503	-1	-1	3
7291	0.601479	43.4537	47	0.924547	0.189425	0.0211708	-1	-1	3
7293	0.601479	42.2024	47	0.897924	0.208532	0.0216607	-1	-1	3
7294	0.601479	50.3521	47	1.07132	0.231025	0.0221293	-1	-1	3
7299	0.601479	38.4274	47	0.817604	0.170699	0.0207386	-1	-1	3
7310	0.601479	36.2207	47	0.770652	0.284236	0.0234683	-1	-1	3
7312	0.601479	38.3735	47	0.816457	0.27416	0.0232743	-1	-1	3
7319	0.601479	57.3841	47	1.22094	0.249911	0.0226498	-1	-1	3
7330	0.601479	35.0101	47	0.744897	0.211487	0.0217211	-1	-1	3
7333	0.601479	43.5842	47	0.927323	0.288242	0.0235331	-1	-1	3
7334	0.601479	33.8826	47	0.720907	0.179626	0.0209999	-1	-1	3
7341	0.601479	50.7079	47	1.07889	0.181989	0.021061	-1	-1	3
7342	0.601479	33.7568	47	0.71823	0.169167	0.0207793	-1	-1	3
7344	0.601479	38.9981	47	0.829746	0.22806	0.0221139	-1	-1	3
7346	0.601479	72.319	47	1.5387	0.181897	0.0210677	-1	-1	3
7351	0.601479	27.6962	47	0.589281	0.141383	0.0201544	-1	-1	3
7352	0.601479	67.778	47	1.44209	0.202731	0.021532	-1	-1	3
7356	0.601479	48.4515	47	1.03088	0.206468	0.0215623	-1	-1	3
7359	0.601479	48.3137	47	1.02795	0.23976	0.0224036	-1	-1	3
7363	0.601479	41.5626	47	0.88431	0.194263	0.0213184	-1	-1	3
7369	0.601479	48.4376	47	1.03059	0.186033	0.0211281	-1	-1	3
7370	0.601479	48.3815	47	1.02939	0.257448	0.0227249	-1	-1	3
7395	0.601479	47.6828	47	1.01453	0.256475	0.0228423	-1	-1	3
7397	0.601479	43.4062	47	0.923537	0.194538	0.0213671	-1	-1	3
7399	0.601479	33.4234	47	0.711136	0.230544	0.0222003	-1	-1	3
7402	0.601479	55.5535	47	1.18199	0.236645	0.0223479	-1	-1	3
7407	0.601479	42.5114	47	0.904497	0.247916	0.0225646	-1	-1	3
7409	0.601479	22.6673	47	0.482284	0.191191	0.0212781	-1	-1	3
7412	0.601479	37.0077	47	0.787398	0.238536	0.0223623	-1	-1	3
7413	0.601479	41.3383	47	0.879539	0.174734	0.0209085	-1	-1	3
7415	0.601479	48.6572	47	1.03526	0.263742	0.0230181	-1	-1	3
7416	0.601479	45.4495	47	0.967011	0.179436	0.0210105	-1	-1	3
7419	0.601479	33.0009	47	0.702147	0.153883	0.0204294	-1	-1	3
7431	0.601479	47.6706	47	1.01427	0.146955	0.020286	-1	-1	3
7432	0.601479	44.2097	47	0.940631	0.177888	0.0209304	-1	-1	3
7433	0.601479	26.1787	47	0.556993	0.255827	0.0227703	-1	-1	3
7438	0.601479	43.9337	47	0.93476	0.153343	0.0204069	-1	-1	3
7447	0.601479	40.2026	47	0.855373	0.126549	0.0198307	-1	-1	3
7448	0.601479	45.567	47	0.969511	0.216682	0.0218756	-1	-1	3
7452	0.601479	46.27	47	0.984469	0.279503	0.0234268	-1	-1	3
7459	0.601479	47.7482	47	1.01592	0.210775	0.0217695	-1	-1	3
7467	0.601479	55.1267	47	1.17291	0.295341	0.0237871	-1	-1	3
7469	0.601479	34.7035	47	0.738372	0.210061	0.0217564	-1	-1	3
7472	0.601479	53.0636	47	1.12901	0.297862	0.0238164	-1	-1	3
7475	0.601479	53.1992	47	1.1319	0.270876	0.0231189	-1	-1	3
7476	0.601479	36.4621	47	0.77579	0.24364	0.022521	-1	-1	3
7477	0.601479	43.8821	47	0.933661	0.174437	0.0209567	-1	-1	3
7479	0.601479	51.9211	47	1.1047	0.190213	0.021248	-1	-1	3
7482	0.601479	48.8267	47	1.03887	0.202128	0.0214906	-1	-1	3
7485	0.601479	46.5699	47	0.990849	0.207577	0.0216591	-1	-1	3
7486	0.601479	45.5346	47	0.968822	0.153908	0.0204913	-1	-1	3
7487	0.601479	48.3681	47	1.02911	0.227393	0.0221355	-1	-1	3
7488	0.601479	47.5451	47	1.0116	0.273816	0.023241	-1	-1	3
7489	0.601479	44.3895	47	0.944457	0.231188	0.0221968	-1	-1	3
7493	0.601479	40.3202	47	0.857876	0.259262	0.0228659	-1	-1	3
7496	0.601479	47.1074	47	1.00229	0.231245	0.0221881	-1	-1	3
7502	0.601479	36.3166	47	0.772695	0.140687	0.0201502	-1	-1	3
7520	0.601479	55.6357	47	1.18374	0.268302	0.0231767	-1	-1	3
7522	0.601479	37.7617	47	0.80344	0.239754	0.0224552	-1	-1	3
7525	0.601479	53.8819	47	1.14642	0.322933	0.0245064	-1	-1	3
7529	0.601479	53.3877	47	1.13591	0.223648	0.0221434	-1	-1	3
7531	0.601479	40.364	47	0.858809	0.217716	0.0219759	-1	-1	3
7532	0.601479	47.0083	47	1.00018	0.181237	0.0211109	-1	-1	3
7534	0.601479	42.5047	47	0.904355	0.184177	0.0211594	-1	-1	3
7543	0.601479	38.0739	47	0.810083	0.175107	0.0209529	-1	-1	3
7549	0.601479	67.9823	47	1.44643	0.213351	0.0218177	-1	-1	3
7553	0.601479	45.6378	47	0.971018	0.197552	0.0214604	-1	-1	3
7554	0.601479	61.5252	47	1.30905	0.204299	0.0216079	-1	-1	3
7564	0.601479	41.0444	47	0.873285	0.227859	0.0222043	-1	-1	3
7567	0.601479	36.6732	47	0.780281	0.252454	0.02284	-1	-1	3
7571	0.601479	43.9491	47	0.935087	0.25695	0.0229114	-1	-1	3
7574	0.601479	52.8179	47	1.12379	0.209996	0.0217955	-1	-1	3
7587	0.601479	65.736	47	1.39864	0.263863	0.0229724	-1	-1	3
7589	0.601479	57.7528	47	1.22878	0.230026	0.0222668	-1	-1	3
7590	0.601479	69.632	47	1.48153	0.184418	0.0211229	-1	-1	3
7591	0.601479	50.4294	47	1.07297	0.178362	0.0210744	-1	-1	3
7593	0.601479	53.8777	47	1.14633	0.21845	0.021988	-1	-1	3
7594	0.601479	33.7303	47	0.717666	0.235811	0.0224079	-1	-1	3
7596	0.601479	33.0863	47	0.703964	0.201269	0.0216018	-1	-1	3
7603	0.601479	42.5731	47	0.90581	0.310411	0.0242968	-1	-1	3
7609	0.601479	44.4324	47	0.94537	0.312927	0.0243229	-1	-1	3
7611	0.601479	51.8032	47	1.1022	0.273847	0.0233972	-1	-1	3
7612	0.601479	52.035	47	1.10713	0.329068	0.0247815	-1	-1	3
7618	0.601479	53.9122	47	1.14707	0.182565	0.0212008	-1	-1	3
7621	0.601479	38.1771	47	0.81228	0.194404	0.0214672	-1	-1	3
7624	0.601479	42.8399	47	0.911487	0.219787	0.0220791	-1	-1	3
7627	0.601479	52.902	47	1.12557	0.22809	0.0222495	-1	-1	3
7639	0.601479	46.6332	47	0.992195	0.192017	0.0213718	-1	-1	3
7648	0.601479	48.632	47	1.03472	0.3146	0.0243974	-1	-1	3
7649	0.601479	52.0516	47	1.10748	0.237018	0.0225179	-1	-1	3
7659	0.601479	35.8514	47	0.762796	0.27823	0.0234892	-1	-1	3
7661	0.601479	40.4534	47	0.860711	0.250493	0.022805	-1	-1	3
7668	0.601479	32.4169	47	0.68972	0.222702	0.0221634	-1	-1	3
7673	0.601479	55.9209	47	1.18981	0.274348	0.0233513	-1	-1	3
7679	0.601479	56.7914	47	1.20833	0.168964	0.0208501	-1	-1	3
7687	0.601479	42.5365	47	0.905032	0.315908	0.0244464	-1	-1	3
7693	0.601479	50.7377	47	1.07953	0.268852	0.0233066	-1	-1	3
7695	0.601479	46.8018	47	0.995783	0.22143	0.0221599	-1	-1	3
7706	0.601479	56.2778	47	1.1974	0.206377	0.0218439	-1	-1	3
7708	0.601479	40.1931	47	0.855172	0.208016	0.0218112	-1	-1	3
7711	0.601479	45.4298	47	0.966592	0.245595	0.0227303	-1	-1	3
