1	0.601652	53.1291	47	1.13041	0.264519	0.0233147	-1	-1	3
9	0.601652	54.0845	47	1.15073	0.217956	0.0221417	-1	-1	3
11	0.601652	43.9822	47	0.935792	0.215945	0.0221018	-1	-1	3
27	0.601652	36.9954	47	0.787137	0.201212	0.0216796	-1	-1	3
28	0.601652	49.9082	47	1.06188	0.206764	0.0218313	-1	-1	3
59	0.601652	47.3627	47	1.00772	0.22072	0.0221772	-1	-1	3
62	0.601652	51.8283	47	1.10273	0.271765	0.0234187	-1	-1	3
70	0.601652	55.3074	47	1.17675	0.221894	0.0221759	-1	-1	3
114	0.601652	69.4491	47	1.47764	0.203617	0.0217814	-1	-1	3
117	0.601652	70.5528	47	1.50112	0.236415	0.0225793	-1	-1	3
130	0.601652	46.5299	47	0.989998	0.20482	0.0217997	-1	-1	3
172	0.601652	62.3124	47	1.3258	0.215642	0.0220283	-1	-1	3
174	0.601652	57.9583	47	1.23316	0.256718	0.0229986	-1	-1	3
176	0.601652	57.4687	47	1.22274	0.221302	0.0221877	-1	-1	3
181	0.601652	49.3287	47	1.04955	0.168714	0.0209497	-1	-1	3
199	0.601652	57.9718	47	1.23344	0.176048	0.0210809	-1	-1	3
206	0.601652	62.9439	47	1.33923	0.157844	0.0206287	-1	-1	3
213	0.601652	66.9787	47	1.42508	0.245025	0.0227799	-1	-1	3
236	0.601652	52.7247	47	1.1218	0.209541	0.0219183	-1	-1	3
250	0.601652	55.9435	47	1.19029	0.194881	0.0215524	-1	-1	3
310	0.601652	59.2714	47	1.26109	0.226949	0.0222851	-1	-1	3
315	0.601652	46.0393	47	0.979561	0.154978	0.0205805	-1	-1	3
317	0.601652	68.0443	47	1.44775	0.22102	0.0221672	-1	-1	3
318	0.601652	53.5586	47	1.13955	0.193344	0.0214761	-1	-1	3
321	0.601652	71.6236	47	1.52391	0.166619	0.0208883	-1	-1	3
347	0.601652	60.4788	47	1.28678	0.244217	0.0227454	-1	-1	3
356	0.601652	50.4221	47	1.07281	0.187208	0.0213411	-1	-1	3
362	0.601652	54.3031	47	1.15539	0.21069	0.0218878	-1	-1	3
371	0.601652	32.1172	47	0.683344	0.194402	0.0215297	-1	-1	3
377	0.601652	42.8905	47	0.912564	0.162041	0.0207725	-1	-1	3
397	0.601652	57.8906	47	1.23172	0.239039	0.0225946	-1	-1	3
407	0.601652	53.2435	47	1.13284	0.235654	0.0225615	-1	-1	3
413	0.601652	51.9159	47	1.10459	0.209998	0.021883	-1	-1	3
417	0.601652	51.9719	47	1.10579	0.151493	0.0205832	-1	-1	3
419	0.601652	59.4109	47	1.26406	0.168099	0.0208679	-1	-1	3
421	0.601652	55.9336	47	1.19008	0.231238	0.0223802	-1	-1	3
460	0.601652	35.2705	47	0.750436	0.281204	0.0236035	-1	-1	3
466	0.601652	41.6578	47	0.886337	0.221876	0.0221939	-1	-1	3
468	0.601652	37.6845	47	0.801798	0.212417	0.0219467	-1	-1	3
477	0.601652	43.7387	47	0.93061	0.191624	0.0214393	-1	-1	3
479	0.601652	52.6226	47	1.11963	0.186313	0.0212968	-1	-1	3
481	0.601652	44.6524	47	0.950051	0.143011	0.0202931	-1	-1	3
528	0.601652	32.1592	47	0.684238	0.214845	0.0220046	-1	-1	3
531	0.601652	57.442	47	1.22217	0.234265	0.0224526	-1	-1	3
538	0.601652	64.3761	47	1.36971	0.199524	0.0216157	-1	-1	3
543	0.601652	54.3383	47	1.15613	0.192986	0.0214763	-1	-1	3
552	0.601652	53.0519	47	1.12876	0.189419	0.0213674	-1	-1	3
556	0.601652	53.164	47	1.13115	0.157028	0.0206219	-1	-1	3
558	0.601652	57.3681	47	1.2206	0.111635	0.0196025	-1	-1	3
580	0.601652	39.6171	47	0.842917	0.246632	0.0227823	-1	-1	3
583	0.601652	49.7704	47	1.05894	0.222539	0.0222212	-1	-1	3
596	0.601652	35.987	47	0.765682	0.175965	0.0210754	-1	-1	3
609	0.601652	57.8252	47	1.23032	0.218169	0.0220854	-1	-1	3
641	0.601652	43.0454	47	0.91586	0.249278	0.0228237	-1	-1	3
651	0.601652	53.2261	47	1.13247	0.260117	0.023092	-1	-1	3
668	0.601652	48.4781	47	1.03145	0.190119	0.0213786	-1	-1	3
681	0.601652	63.9255	47	1.36012	0.208772	0.0218345	-1	-1	3
686	0.601652	47.3133	47	1.00667	0.191208	0.0213698	-1	-1	3
727	0.601652	56.681	47	1.20598	0.208655	0.0218279	-1	-1	3
728	0.601652	61.7195	47	1.31318	0.184134	0.0212465	-1	-1	3
735	0.601652	52.3451	47	1.11373	0.186922	0.0212987	-1	-1	3
736	0.601652	38.0389	47	0.809338	0.17891	0.0211154	-1	-1	3
738	0.601652	60.8035	47	1.29369	0.190555	0.0214267	-1	-1	3
747	0.601652	24.9143	47	0.530092	0.172829	0.0209854	-1	-1	3
750	0.601652	64.345	47	1.36904	0.157916	0.0206166	-1	-1	3
757	0.601652	58.5284	47	1.24529	0.147205	0.0203279	-1	-1	3
764	0.601652	59.6997	47	1.27021	0.172386	0.0209264	-1	-1	3
787	0.601652	30.9361	47	0.658215	0.19996	0.0216318	-1	-1	3
797	0.601652	57.2939	47	1.21902	0.255555	0.0229629	-1	-1	3
800	0.601652	47.5923	47	1.0126	0.199953	0.0216396	-1	-1	3
803	0.601652	56.4924	47	1.20197	0.211842	0.0219299	-1	-1	3
810	0.601652	41.1663	47	0.875878	0.156241	0.0205624	-1	-1	3
811	0.601652	56.3377	47	1.19867	0.161828	0.0207502	-1	-1	3
812	0.601652	41.5297	47	0.88361	0.151238	0.0204544	-1	-1	3
823	0.601652	63.6095	47	1.35339	0.108044	0.019474	-1	-1	3
848	0.601652	57.1735	47	1.21646	0.267564	0.0232435	-1	-1	3
856	0.601652	60.5233	47	1.28773	0.258378	0.0230405	-1	-1	3
862	0.601652	64.1201	47	1.36426	0.228644	0.0223197	-1	-1	3
873	0.601652	47.8893	47	1.01892	0.190272	0.0213942	-1	-1	3
878	0.601652	61.3967	47	1.30631	0.195503	0.0214955	-1	-1	3
880	0.601652	51.4939	47	1.09562	0.203095	0.0216853	-1	-1	3
886	0.601652	49.6361	47	1.05609	0.184733	0.0212498	-1	-1	3
890	0.601652	49.9195	47	1.06212	0.189988	0.0213658	-1	-1	3
900	0.601652	61.6464	47	1.31162	0.148747	0.0203917	-1	-1	3
901	0.601652	82.272	47	1.75047	0.152398	0.0204627	-1	-1	3
906	0.601652	65.4126	47	1.39176	0.311933	0.0243945	-1	-1	3
917	0.601652	48.0067	47	1.02142	0.287278	0.0237167	-1	-1	3
921	0.601652	49.7469	47	1.05844	0.241124	0.0225879	-1	-1	3
931	0.601652	23.5062	47	0.500132	0.22916	0.0223203	-1	-1	3
940	0.601652	44.1613	47	0.939601	0.206429	0.0217601	-1	-1	3
968	0.601652	39.5929	47	0.842402	0.252622	0.0228811	-1	-1	3
969	0.601652	52.0035	47	1.10646	0.273543	0.0234625	-1	-1	3
978	0.601652	61.6587	47	1.31189	0.225077	0.022226	-1	-1	3
993	0.601652	44.9535	47	0.956457	0.206714	0.0217585	-1	-1	3
994	0.601652	49.2759	47	1.04842	0.19235	0.0214015	-1	-1	3
996	0.601652	43.4356	47	0.924161	0.212488	0.021871	-1	-1	3
998	0.601652	47.2562	47	1.00545	0.215862	0.0219782	-1	-1	3
1003	0.601652	45.6647	47	0.97159	0.208319	0.0217769	-1	-1	3
1007	0.601652	44.647	47	0.949936	0.187129	0.0212482	-1	-1	3
1009	0.601652	72.8804	47	1.55065	0.175977	0.0210286	-1	-1	3
1010	0.601652	36.7177	47	0.781228	0.190523	0.021356	-1	-1	3
1017	0.601652	55.7296	47	1.18574	0.169039	0.0208881	-1	-1	3
1055	0.601652	51.3263	47	1.09205	0.232738	0.0223817	-1	-1	3
1061	0.601652	80.9071	47	1.72143	0.247202	0.0227905	-1	-1	3
1062	0.601652	39.1263	47	0.832474	0.225869	0.0221798	-1	-1	3
1065	0.601652	41.608	47	0.885277	0.225371	0.0222333	-1	-1	3
1072	0.601652	61.2977	47	1.30421	0.167038	0.0208597	-1	-1	3
1076	0.601652	59.0825	47	1.25707	0.227149	0.0222617	-1	-1	3
1085	0.601652	45.4739	47	0.96753	0.162125	0.0206682	-1	-1	3
1093	0.601652	70.2996	47	1.49574	0.141721	0.020175	-1	-1	3
1107	0.601652	47.504	47	1.01072	0.2883	0.0237684	-1	-1	3
1138	0.601652	42.7789	47	0.91019	0.188587	0.0213331	-1	-1	3
1141	0.601652	35.7954	47	0.761605	0.187067	0.0212986	-1	-1	3
1143	0.601652	76.1162	47	1.61949	0.213993	0.021917	-1	-1	3
1149	0.601652	43.0693	47	0.916368	0.200869	0.021637	-1	-1	3
1155	0.601652	48.1537	47	1.02455	0.177123	0.0210313	-1	-1	3
1158	0.601652	40.2801	47	0.857023	0.186145	0.0212574	-1	-1	3
1167	0.601652	51.8324	47	1.10282	0.198843	0.0215351	-1	-1	3
1172	0.601652	62.6128	47	1.33219	0.184135	0.0211857	-1	-1	3
1177	0.601652	65.0787	47	1.38465	0.289164	0.0237686	-1	-1	3
1181	0.601652	55.6614	47	1.18429	0.279867	0.023521	-1	-1	3
1186	0.601652	39.4789	47	0.839976	0.214265	0.0219664	-1	-1	3
1199	0.601652	30.2376	47	0.643353	0.255034	0.0229178	-1	-1	3
1222	0.601652	48.2117	47	1.02578	0.20687	0.0217313	-1	-1	3
1227	0.601652	44.5289	47	0.947423	0.173071	0.0209643	-1	-1	3
1228	0.601652	51.4526	47	1.09474	0.175819	0.0209715	-1	-1	3
1231	0.601652	36.5349	47	0.777339	0.192542	0.0214123	-1	-1	3
1234	0.601652	51.059	47	1.08636	0.157657	0.0205801	-1	-1	3
1236	0.601652	53.3522	47	1.13515	0.169476	0.0208607	-1	-1	3
1239	0.601652	38.2188	47	0.813166	0.189549	0.0213334	-1	-1	3
1244	0.601652	45.3746	47	0.965417	0.171547	0.0208925	-1	-1	3
1256	0.601652	47.9834	47	1.02092	0.313548	0.0243888	-1	-1	3
1265	0.601652	53.4652	47	1.13756	0.26389	0.0231703	-1	-1	3
1278	0.601652	56.7797	47	1.20808	0.205956	0.0217215	-1	-1	3
1282	0.601652	39.0489	47	0.830828	0.221531	0.0220686	-1	-1	3
1288	0.601652	32.929	47	0.700616	0.216525	0.02198	-1	-1	3
1289	0.601652	52.0099	47	1.10659	0.256064	0.0229243	-1	-1	3
1290	0.601652	37.553	47	0.799001	0.213178	0.0219191	-1	-1	3
1298	0.601652	39.5691	47	0.841896	0.222752	0.0221181	-1	-1	3
1301	0.601652	50.6463	47	1.07758	0.184029	0.0212307	-1	-1	3
1302	0.601652	54.212	47	1.15345	0.192574	0.0213907	-1	-1	3
1303	0.601652	27.2908	47	0.580655	0.198125	0.021545	-1	-1	3
1326	0.601652	83.2714	47	1.77173	0.249619	0.0228227	-1	-1	3
1337	0.601652	70.7802	47	1.50596	0.265401	0.0231512	-1	-1	3
1341	0.601652	43.8137	47	0.932207	0.242624	0.0225769	-1	-1	3
1343	0.601652	47.9328	47	1.01985	0.225405	0.02218	-1	-1	3
1345	0.601652	45.2166	47	0.962054	0.228704	0.0222876	-1	-1	3
1349	0.601652	42.3041	47	0.900088	0.221618	0.0221238	-1	-1	3
1351	0.601652	55.9378	47	1.19017	0.227558	0.0222461	-1	-1	3
1357	0.601652	49.0894	47	1.04446	0.206988	0.021745	-1	-1	3
1359	0.601652	41.82	47	0.889787	0.233672	0.0223858	-1	-1	3
1362	0.601652	52.7175	47	1.12165	0.20515	0.0216958	-1	-1	3
1363	0.601652	52.3724	47	1.11431	0.148448	0.0203435	-1	-1	3
1368	0.601652	54.7707	47	1.16533	0.188857	0.0213525	-1	-1	3
1369	0.601652	37.775	47	0.803724	0.238021	0.0224872	-1	-1	3
1376	0.601652	78.0715	47	1.6611	0.157866	0.0206068	-1	-1	3
1382	0.601652	30.5831	47	0.650703	0.180975	0.0211247	-1	-1	3
1383	0.601652	60.297	47	1.28292	0.163882	0.0207263	-1	-1	3
1409	0.601652	35.7817	47	0.761314	0.270445	0.0233079	-1	-1	3
1422	0.601652	44.7326	47	0.951757	0.235751	0.0224128	-1	-1	3
1429	0.601652	63.8073	47	1.3576	0.222798	0.0221214	-1	-1	3
1431	0.601652	36.4851	47	0.776279	0.245713	0.0226687	-1	-1	3
1434	0.601652	44.8311	47	0.953854	0.244239	0.0226284	-1	-1	3
1438	0.601652	36.9197	47	0.785525	0.205064	0.0216682	-1	-1	3
1439	0.601652	29.8599	47	0.635316	0.234906	0.0223872	-1	-1	3
1443	0.601652	56.5394	47	1.20297	0.226599	0.0222249	-1	-1	3
1444	0.601652	50.1819	47	1.0677	0.184747	0.0212012	-1	-1	3
1445	0.601652	60.7519	47	1.29259	0.213868	0.0218691	-1	-1	3
1447	0.601652	58.276	47	1.23991	0.219275	0.0220259	-1	-1	3
1453	0.601652	66.9695	47	1.42488	0.160311	0.020637	-1	-1	3
1473	0.601652	72.2049	47	1.53628	0.135664	0.0200361	-1	-1	3
1479	0.601652	63.5984	47	1.35316	0.281549	0.0235975	-1	-1	3
1497	0.601652	50.1693	47	1.06743	0.256285	0.0229532	-1	-1	3
1503	0.601652	52.1534	47	1.10965	0.247889	0.0227267	-1	-1	3
1505	0.601652	39.5199	47	0.840848	0.216437	0.0219564	-1	-1	3
1507	0.601652	48.2791	47	1.02722	0.255301	0.022876	-1	-1	3
1509	0.601652	35.6009	47	0.757467	0.23559	0.0224073	-1	-1	3
1510	0.601652	65.7352	47	1.39862	0.21257	0.0218842	-1	-1	3
1511	0.601652	49.6051	47	1.05543	0.195758	0.0214691	-1	-1	3
1514	0.601652	40.4708	47	0.86108	0.21294	0.0219005	-1	-1	3
1516	0.601652	60.723	47	1.29198	0.238332	0.0224724	-1	-1	3
1519	0.601652	54.0614	47	1.15024	0.233913	0.0223855	-1	-1	3
1520	0.601652	50.8038	47	1.08093	0.221344	0.0220549	-1	-1	3
1526	0.601652	58.5809	47	1.2464	0.227694	0.0222185	-1	-1	3
1528	0.601652	47.0623	47	1.00132	0.19102	0.0213538	-1	-1	3
1536	0.601652	42.9138	47	0.91306	0.211989	0.0218361	-1	-1	3
1539	0.601652	59.0394	47	1.25616	0.145411	0.0202836	-1	-1	3
1553	0.601652	46.088	47	0.980597	0.276348	0.0234185	-1	-1	3
1558	0.601652	44.3997	47	0.944674	0.267655	0.0232414	-1	-1	3
1564	0.601652	49.2315	47	1.04748	0.221312	0.0220655	-1	-1	3
1570	0.601652	52.4964	47	1.11694	0.239561	0.022535	-1	-1	3
1576	0.601652	40.9506	47	0.87129	0.193195	0.021392	-1	-1	3
1579	0.601652	40.3152	47	0.85777	0.214936	0.0219154	-1	-1	3
1581	0.601652	53.6397	47	1.14127	0.230706	0.0222854	-1	-1	3
1583	0.601652	43.9356	47	0.9348	0.196706	0.021443	-1	-1	3
1584	0.601652	40.8562	47	0.869281	0.213402	0.0218752	-1	-1	3
1590	0.601652	49.4079	47	1.05123	0.179969	0.0210975	-1	-1	3
1591	0.601652	42.3744	47	0.901583	0.177063	0.0210375	-1	-1	3
1595	0.601652	44.3276	47	0.94314	0.183623	0.0211827	-1	-1	3
1596	0.601652	51.1202	47	1.08766	0.190321	0.0213442	-1	-1	3
1598	0.601652	35.378	47	0.752723	0.194134	0.021406	-1	-1	3
1602	0.601652	59.7549	47	1.27138	0.181165	0.0211046	-1	-1	3
1609	0.601652	76.0451	47	1.61798	0.150623	0.0203323	-1	-1	3
1610	0.601652	47.0419	47	1.00089	0.1924	0.021322	-1	-1	3
1621	0.601652	49.1615	47	1.04599	0.202374	0.0216143	-1	-1	3
1622	0.601652	56.2459	47	1.19672	0.1322	0.0199348	-1	-1	3
1623	0.601652	65.33	47	1.39	0.125981	0.0198225	-1	-1	3
1640	0.601652	41.3197	47	0.879142	0.244885	0.0226528	-1	-1	3
1645	0.601652	59.0357	47	1.25608	0.255027	0.0229563	-1	-1	3
1650	0.601652	37.0638	47	0.788591	0.218917	0.0220385	-1	-1	3
1654	0.601652	24.4735	47	0.520712	0.243284	0.0225733	-1	-1	3
1656	0.601652	52.3597	47	1.11404	0.237348	0.022446	-1	-1	3
1659	0.601652	50.3518	47	1.07132	0.205941	0.0217079	-1	-1	3
1662	0.601652	46.1079	47	0.981019	0.209976	0.0217908	-1	-1	3
1663	0.601652	76.0316	47	1.61769	0.271533	0.023251	-1	-1	3
1664	0.601652	41.3282	47	0.879324	0.211197	0.0218248	-1	-1	3
1666	0.601652	41.3376	47	0.879523	0.235225	0.0224251	-1	-1	3
1667	0.601652	60.7715	47	1.29301	0.204765	0.0217178	-1	-1	3
1668	0.601652	39.3417	47	0.837057	0.233413	0.0223995	-1	-1	3
1673	0.601652	44.7544	47	0.952221	0.186325	0.0212045	-1	-1	3
1676	0.601652	44.5139	47	0.947104	0.185909	0.0211854	-1	-1	3
1680	0.601652	58.3827	47	1.24218	0.191728	0.021371	-1	-1	3
1684	0.601652	39.3248	47	0.836698	0.205964	0.0216882	-1	-1	3
1685	0.601652	48.2051	47	1.02564	0.210888	0.0218075	-1	-1	3
1688	0.601652	46.9493	47	0.998922	0.1847	0.0212238	-1	-1	3
1691	0.601652	64.7306	47	1.37725	0.15141	0.0204291	-1	-1	3
1695	0.601652	42.0128	47	0.89389	0.22796	0.0222776	-1	-1	3
1701	0.601652	56.5915	47	1.20407	0.194583	0.0214488	-1	-1	3
1714	0.601652	66.5613	47	1.4162	0.175594	0.020964	-1	-1	3
1734	0.601652	54.3322	47	1.156	0.249807	0.0227601	-1	-1	3
1742	0.601652	46.1812	47	0.982578	0.223175	0.0221332	-1	-1	3
1745	0.601652	41.27	47	0.878085	0.201686	0.0216384	-1	-1	3
1747	0.601652	42.381	47	0.901724	0.166545	0.0207838	-1	-1	3
1748	0.601652	47.7337	47	1.01561	0.172481	0.0208986	-1	-1	3
1751	0.601652	39.696	47	0.844596	0.209127	0.021786	-1	-1	3
1753	0.601652	54.1483	47	1.15209	0.180428	0.0210773	-1	-1	3
1754	0.601652	39.003	47	0.829851	0.196532	0.0214917	-1	-1	3
1756	0.601652	57.4971	47	1.22334	0.210322	0.0217881	-1	-1	3
1760	0.601652	48.2331	47	1.02624	0.253154	0.0228285	-1	-1	3
1765	0.601652	30.4565	47	0.648011	0.181508	0.0211049	-1	-1	3
1766	0.601652	47.5614	47	1.01195	0.212817	0.0218464	-1	-1	3
1769	0.601652	46.8931	47	0.997727	0.224363	0.0221332	-1	-1	3
1771	0.601652	40.9166	47	0.870565	0.232791	0.0223448	-1	-1	3
1774	0.601652	49.0232	47	1.04305	0.173046	0.0209527	-1	-1	3
1783	0.601652	34.924	47	0.743065	0.175568	0.0209851	-1	-1	3
1825	0.601652	63.0993	47	1.34254	0.275111	0.0233949	-1	-1	3
1827	0.601652	63.2495	47	1.34574	0.290027	0.0237157	-1	-1	3
1830	0.601652	57.4829	47	1.22304	0.279435	0.0234485	-1	-1	3
1834	0.601652	57.7253	47	1.2282	0.262884	0.0230825	-1	-1	3
1836	0.601652	65.8524	47	1.40111	0.269762	0.0232561	-1	-1	3
1839	0.601652	26.5263	47	0.56439	0.245468	0.0226578	-1	-1	3
1841	0.601652	39.4193	47	0.838709	0.237905	0.0224553	-1	-1	3
1844	0.601652	51.2981	47	1.09145	0.200956	0.0216095	-1	-1	3
1849	0.601652	45.0766	47	0.959076	0.163772	0.0207156	-1	-1	3
1850	0.601652	46.6063	47	0.991624	0.227356	0.0221693	-1	-1	3
1852	0.601652	39.7397	47	0.845527	0.184003	0.0211766	-1	-1	3
1854	0.601652	37.2636	47	0.792842	0.209823	0.0217863	-1	-1	3
1855	0.601652	33.897	47	0.721213	0.225153	0.0221319	-1	-1	3
1862	0.601652	48.4854	47	1.0316	0.181619	0.0210871	-1	-1	3
1866	0.601652	40.5458	47	0.862676	0.170897	0.0208885	-1	-1	3
1873	0.601652	50.3939	47	1.07221	0.172383	0.0208512	-1	-1	3
1881	0.601652	46.5838	47	0.991144	0.142913	0.0202167	-1	-1	3
1889	0.601652	62.581	47	1.33151	0.127144	0.0198027	-1	-1	3
1895	0.601652	51.7092	47	1.1002	0.251073	0.0227898	-1	-1	3
1897	0.601652	49.7864	47	1.05928	0.232878	0.0223791	-1	-1	3
1899	0.601652	38.0651	47	0.809896	0.243518	0.0226072	-1	-1	3
1912	0.601652	49.2567	47	1.04802	0.23034	0.0222858	-1	-1	3
1916	0.601652	36.808	47	0.783148	0.219399	0.021993	-1	-1	3
1918	0.601652	35.6871	47	0.7593	0.206771	0.0217124	-1	-1	3
1919	0.601652	47.7677	47	1.01633	0.184308	0.0211714	-1	-1	3
1921	0.601652	44.809	47	0.953383	0.231653	0.0222713	-1	-1	3
1923	0.601652	42.8078	47	0.910805	0.223226	0.0220768	-1	-1	3
1924	0.601652	46.7076	47	0.993779	0.218772	0.0219721	-1	-1	3
1928	0.601652	43.6201	47	0.928086	0.194256	0.0214221	-1	-1	3
1931	0.601652	65.4701	47	1.39298	0.219288	0.0220044	-1	-1	3
1938	0.601652	54.4256	47	1.15799	0.173106	0.0208604	-1	-1	3
1972	0.601652	31.9311	47	0.679386	0.246828	0.0226773	-1	-1	3
1974	0.601652	40.2405	47	0.85618	0.23464	0.0223791	-1	-1	3
1975	0.601652	55.1392	47	1.17317	0.242175	0.0225512	-1	-1	3
1977	0.601652	36.705	47	0.780957	0.201771	0.0215686	-1	-1	3
1979	0.601652	45.2899	47	0.963615	0.236998	0.0224235	-1	-1	3
1989	0.601652	49.959	47	1.06296	0.199598	0.0215236	-1	-1	3
1990	0.601652	36.675	47	0.780319	0.20485	0.0216641	-1	-1	3
1991	0.601652	57.5341	47	1.22413	0.215254	0.0218839	-1	-1	3
1994	0.601652	53.1355	47	1.13054	0.231	0.0222632	-1	-1	3
1995	0.601652	35.4377	47	0.753993	0.188389	0.0212722	-1	-1	3
1996	0.601652	45.831	47	0.975127	0.218232	0.0219825	-1	-1	3
2005	0.601652	56.7749	47	1.20798	0.178641	0.0210006	-1	-1	3
2006	0.601652	54.242	47	1.15409	0.213588	0.0218824	-1	-1	3
2010	0.601652	51.7683	47	1.10145	0.184942	0.0212129	-1	-1	3
2015	0.601652	37.3314	47	0.794284	0.196266	0.0214339	-1	-1	3
2016	0.601652	40.3689	47	0.858912	0.208661	0.0217515	-1	-1	3
2029	0.601652	53.0375	47	1.12846	0.109153	0.0194082	-1	-1	3
2039	0.601652	57.698	47	1.22762	0.140047	0.02013	-1	-1	3
2056	0.601652	48.0414	47	1.02216	0.254199	0.0228654	-1	-1	3
2058	0.601652	50.8059	47	1.08098	0.305952	0.0241026	-1	-1	3
2064	0.601652	52.014	47	1.10668	0.289859	0.0237421	-1	-1	3
2066	0.601652	43.2779	47	0.920806	0.221989	0.0220513	-1	-1	3
2067	0.601652	73.6446	47	1.56691	0.291457	0.0237913	-1	-1	3
2068	0.601652	38.295	47	0.814787	0.218909	0.0219861	-1	-1	3
2072	0.601652	39.9823	47	0.850687	0.285883	0.0236373	-1	-1	3
2076	0.601652	36.5026	47	0.77665	0.224399	0.0220905	-1	-1	3
2078	0.601652	46.5535	47	0.9905	0.245623	0.0226378	-1	-1	3
2079	0.601652	38.4898	47	0.818933	0.232259	0.0223091	-1	-1	3
2082	0.601652	40.4232	47	0.860069	0.221275	0.0220447	-1	-1	3
2084	0.601652	52.4431	47	1.11581	0.237417	0.0224225	-1	-1	3
2087	0.601652	48.356	47	1.02885	0.184778	0.0211657	-1	-1	3
2090	0.601652	43.5701	47	0.927024	0.208998	0.0217433	-1	-1	3
2091	0.601652	42.207	47	0.898021	0.224322	0.0220876	-1	-1	3
2092	0.601652	34.9115	47	0.742799	0.160364	0.0206302	-1	-1	3
2094	0.601652	34.7124	47	0.738562	0.183285	0.0211289	-1	-1	3
2095	0.601652	48.1992	47	1.02551	0.186525	0.0212365	-1	-1	3
2096	0.601652	46.6784	47	0.993158	0.145185	0.0202442	-1	-1	3
2099	0.601652	48.2633	47	1.02688	0.217737	0.0219439	-1	-1	3
2104	0.601652	53.0974	47	1.12973	0.185229	0.0211911	-1	-1	3
2108	0.601652	53.3789	47	1.13572	0.226486	0.0221766	-1	-1	3
2114	0.601652	48.8804	47	1.04001	0.198627	0.0215217	-1	-1	3
2118	0.601652	45.3554	47	0.965009	0.182495	0.0210969	-1	-1	3
2161	0.601652	48.0626	47	1.02261	0.253444	0.0228089	-1	-1	3
2163	0.601652	49.5762	47	1.05481	0.202952	0.0216157	-1	-1	3
2165	0.601652	36.6185	47	0.779118	0.209798	0.0217873	-1	-1	3
2166	0.601652	47.9359	47	1.01991	0.219274	0.0220053	-1	-1	3
2168	0.601652	57.3168	47	1.21951	0.218158	0.0219832	-1	-1	3
2170	0.601652	46.5474	47	0.99037	0.220158	0.022016	-1	-1	3
2174	0.601652	72.9455	47	1.55203	0.189904	0.0212799	-1	-1	3
2175	0.601652	46.9386	47	0.998694	0.183664	0.0211403	-1	-1	3
2177	0.601652	54.6592	47	1.16296	0.191361	0.0213268	-1	-1	3
2179	0.601652	52.66	47	1.12043	0.219104	0.0219477	-1	-1	3
2192	0.601652	40.317	47	0.857809	0.176676	0.0209618	-1	-1	3
2197	0.601652	40.9444	47	0.871158	0.18569	0.0211592	-1	-1	3
2198	0.601652	37.8074	47	0.804413	0.188714	0.0212369	-1	-1	3
2215	0.601652	44.578	47	0.948468	0.295544	0.0238625	-1	-1	3
2217	0.601652	51.9155	47	1.10458	0.277993	0.0234	-1	-1	3
2225	0.601652	49.2035	47	1.04688	0.258892	0.0229374	-1	-1	3
2228	0.601652	30.5093	47	0.649134	0.24556	0.0226257	-1	-1	3
2231	0.601652	42.055	47	0.894788	0.244449	0.0225692	-1	-1	3
2235	0.601652	47.4057	47	1.00863	0.259815	0.02296	-1	-1	3
2237	0.601652	60.4678	47	1.28655	0.231838	0.0222784	-1	-1	3
2238	0.601652	44.233	47	0.941128	0.195598	0.0214254	-1	-1	3
2242	0.601652	51.9164	47	1.1046	0.237191	0.0223887	-1	-1	3
2243	0.601652	53.7873	47	1.14441	0.269156	0.0231657	-1	-1	3
2245	0.601652	35.0113	47	0.744922	0.227456	0.0221931	-1	-1	3
2246	0.601652	47.3549	47	1.00755	0.234526	0.0223221	-1	-1	3
2248	0.601652	41.1932	47	0.876451	0.260968	0.0230012	-1	-1	3
2249	0.601652	37.7459	47	0.803104	0.212937	0.0218465	-1	-1	3
2253	0.601652	37.6531	47	0.80113	0.228875	0.0221896	-1	-1	3
2254	0.601652	50.7084	47	1.0789	0.207908	0.0217328	-1	-1	3
2255	0.601652	44.6451	47	0.949897	0.194037	0.0213683	-1	-1	3
2256	0.601652	47.7663	47	1.0163	0.220474	0.0219884	-1	-1	3
2258	0.601652	49.0426	47	1.04346	0.180786	0.0210548	-1	-1	3
2267	0.601652	42.3663	47	0.90141	0.180183	0.0210675	-1	-1	3
2269	0.601652	46.6621	47	0.99281	0.185215	0.0211274	-1	-1	3
2270	0.601652	48.717	47	1.03653	0.192995	0.0213547	-1	-1	3
2272	0.601652	47.4979	47	1.01059	0.153954	0.0204253	-1	-1	3
2276	0.601652	53.355	47	1.13521	0.136492	0.0200122	-1	-1	3
2288	0.601652	39.9128	47	0.849209	0.142237	0.0201627	-1	-1	3
2307	0.601652	57.9565	47	1.23312	0.242788	0.0225867	-1	-1	3
2308	0.601652	44.237	47	0.941213	0.221249	0.0219897	-1	-1	3
2309	0.601652	43.6327	47	0.928354	0.260769	0.0229944	-1	-1	3
2310	0.601652	44.506	47	0.946936	0.297624	0.0239094	-1	-1	3
2312	0.601652	42.6631	47	0.907725	0.257276	0.0228996	-1	-1	3
2317	0.601652	46.7654	47	0.995009	0.301111	0.023953	-1	-1	3
2318	0.601652	29.1569	47	0.620359	0.258479	0.0229375	-1	-1	3
2320	0.601652	44.8286	47	0.9538	0.266948	0.0231001	-1	-1	3
2325	0.601652	48.2132	47	1.02581	0.23271	0.022302	-1	-1	3
2326	0.601652	53.5399	47	1.13915	0.22681	0.0222012	-1	-1	3
2329	0.601652	59.197	47	1.25951	0.262621	0.0230689	-1	-1	3
2330	0.601652	47.2197	47	1.00468	0.236988	0.0223726	-1	-1	3
2332	0.601652	44.4699	47	0.946167	0.232378	0.0222932	-1	-1	3
2333	0.601652	49.4162	47	1.05141	0.237664	0.0224245	-1	-1	3
2334	0.601652	36.2484	47	0.771243	0.246513	0.0226731	-1	-1	3
2335	0.601652	41.5597	47	0.884248	0.242382	0.0225245	-1	-1	3
2338	0.601652	37.5228	47	0.798357	0.186013	0.0211962	-1	-1	3
2339	0.601652	57.7719	47	1.22919	0.214109	0.0218459	-1	-1	3
2340	0.601652	48.1673	47	1.02484	0.218059	0.0219779	-1	-1	3
2341	0.601652	54.5924	47	1.16154	0.258416	0.0229352	-1	-1	3
2343	0.601652	47.463	47	1.00985	0.219188	0.0219906	-1	-1	3
2344	0.601652	53.6604	47	1.14171	0.234316	0.0223318	-1	-1	3
2347	0.601652	46.289	47	0.984873	0.197039	0.0214395	-1	-1	3
2348	0.601652	43.2548	47	0.920314	0.221691	0.022036	-1	-1	3
2349	0.601652	68.9415	47	1.46684	0.210729	0.0217147	-1	-1	3
2350	0.601652	44.3895	47	0.944458	0.222492	0.0220486	-1	-1	3
2352	0.601652	55.3299	47	1.17723	0.247356	0.0226162	-1	-1	3
2354	0.601652	47.705	47	1.015	0.262894	0.0230272	-1	-1	3
2356	0.601652	76.4593	47	1.62679	0.213054	0.0218451	-1	-1	3
2357	0.601652	44.9256	47	0.955863	0.207145	0.0217024	-1	-1	3
2360	0.601652	37.7917	47	0.804079	0.171516	0.0208486	-1	-1	3
2362	0.601652	40.8768	47	0.869719	0.234784	0.0223366	-1	-1	3
2370	0.601652	51.0302	47	1.08575	0.157077	0.0204921	-1	-1	3
2373	0.601652	42.0076	47	0.893778	0.192782	0.0213486	-1	-1	3
2375	0.601652	47.2056	47	1.00437	0.186704	0.0211708	-1	-1	3
2380	0.601652	32.715	47	0.696065	0.154073	0.0204488	-1	-1	3
2383	0.601652	53.4754	47	1.13777	0.149614	0.0202767	-1	-1	3
2384	0.601652	43.6282	47	0.92826	0.177178	0.020976	-1	-1	3
2403	0.601652	61.29	47	1.30404	0.29991	0.0239242	-1	-1	3
2407	0.601652	53.3344	47	1.13478	0.305271	0.0240703	-1	-1	3
2408	0.601652	40.5018	47	0.861741	0.265471	0.02313	-1	-1	3
2411	0.601652	45.9539	47	0.977742	0.222852	0.0220703	-1	-1	3
2414	0.601652	43.6448	47	0.928614	0.238485	0.0224338	-1	-1	3
2415	0.601652	42.7744	47	0.910093	0.273411	0.0232851	-1	-1	3
2422	0.601652	40.6893	47	0.865729	0.273677	0.0232945	-1	-1	3
2423	0.601652	43.3532	47	0.92241	0.240724	0.0224494	-1	-1	3
2424	0.601652	50.4851	47	1.07415	0.217042	0.0219301	-1	-1	3
2425	0.601652	44.4834	47	0.946456	0.212266	0.0217995	-1	-1	3
2426	0.601652	50.2786	47	1.06976	0.247807	0.022639	-1	-1	3
2428	0.601652	44.3258	47	0.943101	0.216828	0.0219138	-1	-1	3
2429	0.601652	54.1535	47	1.1522	0.256988	0.0229138	-1	-1	3
2433	0.601652	34.1011	47	0.725555	0.211514	0.0218115	-1	-1	3
2434	0.601652	44.1058	47	0.938421	0.170221	0.020804	-1	-1	3
2435	0.601652	78.0904	47	1.6615	0.195343	0.021437	-1	-1	3
2436	0.601652	50.8277	47	1.08144	0.192533	0.0213607	-1	-1	3
2438	0.601652	36.0593	47	0.767218	0.233214	0.0223153	-1	-1	3
2442	0.601652	59.7042	47	1.2703	0.226483	0.0220935	-1	-1	3
2443	0.601652	73.231	47	1.55811	0.267886	0.0231414	-1	-1	3
2444	0.601652	39.9359	47	0.849699	0.178664	0.0210276	-1	-1	3
2445	0.601652	52.9146	47	1.12584	0.19104	0.0213412	-1	-1	3
2448	0.601652	32.8474	47	0.698882	0.189073	0.0212656	-1	-1	3
2451	0.601652	48.171	47	1.02491	0.218655	0.0219113	-1	-1	3
2452	0.601652	34.8825	47	0.742181	0.182627	0.0211187	-1	-1	3
2456	0.601652	61.1101	47	1.30022	0.156468	0.0204856	-1	-1	3
2459	0.601652	50.337	47	1.071	0.173427	0.0208872	-1	-1	3
2473	0.601652	50.7888	47	1.08061	0.16987	0.0207821	-1	-1	3
2475	0.601652	53.1012	47	1.12981	0.14166	0.0201283	-1	-1	3
2490	0.601652	42.8727	47	0.912185	0.286118	0.0236029	-1	-1	3
2494	0.601652	70.4763	47	1.4995	0.285306	0.0235321	-1	-1	3
2495	0.601652	44.9839	47	0.957103	0.248326	0.0227037	-1	-1	3
2496	0.601652	60.1471	47	1.27973	0.235412	0.0223611	-1	-1	3
2498	0.601652	48.9076	47	1.04059	0.267553	0.0231293	-1	-1	3
2503	0.601652	50.8625	47	1.08218	0.250523	0.0227266	-1	-1	3
2506	0.601652	46.1856	47	0.982671	0.2041	0.0216556	-1	-1	3
2510	0.601652	53.5235	47	1.1388	0.218147	0.0219411	-1	-1	3
2511	0.601652	37.9931	47	0.808365	0.245274	0.0225953	-1	-1	3
2512	0.601652	57.7866	47	1.2295	0.169179	0.0207739	-1	-1	3
2513	0.601652	60.9724	47	1.29728	0.243586	0.0225435	-1	-1	3
2514	0.601652	30.9595	47	0.658713	0.211366	0.0217808	-1	-1	3
2522	0.601652	45.2713	47	0.963219	0.188253	0.0212475	-1	-1	3
2523	0.601652	45.6617	47	0.971525	0.148082	0.0203051	-1	-1	3
2524	0.601652	68.1988	47	1.45104	0.223009	0.0220812	-1	-1	3
2525	0.601652	33.1127	47	0.704526	0.209547	0.0217361	-1	-1	3
2526	0.601652	41.7546	47	0.888396	0.218565	0.0219246	-1	-1	3
2527	0.601652	48.8193	47	1.03871	0.230243	0.0222064	-1	-1	3
2528	0.601652	63.681	47	1.35492	0.241644	0.0224937	-1	-1	3
2531	0.601652	57.8162	47	1.23013	0.180846	0.0210318	-1	-1	3
2532	0.601652	66.6709	47	1.41853	0.161635	0.0206026	-1	-1	3
2533	0.601652	36.334	47	0.773063	0.203431	0.0215576	-1	-1	3
2536	0.601652	33.5299	47	0.713402	0.218798	0.0219412	-1	-1	3
2538	0.601652	61.2679	47	1.30357	0.177509	0.0209868	-1	-1	3
2541	0.601652	36.7329	47	0.781551	0.193086	0.0213404	-1	-1	3
2543	0.601652	61.8389	47	1.31572	0.164352	0.0206628	-1	-1	3
2547	0.601652	51.2386	47	1.09018	0.18778	0.0211996	-1	-1	3
2548	0.601652	62.7174	47	1.33441	0.163163	0.0206972	-1	-1	3
2549	0.601652	45.538	47	0.968894	0.163148	0.0206442	-1	-1	3
2550	0.601652	47.122	47	1.0026	0.137396	0.0200381	-1	-1	3
2551	0.601652	39.6428	47	0.843463	0.195403	0.0214027	-1	-1	3
2552	0.601652	46.1836	47	0.982629	0.165551	0.0206939	-1	-1	3
2558	0.601652	45.3411	47	0.964705	0.151026	0.020323	-1	-1	3
2575	0.601652	39.3532	47	0.837303	0.318043	0.0243607	-1	-1	3
2576	0.601652	53.4376	47	1.13697	0.281458	0.0234967	-1	-1	3
2582	0.601652	78.0756	47	1.66118	0.266313	0.0231209	-1	-1	3
2583	0.601652	56.3168	47	1.19823	0.252359	0.0227342	-1	-1	3
2585	0.601652	40.9665	47	0.871628	0.242078	0.0225276	-1	-1	3
2586	0.601652	37.7722	47	0.803664	0.250605	0.0227048	-1	-1	3
2589	0.601652	52.1357	47	1.10927	0.251517	0.0227553	-1	-1	3
2591	0.601652	48.6473	47	1.03505	0.245179	0.022618	-1	-1	3
2593	0.601652	63.8668	47	1.35887	0.194993	0.0213806	-1	-1	3
2595	0.601652	41.2441	47	0.877535	0.257847	0.0228936	-1	-1	3
2596	0.601652	40.7178	47	0.866337	0.293159	0.0237241	-1	-1	3
2598	0.601652	40.3688	47	0.85891	0.213276	0.0217912	-1	-1	3
2601	0.601652	37.476	47	0.797363	0.212611	0.0217849	-1	-1	3
2602	0.601652	44.4054	47	0.944795	0.158907	0.020589	-1	-1	3
2604	0.601652	49.0286	47	1.04316	0.191561	0.0213035	-1	-1	3
2605	0.601652	32.5389	47	0.692317	0.250581	0.0227173	-1	-1	3
2610	0.601652	45.3142	47	0.964132	0.233622	0.0222944	-1	-1	3
2611	0.601652	47.5266	47	1.0112	0.19954	0.0214985	-1	-1	3
2613	0.601652	47.656	47	1.01396	0.227107	0.0221115	-1	-1	3
2614	0.601652	52.1659	47	1.10991	0.244909	0.0225749	-1	-1	3
2618	0.601652	53.4331	47	1.13688	0.205503	0.0216099	-1	-1	3
2625	0.601652	47.8536	47	1.01816	0.215297	0.0218242	-1	-1	3
2626	0.601652	46.8382	47	0.996557	0.157269	0.0205045	-1	-1	3
2632	0.601652	56.1476	47	1.19463	0.177368	0.0209661	-1	-1	3
2636	0.601652	39.595	47	0.842446	0.163818	0.0206314	-1	-1	3
2660	0.601652	65.4708	47	1.393	0.288048	0.0236221	-1	-1	3
2664	0.601652	60.4359	47	1.28587	0.273863	0.0233084	-1	-1	3
2668	0.601652	49.5197	47	1.05361	0.279468	0.0234751	-1	-1	3
2672	0.601652	41.5512	47	0.884068	0.208218	0.0216892	-1	-1	3
2673	0.601652	78.4869	47	1.66993	0.218193	0.0218838	-1	-1	3
2674	0.601652	47.8128	47	1.01729	0.269234	0.0232097	-1	-1	3
2678	0.601652	62.41	47	1.32787	0.260243	0.0229883	-1	-1	3
2680	0.601652	55.508	47	1.18102	0.231885	0.0222228	-1	-1	3
2681	0.601652	41.85	47	0.890425	0.261701	0.0230096	-1	-1	3
2683	0.601652	52.6838	47	1.12093	0.202408	0.021561	-1	-1	3
2688	0.601652	57.1888	47	1.21678	0.195741	0.0213755	-1	-1	3
2690	0.601652	28.9509	47	0.615977	0.236443	0.022378	-1	-1	3
2696	0.601652	39.9207	47	0.849376	0.215656	0.0218705	-1	-1	3
2697	0.601652	40.0562	47	0.85226	0.198139	0.0214586	-1	-1	3
2698	0.601652	58.8637	47	1.25242	0.204992	0.0216147	-1	-1	3
2705	0.601652	38.774	47	0.824979	0.149928	0.0203145	-1	-1	3
2706	0.601652	42.3979	47	0.902083	0.196837	0.0214737	-1	-1	3
2709	0.601652	41.4614	47	0.882158	0.180539	0.0210211	-1	-1	3
2711	0.601652	30.778	47	0.654852	0.180714	0.0210326	-1	-1	3
2713	0.601652	51.5959	47	1.09778	0.180053	0.0210247	-1	-1	3
2715	0.601652	56.0173	47	1.19186	0.195056	0.0213628	-1	-1	3
2719	0.601652	35.5964	47	0.757369	0.199154	0.0214663	-1	-1	3
2723	0.601652	43.162	47	0.918341	0.17557	0.0208949	-1	-1	3
2724	0.601652	51.322	47	1.09196	0.201119	0.0215021	-1	-1	3
2728	0.601652	40.3682	47	0.858898	0.139006	0.0200711	-1	-1	3
2738	0.601652	39.251	47	0.835128	0.312986	0.0242276	-1	-1	3
2739	0.601652	64.6278	47	1.37506	0.274679	0.0233396	-1	-1	3
2748	0.601652	36.4019	47	0.774508	0.239675	0.0224386	-1	-1	3
2750	0.601652	34.8873	47	0.742284	0.207051	0.0216583	-1	-1	3
2751	0.601652	49.1783	47	1.04635	0.304086	0.0239796	-1	-1	3
2752	0.601652	46.2914	47	0.984923	0.25587	0.0228223	-1	-1	3
2754	0.601652	34.2774	47	0.729306	0.21792	0.0219508	-1	-1	3
2755	0.601652	44.698	47	0.951021	0.244703	0.0225589	-1	-1	3
2757	0.601652	40.0203	47	0.851497	0.232568	0.0222511	-1	-1	3
2758	0.601652	37.0109	47	0.787465	0.223812	0.0220644	-1	-1	3
2760	0.601652	39.8703	47	0.848304	0.276092	0.0233339	-1	-1	3
2762	0.601652	36.3179	47	0.772721	0.250221	0.0226748	-1	-1	3
2763	0.601652	47.9648	47	1.02053	0.200596	0.0215054	-1	-1	3
2765	0.601652	55.3748	47	1.17819	0.206764	0.0216349	-1	-1	3
2766	0.601652	44.7891	47	0.952959	0.216554	0.0218941	-1	-1	3
2769	0.601652	42.2385	47	0.898692	0.228565	0.0221585	-1	-1	3
2773	0.601652	35.8182	47	0.76209	0.199083	0.0214363	-1	-1	3
2774	0.601652	54.1228	47	1.15155	0.197382	0.0214131	-1	-1	3
2776	0.601652	35.019	47	0.745085	0.207871	0.0216751	-1	-1	3
2777	0.601652	47.6933	47	1.01475	0.210999	0.0217174	-1	-1	3
2780	0.601652	57.0225	47	1.21325	0.210168	0.0217059	-1	-1	3
2781	0.601652	61.4552	47	1.30756	0.208062	0.021717	-1	-1	3
2789	0.601652	52.7374	47	1.12207	0.17496	0.0209047	-1	-1	3
2791	0.601652	36.8653	47	0.784368	0.193383	0.0213148	-1	-1	3
2793	0.601652	37.0984	47	0.789327	0.242888	0.0225008	-1	-1	3
2799	0.601652	67.4064	47	1.43418	0.142911	0.0201135	-1	-1	3
2813	0.601652	50.6794	47	1.07828	0.295058	0.023772	-1	-1	3
2825	0.601652	61.5584	47	1.30975	0.241828	0.0224863	-1	-1	3
2828	0.601652	44.7	47	0.951064	0.26827	0.0230919	-1	-1	3
2835	0.601652	32.4827	47	0.69112	0.19258	0.0213221	-1	-1	3
2836	0.601652	58.569	47	1.24615	0.21548	0.0218735	-1	-1	3
2839	0.601652	45.6391	47	0.971044	0.210869	0.0217403	-1	-1	3
2840	0.601652	51.0692	47	1.08658	0.302537	0.0240177	-1	-1	3
2842	0.601652	56.4056	47	1.20012	0.245715	0.0225383	-1	-1	3
2843	0.601652	45.8072	47	0.974621	0.242224	0.0224326	-1	-1	3
2844	0.601652	37.7825	47	0.803883	0.224417	0.022056	-1	-1	3
2850	0.601652	37.2628	47	0.792825	0.208334	0.0216617	-1	-1	3
2852	0.601652	53.5944	47	1.14031	0.196969	0.0214056	-1	-1	3
2854	0.601652	34.2946	47	0.729673	0.250469	0.0226847	-1	-1	3
2855	0.601652	48.5909	47	1.03385	0.172148	0.0208677	-1	-1	3
2856	0.601652	45.0632	47	0.958791	0.197283	0.0213778	-1	-1	3
2857	0.601652	31.4869	47	0.669934	0.207766	0.0216583	-1	-1	3
2858	0.601652	50.1088	47	1.06614	0.218831	0.021922	-1	-1	3
2860	0.601652	54.7292	47	1.16445	0.212548	0.021789	-1	-1	3
2861	0.601652	35.8768	47	0.763336	0.211836	0.0217658	-1	-1	3
2862	0.601652	40.6795	47	0.865521	0.205958	0.0216433	-1	-1	3
2863	0.601652	48.6846	47	1.03584	0.223426	0.0220564	-1	-1	3
2865	0.601652	66.8334	47	1.42199	0.201613	0.0215466	-1	-1	3
2866	0.601652	46.581	47	0.991085	0.188541	0.0211987	-1	-1	3
2868	0.601652	56.1942	47	1.19562	0.192078	0.021301	-1	-1	3
2871	0.601652	40.1021	47	0.853237	0.180568	0.0210476	-1	-1	3
2872	0.601652	42.37	47	0.901489	0.226259	0.0220973	-1	-1	3
2875	0.601652	64.7868	47	1.37844	0.232035	0.0222191	-1	-1	3
2876	0.601652	36.1971	47	0.77015	0.215022	0.0218452	-1	-1	3
2879	0.601652	37.2375	47	0.792288	0.194901	0.0213298	-1	-1	3
2885	0.601652	45.855	47	0.975639	0.215591	0.0218913	-1	-1	3
2895	0.601652	45.1202	47	0.960004	0.15506	0.020418	-1	-1	3
2908	0.601652	45.2075	47	0.961863	0.264747	0.0230346	-1	-1	3
2919	0.601652	53.7588	47	1.1438	0.239184	0.0224119	-1	-1	3
2924	0.601652	43.9251	47	0.934576	0.290545	0.0237058	-1	-1	3
2928	0.601652	49.4057	47	1.05119	0.228974	0.0221803	-1	-1	3
2929	0.601652	37.8051	47	0.804365	0.232918	0.0222673	-1	-1	3
2931	0.601652	39.1363	47	0.832688	0.249313	0.0226592	-1	-1	3
2932	0.601652	47.9038	47	1.01923	0.228111	0.0221449	-1	-1	3
2933	0.601652	30.6383	47	0.651879	0.23772	0.0223637	-1	-1	3
2934	0.601652	55.5206	47	1.18129	0.278424	0.0234116	-1	-1	3
2935	0.601652	66.9915	47	1.42535	0.232677	0.0222837	-1	-1	3
2938	0.601652	41.4836	47	0.882629	0.275587	0.0233249	-1	-1	3
2939	0.601652	60.5032	47	1.2873	0.233125	0.0222763	-1	-1	3
2940	0.601652	39.0297	47	0.830419	0.27454	0.0233211	-1	-1	3
2941	0.601652	32.4646	47	0.690737	0.211785	0.0217558	-1	-1	3
2942	0.601652	53.8089	47	1.14487	0.23041	0.0222052	-1	-1	3
2944	0.601652	62.3799	47	1.32723	0.232119	0.0222424	-1	-1	3
2945	0.601652	40.3626	47	0.858779	0.239022	0.0224375	-1	-1	3
2946	0.601652	39.6219	47	0.843018	0.237077	0.0223532	-1	-1	3
2948	0.601652	44.447	47	0.945681	0.210347	0.021697	-1	-1	3
2949	0.601652	46.1589	47	0.982105	0.232245	0.0222636	-1	-1	3
2951	0.601652	49.3121	47	1.04919	0.233831	0.0222915	-1	-1	3
2953	0.601652	34.5521	47	0.735151	0.20696	0.0216487	-1	-1	3
2955	0.601652	75.0394	47	1.59658	0.196952	0.0214081	-1	-1	3
2957	0.601652	37.0895	47	0.789138	0.218142	0.0218686	-1	-1	3
2960	0.601652	38.6296	47	0.821907	0.205219	0.021606	-1	-1	3
2961	0.601652	54.8538	47	1.1671	0.182593	0.0210306	-1	-1	3
2964	0.601652	45.9053	47	0.976707	0.239157	0.0223736	-1	-1	3
2965	0.601652	41.273	47	0.878149	0.186345	0.0211581	-1	-1	3
2966	0.601652	44.1009	47	0.938317	0.239174	0.0224068	-1	-1	3
2968	0.601652	52.8518	47	1.12451	0.186827	0.0211207	-1	-1	3
2972	0.601652	48.316	47	1.028	0.216699	0.0218461	-1	-1	3
2973	0.601652	41.1266	47	0.875034	0.163807	0.0206051	-1	-1	3
2998	0.601652	40.53	47	0.862341	0.245113	0.0225673	-1	-1	3
3001	0.601652	49.3604	47	1.05022	0.299128	0.0239076	-1	-1	3
3006	0.601652	45.3041	47	0.963918	0.234426	0.0222941	-1	-1	3
3007	0.601652	51.5107	47	1.09597	0.225746	0.0220853	-1	-1	3
3009	0.601652	52.6353	47	1.1199	0.238453	0.0223533	-1	-1	3
3010	0.601652	45.4415	47	0.966841	0.228432	0.0221645	-1	-1	3
3012	0.601652	57.8508	47	1.23087	0.258758	0.022878	-1	-1	3
3014	0.601652	45.459	47	0.967214	0.233218	0.0222731	-1	-1	3
3016	0.601652	42.8188	47	0.911038	0.273235	0.0232233	-1	-1	3
3018	0.601652	42.8054	47	0.910753	0.26761	0.0230778	-1	-1	3
3019	0.601652	32.4925	47	0.691329	0.242309	0.0225101	-1	-1	3
3022	0.601652	60.6872	47	1.29122	0.197929	0.0214195	-1	-1	3
3025	0.601652	48.4572	47	1.031	0.188431	0.0212016	-1	-1	3
3026	0.601652	33.1303	47	0.704901	0.202967	0.0215492	-1	-1	3
3027	0.601652	40.9453	47	0.871177	0.218394	0.0219087	-1	-1	3
3028	0.601652	31.6791	47	0.674024	0.203314	0.0215553	-1	-1	3
3029	0.601652	40.1439	47	0.854125	0.236491	0.0223929	-1	-1	3
3030	0.601652	45.3322	47	0.964516	0.212779	0.021764	-1	-1	3
3031	0.601652	48.8497	47	1.03936	0.157685	0.0205072	-1	-1	3
3034	0.601652	49.8206	47	1.06001	0.225487	0.0220643	-1	-1	3
3035	0.601652	41.1798	47	0.876165	0.212687	0.0217423	-1	-1	3
3036	0.601652	40.9946	47	0.872226	0.248151	0.0225837	-1	-1	3
3037	0.601652	39.2724	47	0.835583	0.163617	0.0206371	-1	-1	3
3038	0.601652	54.8704	47	1.16746	0.225683	0.022097	-1	-1	3
3039	0.601652	37.2959	47	0.79353	0.194475	0.0213606	-1	-1	3
3046	0.601652	29.6467	47	0.630781	0.205011	0.0215656	-1	-1	3
3049	0.601652	36.7687	47	0.782312	0.125931	0.01977	-1	-1	3
3051	0.601652	52.9003	47	1.12554	0.190876	0.0212629	-1	-1	3
3055	0.601652	30.8385	47	0.656137	0.188603	0.0211909	-1	-1	3
3056	0.601652	43.5154	47	0.925859	0.192381	0.021259	-1	-1	3
3058	0.601652	56.9419	47	1.21153	0.164897	0.020637	-1	-1	3
3064	0.601652	74.8777	47	1.59314	0.31863	0.0243838	-1	-1	3
3066	0.601652	45.6702	47	0.971706	0.29556	0.023804	-1	-1	3
3074	0.601652	59.891	47	1.27428	0.266831	0.0230768	-1	-1	3
3075	0.601652	44.078	47	0.937829	0.267262	0.0230528	-1	-1	3
3076	0.601652	42.6698	47	0.907869	0.26666	0.0230672	-1	-1	3
3077	0.601652	45.552	47	0.969192	0.224994	0.022099	-1	-1	3
3079	0.601652	39.3937	47	0.838164	0.270236	0.0231709	-1	-1	3
3082	0.601652	37.4374	47	0.796541	0.250782	0.0226684	-1	-1	3
3084	0.601652	54.7146	47	1.16414	0.2618	0.0229617	-1	-1	3
3086	0.601652	52.3631	47	1.11411	0.212813	0.0218033	-1	-1	3
3087	0.601652	29.4759	47	0.627148	0.223159	0.0220536	-1	-1	3
3088	0.601652	37.5454	47	0.798839	0.229282	0.0221651	-1	-1	3
3089	0.601652	22.4338	47	0.477315	0.250152	0.0226599	-1	-1	3
3090	0.601652	45.5018	47	0.968123	0.233856	0.0222775	-1	-1	3
3095	0.601652	73.9651	47	1.57372	0.230551	0.0221931	-1	-1	3
3098	0.601652	43.3083	47	0.921453	0.245598	0.0225336	-1	-1	3
3103	0.601652	41.0087	47	0.872526	0.241471	0.0224661	-1	-1	3
3105	0.601652	46.7975	47	0.995691	0.174186	0.0208564	-1	-1	3
3107	0.601652	31.2242	47	0.664345	0.172987	0.0208706	-1	-1	3
3119	0.601652	62.9492	47	1.33935	0.200715	0.0214648	-1	-1	3
3120	0.601652	32.8308	47	0.698528	0.172733	0.0208239	-1	-1	3
3134	0.601652	55.0753	47	1.17181	0.278387	0.0233692	-1	-1	3
3146	0.601652	43.3308	47	0.921931	0.244528	0.022499	-1	-1	3
3148	0.601652	62.9077	47	1.33846	0.236475	0.0223129	-1	-1	3
3149	0.601652	41.2293	47	0.877219	0.266491	0.023037	-1	-1	3
3151	0.601652	40.2562	47	0.856516	0.24526	0.0225552	-1	-1	3
3153	0.601652	44.9523	47	0.956433	0.245003	0.0225202	-1	-1	3
3157	0.601652	50.5131	47	1.07475	0.243217	0.0224714	-1	-1	3
3159	0.601652	44.0821	47	0.937917	0.24288	0.0224478	-1	-1	3
3161	0.601652	53.0108	47	1.12789	0.189905	0.0212375	-1	-1	3
3162	0.601652	54.1633	47	1.15241	0.25221	0.0227381	-1	-1	3
3163	0.601652	47.2323	47	1.00494	0.266823	0.0230565	-1	-1	3
3165	0.601652	52.4875	47	1.11676	0.257552	0.0227991	-1	-1	3
3167	0.601652	41.6303	47	0.885752	0.230693	0.0222262	-1	-1	3
3168	0.601652	60.6892	47	1.29126	0.243016	0.0225017	-1	-1	3
3170	0.601652	43.5488	47	0.92657	0.261693	0.0229849	-1	-1	3
3172	0.601652	41.9751	47	0.893088	0.238474	0.0223958	-1	-1	3
3173	0.601652	54.7259	47	1.16438	0.221931	0.0219942	-1	-1	3
3174	0.601652	45.872	47	0.976	0.189003	0.0211925	-1	-1	3
3176	0.601652	61.4506	47	1.30746	0.25595	0.0228042	-1	-1	3
3177	0.601652	40.5485	47	0.862734	0.208593	0.0216532	-1	-1	3
3178	0.601652	51.6559	47	1.09906	0.167113	0.0206666	-1	-1	3
3179	0.601652	48.7137	47	1.03646	0.197757	0.0214014	-1	-1	3
3180	0.601652	55.5438	47	1.18178	0.204807	0.0216354	-1	-1	3
3181	0.601652	46.4627	47	0.988567	0.188775	0.0211728	-1	-1	3
3182	0.601652	39.177	47	0.833553	0.212938	0.0217845	-1	-1	3
3184	0.601652	32.3731	47	0.688789	0.214573	0.0217871	-1	-1	3
3188	0.601652	49.102	47	1.04472	0.191102	0.02124	-1	-1	3
3192	0.601652	71.3364	47	1.51779	0.212225	0.0217328	-1	-1	3
3195	0.601652	60.3295	47	1.28361	0.187533	0.0211752	-1	-1	3
3196	0.601652	46.0802	47	0.980431	0.157792	0.0204685	-1	-1	3
3201	0.601652	48.6202	47	1.03447	0.208508	0.0216441	-1	-1	3
3203	0.601652	51.3921	47	1.09345	0.141114	0.0200596	-1	-1	3
3206	0.601652	67.2829	47	1.43155	0.155405	0.0203806	-1	-1	3
3215	0.601652	57.5339	47	1.22413	0.316425	0.0242992	-1	-1	3
3225	0.601652	42.3008	47	0.900017	0.279113	0.0233741	-1	-1	3
3228	0.601652	56.9151	47	1.21096	0.246634	0.0225484	-1	-1	3
3233	0.601652	53.5284	47	1.1389	0.265557	0.0230039	-1	-1	3
3235	0.601652	54.878	47	1.16762	0.255018	0.0227921	-1	-1	3
3237	0.601652	44.7231	47	0.951556	0.209911	0.0217029	-1	-1	3
3239	0.601652	37.7012	47	0.802153	0.202989	0.0215353	-1	-1	3
3243	0.601652	36.6144	47	0.77903	0.234807	0.0223105	-1	-1	3
3250	0.601652	50.1944	47	1.06797	0.253402	0.0227572	-1	-1	3
3251	0.601652	45.339	47	0.964659	0.17731	0.0209017	-1	-1	3
3253	0.601652	62.0174	47	1.31952	0.178878	0.0209455	-1	-1	3
3254	0.601652	54.4559	47	1.15864	0.191774	0.0212485	-1	-1	3
3258	0.601652	30.732	47	0.653872	0.197109	0.0214014	-1	-1	3
3266	0.601652	37.3758	47	0.79523	0.231453	0.0222014	-1	-1	3
3272	0.601652	48.587	47	1.03376	0.168004	0.0207052	-1	-1	3
3274	0.601652	45.0418	47	0.958337	0.18261	0.0210415	-1	-1	3
3289	0.601652	39.4444	47	0.839242	0.28841	0.0235636	-1	-1	3
3290	0.601652	44.9672	47	0.956748	0.280524	0.0234424	-1	-1	3
3294	0.601652	45.2491	47	0.962746	0.238529	0.0223932	-1	-1	3
3296	0.601652	48.1614	47	1.02471	0.270794	0.0231446	-1	-1	3
3299	0.601652	51.6664	47	1.09928	0.2797	0.0233729	-1	-1	3
3302	0.601652	39.7211	47	0.845129	0.22106	0.0219497	-1	-1	3
3304	0.601652	39.9893	47	0.850835	0.240662	0.0224454	-1	-1	3
3305	0.601652	51.8014	47	1.10216	0.225602	0.022046	-1	-1	3
3309	0.601652	62.1584	47	1.32252	0.229473	0.0221201	-1	-1	3
3312	0.601652	76.8504	47	1.63511	0.235016	0.0222762	-1	-1	3
3313	0.601652	57.2238	47	1.21753	0.210336	0.0217108	-1	-1	3
3314	0.601652	58.9256	47	1.25374	0.216785	0.0218407	-1	-1	3
3320	0.601652	31.6306	47	0.67299	0.235955	0.0223058	-1	-1	3
3322	0.601652	35.053	47	0.745808	0.233476	0.0222457	-1	-1	3
3323	0.601652	64.7457	47	1.37757	0.230595	0.0221985	-1	-1	3
3324	0.601652	52.954	47	1.12668	0.21462	0.0217894	-1	-1	3
3328	0.601652	59.9223	47	1.27494	0.180547	0.0209857	-1	-1	3
3332	0.601652	38.6091	47	0.821469	0.215113	0.0217842	-1	-1	3
3335	0.601652	48.9404	47	1.04129	0.191863	0.0212388	-1	-1	3
3338	0.601652	41.3369	47	0.879508	0.226828	0.0220857	-1	-1	3
3339	0.601652	41.0841	47	0.87413	0.227399	0.0220693	-1	-1	3
3347	0.601652	58.2702	47	1.23979	0.322417	0.0244674	-1	-1	3
3352	0.601652	53.0618	47	1.12897	0.291524	0.0236725	-1	-1	3
3355	0.601652	49.0081	47	1.04272	0.29409	0.0237292	-1	-1	3
3356	0.601652	34.1685	47	0.726989	0.264951	0.0229846	-1	-1	3
3359	0.601652	30.0193	47	0.638708	0.247591	0.0225638	-1	-1	3
3362	0.601652	62.5726	47	1.33133	0.245209	0.0225375	-1	-1	3
3364	0.601652	44.5582	47	0.948046	0.230844	0.0221946	-1	-1	3
3365	0.601652	46.602	47	0.991532	0.212487	0.0217857	-1	-1	3
3367	0.601652	58.1481	47	1.23719	0.235476	0.0223308	-1	-1	3
3369	0.601652	66.3094	47	1.41084	0.263295	0.022993	-1	-1	3
3372	0.601652	56.0181	47	1.19187	0.212991	0.0217545	-1	-1	3
3376	0.601652	60.7715	47	1.29301	0.213903	0.021778	-1	-1	3
3379	0.601652	58.4909	47	1.24449	0.235873	0.0222893	-1	-1	3
3383	0.601652	47.0764	47	1.00163	0.246431	0.0225774	-1	-1	3
3388	0.601652	50.6462	47	1.07758	0.182355	0.0210444	-1	-1	3
3389	0.601652	50.6583	47	1.07784	0.198825	0.0214564	-1	-1	3
3397	0.601652	65.6767	47	1.39738	0.188297	0.0211747	-1	-1	3
3398	0.601652	54.7503	47	1.1649	0.215086	0.0217833	-1	-1	3
3406	0.601652	54.6986	47	1.1638	0.293973	0.0237545	-1	-1	3
3411	0.601652	48.334	47	1.02838	0.296982	0.023846	-1	-1	3
3413	0.601652	52.0486	47	1.10742	0.317775	0.024343	-1	-1	3
3416	0.601652	51.9799	47	1.10596	0.2733	0.0232835	-1	-1	3
3417	0.601652	47.3057	47	1.0065	0.261616	0.0229555	-1	-1	3
3421	0.601652	72.2851	47	1.53798	0.300182	0.0239283	-1	-1	3
3424	0.601652	58.9396	47	1.25403	0.293659	0.0237853	-1	-1	3
3432	0.601652	51.3046	47	1.09159	0.312635	0.0242068	-1	-1	3
3433	0.601652	52.2676	47	1.11208	0.273725	0.0232554	-1	-1	3
3434	0.601652	35.1908	47	0.74874	0.255954	0.0228061	-1	-1	3
3435	0.601652	48.8352	47	1.03905	0.25195	0.022726	-1	-1	3
3446	0.601652	38.4309	47	0.817678	0.236895	0.0223693	-1	-1	3
3448	0.601652	44.1776	47	0.93995	0.225195	0.0220864	-1	-1	3
3450	0.601652	39.2665	47	0.835458	0.232055	0.0222551	-1	-1	3
3452	0.601652	45.4988	47	0.968059	0.221357	0.0220095	-1	-1	3
3457	0.601652	44.8365	47	0.953967	0.255635	0.0227947	-1	-1	3
3459	0.601652	65.7165	47	1.39822	0.24962	0.0225897	-1	-1	3
3471	0.601652	47.1167	47	1.00248	0.192316	0.02126	-1	-1	3
3475	0.601652	43.2395	47	0.91999	0.177979	0.0209567	-1	-1	3
3478	0.601652	32.7725	47	0.697287	0.343407	0.0249973	-1	-1	3
3487	0.601652	40.626	47	0.864383	0.273846	0.023288	-1	-1	3
3490	0.601652	35.836	47	0.762468	0.29838	0.0238504	-1	-1	3
3492	0.601652	49.1243	47	1.0452	0.240182	0.0224772	-1	-1	3
3494	0.601652	56.4797	47	1.2017	0.279981	0.023419	-1	-1	3
3505	0.601652	39.6474	47	0.843562	0.279459	0.023376	-1	-1	3
3506	0.601652	38.0118	47	0.808762	0.198251	0.02144	-1	-1	3
3508	0.601652	39.1335	47	0.832627	0.243506	0.0225238	-1	-1	3
3513	0.601652	37.5151	47	0.798194	0.24098	0.0224604	-1	-1	3
3516	0.601652	62.3986	47	1.32763	0.223316	0.0220168	-1	-1	3
3519	0.601652	50.4048	47	1.07244	0.213233	0.0217958	-1	-1	3
3520	0.601652	43.0435	47	0.915818	0.212039	0.0217639	-1	-1	3
3522	0.601652	43.9942	47	0.936047	0.202981	0.0215275	-1	-1	3
3531	0.601652	47.78	47	1.0166	0.183349	0.0210837	-1	-1	3
3534	0.601652	54.2333	47	1.1539	0.177371	0.0208983	-1	-1	3
3536	0.601652	72.4448	47	1.54138	0.180221	0.0209754	-1	-1	3
3539	0.601652	94.9322	47	2.01983	0.344212	0.0250664	-1	-1	3
3545	0.601652	62.8417	47	1.33706	0.304446	0.0240884	-1	-1	3
3551	0.601652	51.9845	47	1.10605	0.323701	0.0245521	-1	-1	3
3552	0.601652	67.1779	47	1.42932	0.266046	0.0231015	-1	-1	3
3565	0.601652	43.3566	47	0.92248	0.230305	0.0222391	-1	-1	3
3576	0.601652	33.7255	47	0.717564	0.222739	0.0220422	-1	-1	3
3578	0.601652	46.4107	47	0.987462	0.234061	0.022296	-1	-1	3
3579	0.601652	48.3438	47	1.02859	0.230903	0.0222185	-1	-1	3
3582	0.601652	43.8604	47	0.933199	0.192379	0.0213118	-1	-1	3
3583	0.601652	50.2799	47	1.06979	0.246269	0.0225856	-1	-1	3
3584	0.601652	35.7537	47	0.760716	0.233931	0.0222978	-1	-1	3
3585	0.601652	60.4739	47	1.28668	0.208708	0.0216839	-1	-1	3
3591	0.601652	50.6905	47	1.07852	0.237931	0.0224071	-1	-1	3
3592	0.601652	57.4986	47	1.22337	0.157909	0.0205315	-1	-1	3
3594	0.601652	45.4419	47	0.966849	0.213423	0.0218186	-1	-1	3
3597	0.601652	41.6685	47	0.886563	0.220461	0.0219904	-1	-1	3
3616	0.601652	49.4596	47	1.05233	0.274729	0.023361	-1	-1	3
3619	0.601652	56.8432	47	1.20943	0.268968	0.0232197	-1	-1	3
3628	0.601652	34.2628	47	0.728996	0.220867	0.0220475	-1	-1	3
3632	0.601652	38.2343	47	0.813496	0.242671	0.0225592	-1	-1	3
3636	0.601652	45.7372	47	0.973131	0.248468	0.0227276	-1	-1	3
3637	0.601652	46.869	47	0.997213	0.242286	0.0225631	-1	-1	3
3639	0.601652	45.4116	47	0.966205	0.241637	0.0225081	-1	-1	3
3643	0.601652	51.3625	47	1.09282	0.190231	0.0213256	-1	-1	3
3657	0.601652	49.0755	47	1.04416	0.31949	0.0244842	-1	-1	3
3659	0.601652	49.8047	47	1.05967	0.342037	0.0250867	-1	-1	3
3666	0.601652	58.3353	47	1.24118	0.289853	0.0237309	-1	-1	3
3673	0.601652	52.8255	47	1.12395	0.278779	0.0234623	-1	-1	3
3675	0.601652	48.9223	47	1.0409	0.263306	0.0230676	-1	-1	3
3679	0.601652	30.3375	47	0.645479	0.236198	0.0224162	-1	-1	3
3685	0.601652	36.6371	47	0.779513	0.2313	0.022284	-1	-1	3
3686	0.601652	45.3157	47	0.964164	0.256197	0.0229092	-1	-1	3
3687	0.601652	34.3268	47	0.730356	0.232444	0.0223315	-1	-1	3
3694	0.601652	35.8462	47	0.762685	0.214833	0.0219158	-1	-1	3
3697	0.601652	49.9102	47	1.06192	0.235959	0.0224033	-1	-1	3
3711	0.601652	52.9024	47	1.12558	0.19428	0.0214224	-1	-1	3
3724	0.601652	64.0316	47	1.36237	0.291732	0.0238099	-1	-1	3
3734	0.601652	54.5295	47	1.1602	0.286215	0.0236658	-1	-1	3
3735	0.601652	61.8322	47	1.31558	0.269611	0.0232901	-1	-1	3
3737	0.601652	33.5642	47	0.714132	0.259259	0.02301	-1	-1	3
3747	0.601652	43.5179	47	0.925913	0.224649	0.022159	-1	-1	3
3760	0.601652	38.126	47	0.811191	0.358716	0.0255556	-1	-1	3
3764	0.601652	58.7142	47	1.24924	0.296189	0.0239769	-1	-1	3
3769	0.601652	57.3819	47	1.22089	0.328901	0.0247948	-1	-1	3
3770	0.601652	63.1283	47	1.34316	0.277405	0.023489	-1	-1	3
3772	0.601652	69.5271	47	1.4793	0.289311	0.0237716	-1	-1	3
3773	0.601652	46.8605	47	0.997031	0.266137	0.0232313	-1	-1	3
3782	0.601652	39.2478	47	0.835059	0.205566	0.0217557	-1	-1	3
3789	0.601652	49.6867	47	1.05716	0.218729	0.02209	-1	-1	3
3795	0.601652	42.7166	47	0.908864	0.186905	0.0212879	-1	-1	3
3797	0.601652	40.6089	47	0.864019	0.266813	0.0232132	-1	-1	3
3800	0.601652	44.6621	47	0.950258	0.241539	0.0226404	-1	-1	3
3805	0.601652	32.2717	47	0.686632	0.309942	0.0243122	-1	-1	3
3812	0.601652	35.9248	47	0.764358	0.27984	0.023571	-1	-1	3
3818	0.601652	35.9308	47	0.764484	0.258073	0.0230565	-1	-1	3
3819	0.601652	34.6177	47	0.736546	0.289769	0.0238007	-1	-1	3
3824	0.601652	31.7608	47	0.675762	0.254855	0.0229897	-1	-1	3
3825	0.601652	60.3484	47	1.28401	0.238968	0.0226072	-1	-1	3
3827	0.601652	43.1085	47	0.917203	0.264443	0.0232057	-1	-1	3
3828	0.601652	46.7909	47	0.995551	0.239867	0.022602	-1	-1	3
3832	0.601652	40.0013	47	0.851091	0.293853	0.0238772	-1	-1	3
3833	0.601652	54.6342	47	1.16243	0.264893	0.023195	-1	-1	3
3840	0.601652	56.8201	47	1.20894	0.190284	0.0214709	-1	-1	3
3847	0.601652	41.4201	47	0.881279	0.190882	0.0215009	-1	-1	3
3890	0.601652	56.8117	47	1.20876	0.203527	0.0217798	-1	-1	3
3925	0.601652	48.6503	47	1.03511	0.218908	0.0221479	-1	-1	3
3932	0.601652	64.3454	47	1.36905	0.181071	0.0211972	-1	-1	3
3993	0.601652	61.1704	47	1.3015	0.226531	0.0223446	-1	-1	3
4029	0.601652	47.1761	47	1.00375	0.197505	0.0216028	-1	-1	3
4031	0.601652	77.1092	47	1.64062	0.143362	0.0203566	-1	-1	3
4056	0.601652	37.8046	47	0.804352	0.195877	0.0215604	-1	-1	3
4066	0.601652	43.0619	47	0.916211	0.177334	0.0211902	-1	-1	3
4078	0.601652	42.0073	47	0.893772	0.141131	0.020274	-1	-1	3
4103	0.601652	42.6354	47	0.907136	0.213172	0.0219709	-1	-1	3
4141	0.601652	55.4274	47	1.17931	0.243071	0.0227381	-1	-1	3
4149	0.601652	37.1051	47	0.789471	0.230227	0.022395	-1	-1	3
4161	0.601652	55.6997	47	1.1851	0.218907	0.0221157	-1	-1	3
4168	0.601652	63.0102	47	1.34064	0.165218	0.0208101	-1	-1	3
4170	0.601652	47.5212	47	1.01109	0.173239	0.0210206	-1	-1	3
4178	0.601652	61.9473	47	1.31803	0.157916	0.0206388	-1	-1	3
4203	0.601652	46.6608	47	0.992784	0.215824	0.0220104	-1	-1	3
4213	0.601652	49.0013	47	1.04258	0.219553	0.0221136	-1	-1	3
4214	0.601652	39.4952	47	0.840324	0.217576	0.0221066	-1	-1	3
4225	0.601652	41.1464	47	0.875455	0.202095	0.0217003	-1	-1	3
4234	0.601652	34.7265	47	0.738861	0.150619	0.0204951	-1	-1	3
4236	0.601652	57.7491	47	1.2287	0.178256	0.0211274	-1	-1	3
4265	0.601652	48.6748	47	1.03563	0.200541	0.0216595	-1	-1	3
4326	0.601652	41.5416	47	0.883863	0.176071	0.0210482	-1	-1	3
4334	0.601652	39.5123	47	0.840687	0.127523	0.0199367	-1	-1	3
4368	0.601652	51.4332	47	1.09432	0.218677	0.0221317	-1	-1	3
4372	0.601652	51.108	47	1.0874	0.20225	0.0216996	-1	-1	3
4382	0.601652	45.9122	47	0.976855	0.200658	0.0216468	-1	-1	3
4390	0.601652	46.5922	47	0.991323	0.176554	0.0210784	-1	-1	3
4467	0.601652	75.3647	47	1.6035	0.213373	0.022004	-1	-1	3
4476	0.601652	41.2901	47	0.878512	0.21948	0.0221382	-1	-1	3
4487	0.601652	48.9158	47	1.04076	0.205242	0.0217853	-1	-1	3
4493	0.601652	44.1275	47	0.938884	0.236293	0.0225372	-1	-1	3
4499	0.601652	38.4971	47	0.819086	0.208684	0.0218368	-1	-1	3
4539	0.601652	52.8087	47	1.12359	0.216517	0.0220226	-1	-1	3
4542	0.601652	58.8819	47	1.25281	0.231287	0.0223755	-1	-1	3
4545	0.601652	38.9361	47	0.828427	0.202436	0.0216833	-1	-1	3
4547	0.601652	44.9783	47	0.956984	0.226512	0.0222724	-1	-1	3
4558	0.601652	40.8144	47	0.868392	0.196571	0.0215159	-1	-1	3
4560	0.601652	42.1871	47	0.897599	0.192614	0.0214538	-1	-1	3
4577	0.601652	73.0769	47	1.55483	0.148335	0.0203797	-1	-1	3
4585	0.601652	67.7484	47	1.44145	0.247707	0.0227958	-1	-1	3
4596	0.601652	53.1375	47	1.13058	0.251199	0.022843	-1	-1	3
4606	0.601652	42.0002	47	0.89362	0.236458	0.0224971	-1	-1	3
4614	0.601652	49.3193	47	1.04935	0.219371	0.0220825	-1	-1	3
4618	0.601652	55.3433	47	1.17752	0.210102	0.021881	-1	-1	3
4620	0.601652	57.1908	47	1.21682	0.22656	0.0222517	-1	-1	3
4669	0.601652	62.865	47	1.33755	0.227963	0.0223266	-1	-1	3
4672	0.601652	62.8576	47	1.3374	0.227965	0.0222778	-1	-1	3
4691	0.601652	51.6921	47	1.09983	0.191557	0.0214092	-1	-1	3
4698	0.601652	43.5876	47	0.927396	0.183546	0.02123	-1	-1	3
4717	0.601652	34.6603	47	0.737454	0.250765	0.0228652	-1	-1	3
4723	0.601652	49.2928	47	1.04878	0.281319	0.0235808	-1	-1	3
4724	0.601652	46.8772	47	0.997387	0.263542	0.0231725	-1	-1	3
4735	0.601652	49.2883	47	1.04869	0.241105	0.022618	-1	-1	3
4738	0.601652	48.3477	47	1.02867	0.227912	0.0222895	-1	-1	3
4740	0.601652	42.106	47	0.895871	0.217805	0.0220142	-1	-1	3
4745	0.601652	41.3738	47	0.880293	0.21151	0.0218595	-1	-1	3
4748	0.601652	35.3741	47	0.752641	0.229694	0.0223333	-1	-1	3
4758	0.601652	64.7205	47	1.37703	0.167516	0.0208616	-1	-1	3
4784	0.601652	37.2051	47	0.791597	0.259326	0.0230638	-1	-1	3
4800	0.601652	63.2657	47	1.34608	0.198254	0.0215301	-1	-1	3
4803	0.601652	38.015	47	0.808829	0.208899	0.0218075	-1	-1	3
4808	0.601652	34.9608	47	0.743846	0.223245	0.0221451	-1	-1	3
4813	0.601652	61.2906	47	1.30405	0.201415	0.0216096	-1	-1	3
4817	0.601652	73.7636	47	1.56944	0.171343	0.0209348	-1	-1	3
4822	0.601652	57.311	47	1.21938	0.190047	0.0213962	-1	-1	3
4825	0.601652	43.8348	47	0.932655	0.217555	0.0220216	-1	-1	3
4835	0.601652	57.2035	47	1.2171	0.195426	0.0214786	-1	-1	3
4862	0.601652	69.3981	47	1.47656	0.261433	0.0231279	-1	-1	3
4866	0.601652	36.3315	47	0.773012	0.221206	0.0221223	-1	-1	3
4870	0.601652	44.8753	47	0.954794	0.217038	0.0220126	-1	-1	3
4872	0.601652	52.8267	47	1.12397	0.204995	0.0217042	-1	-1	3
4878	0.601652	46.3099	47	0.985317	0.207156	0.0217623	-1	-1	3
4883	0.601652	45.4768	47	0.967592	0.177207	0.0210252	-1	-1	3
4884	0.601652	40.4053	47	0.859688	0.202093	0.0216526	-1	-1	3
4891	0.601652	45.6742	47	0.971791	0.219797	0.0220705	-1	-1	3
4893	0.601652	42.122	47	0.896214	0.174899	0.0210042	-1	-1	3
4894	0.601652	47.4568	47	1.00972	0.183337	0.0212313	-1	-1	3
4907	0.601652	52.6502	47	1.12022	0.146372	0.0203217	-1	-1	3
4943	0.601652	45	47	0.957446	0.174141	0.0209498	-1	-1	3
4945	0.601652	55.5531	47	1.18198	0.2138	0.0219835	-1	-1	3
4955	0.601652	45.9574	47	0.977817	0.168984	0.0208736	-1	-1	3
4963	0.601652	47.138	47	1.00294	0.153685	0.0204773	-1	-1	3
4964	0.601652	41.5514	47	0.884071	0.181476	0.0211472	-1	-1	3
4965	0.601652	49.067	47	1.04398	0.184731	0.0212418	-1	-1	3
4969	0.601652	56.5962	47	1.20417	0.190369	0.021365	-1	-1	3
4998	0.601652	54.9189	47	1.16849	0.256149	0.0229348	-1	-1	3
5003	0.601652	44.7687	47	0.952526	0.247601	0.0227095	-1	-1	3
5005	0.601652	62.1721	47	1.32281	0.186766	0.0212972	-1	-1	3
5006	0.601652	52.4062	47	1.11502	0.221145	0.0220929	-1	-1	3
5008	0.601652	42.921	47	0.913212	0.206657	0.0217212	-1	-1	3
5012	0.601652	37.7312	47	0.802792	0.211082	0.0218512	-1	-1	3
5018	0.601652	47.6057	47	1.01289	0.172524	0.0209284	-1	-1	3
5024	0.601652	54.9606	47	1.16937	0.165852	0.0207777	-1	-1	3
5025	0.601652	61.6315	47	1.31131	0.221132	0.0221073	-1	-1	3
5029	0.601652	61.8351	47	1.31564	0.176663	0.0210448	-1	-1	3
5045	0.601652	66.1995	47	1.4085	0.1344	0.0200285	-1	-1	3
5065	0.601652	50.1645	47	1.06733	0.292195	0.0238328	-1	-1	3
5075	0.601652	60.1998	47	1.28085	0.199017	0.0215682	-1	-1	3
5085	0.601652	44.7902	47	0.952982	0.198341	0.0215515	-1	-1	3
5088	0.601652	63.6279	47	1.35378	0.234577	0.0224	-1	-1	3
5089	0.601652	42.2496	47	0.898928	0.206474	0.0217384	-1	-1	3
5093	0.601652	48.8284	47	1.0389	0.206202	0.0217212	-1	-1	3
5098	0.601652	64.136	47	1.3646	0.158906	0.0206506	-1	-1	3
5099	0.601652	56.3741	47	1.19945	0.212445	0.021881	-1	-1	3
5103	0.601652	51.1932	47	1.08922	0.185568	0.0212717	-1	-1	3
5107	0.601652	52.861	47	1.1247	0.178566	0.0210785	-1	-1	3
5109	0.601652	35.433	47	0.753894	0.213008	0.021904	-1	-1	3
5118	0.601652	66.4408	47	1.41363	0.173339	0.0209706	-1	-1	3
5119	0.601652	36.8444	47	0.783924	0.18442	0.0212098	-1	-1	3
5149	0.601652	35.3831	47	0.752832	0.255602	0.0229607	-1	-1	3
5150	0.601652	38.8246	47	0.826056	0.208418	0.0217905	-1	-1	3
5159	0.601652	31.4459	47	0.669062	0.224971	0.0221537	-1	-1	3
5165	0.601652	64.757	47	1.37781	0.205834	0.0217137	-1	-1	3
5175	0.601652	42.9738	47	0.914337	0.164375	0.0207563	-1	-1	3
5179	0.601652	49.2523	47	1.04792	0.19631	0.0214963	-1	-1	3
5182	0.601652	32.7785	47	0.697415	0.198014	0.0215178	-1	-1	3
5183	0.601652	39.8234	47	0.847306	0.159857	0.0206443	-1	-1	3
5194	0.601652	42.1381	47	0.896556	0.141015	0.020148	-1	-1	3
5219	0.601652	62.5149	47	1.3301	0.270644	0.0232878	-1	-1	3
5223	0.601652	61.8232	47	1.31539	0.227959	0.022288	-1	-1	3
5233	0.601652	31.8506	47	0.677672	0.222506	0.0221267	-1	-1	3
5234	0.601652	40.7341	47	0.866683	0.249049	0.022769	-1	-1	3
5240	0.601652	46.4587	47	0.988483	0.215393	0.0219527	-1	-1	3
5241	0.601652	43.1981	47	0.919108	0.221263	0.0221047	-1	-1	3
5242	0.601652	59.373	47	1.26325	0.193089	0.0214217	-1	-1	3
5248	0.601652	50.2162	47	1.06843	0.187797	0.0212862	-1	-1	3
5249	0.601652	60.9993	47	1.29786	0.214972	0.0219424	-1	-1	3
5252	0.601652	45.1543	47	0.960729	0.210789	0.0218203	-1	-1	3
5254	0.601652	61.8778	47	1.31655	0.159408	0.0206488	-1	-1	3
5256	0.601652	33.8824	47	0.720902	0.1904	0.0213509	-1	-1	3
5261	0.601652	86.6143	47	1.84286	0.168436	0.0208009	-1	-1	3
5286	0.601652	50.7862	47	1.08056	0.147203	0.0202802	-1	-1	3
5289	0.601652	40.8645	47	0.869457	0.28741	0.0237089	-1	-1	3
5303	0.601652	46.6935	47	0.993479	0.238889	0.0225181	-1	-1	3
5314	0.601652	49.4817	47	1.0528	0.217409	0.0220328	-1	-1	3
5319	0.601652	32.7223	47	0.69622	0.234902	0.0224033	-1	-1	3
5320	0.601652	61.4865	47	1.30822	0.236486	0.0223938	-1	-1	3
5321	0.601652	48.1801	47	1.02511	0.237135	0.0224612	-1	-1	3
5325	0.601652	57.744	47	1.22859	0.237181	0.0224482	-1	-1	3
5326	0.601652	35.1589	47	0.748061	0.208459	0.0217818	-1	-1	3
5341	0.601652	57.9761	47	1.23353	0.156636	0.0205307	-1	-1	3
5344	0.601652	44.252	47	0.941533	0.188572	0.021292	-1	-1	3
5346	0.601652	51.785	47	1.10181	0.169222	0.0208314	-1	-1	3
5347	0.601652	33.5339	47	0.713487	0.16861	0.020806	-1	-1	3
5349	0.601652	43.8679	47	0.933359	0.205309	0.0217057	-1	-1	3
5352	0.601652	40.0627	47	0.852397	0.210806	0.0218281	-1	-1	3
5383	0.601652	34.9045	47	0.742649	0.260558	0.0230527	-1	-1	3
5386	0.601652	54.1145	47	1.15137	0.273613	0.0234006	-1	-1	3
5388	0.601652	53.3252	47	1.13458	0.212882	0.0219112	-1	-1	3
5395	0.601652	51.8674	47	1.10356	0.25681	0.0229198	-1	-1	3
5398	0.601652	40.4499	47	0.860637	0.26946	0.0232513	-1	-1	3
5399	0.601652	40.7912	47	0.867898	0.224125	0.0221551	-1	-1	3
5405	0.601652	49.7883	47	1.05933	0.218897	0.0219965	-1	-1	3
5406	0.601652	47.5062	47	1.01077	0.199063	0.0215676	-1	-1	3
5412	0.601652	39.258	47	0.835276	0.242431	0.0225925	-1	-1	3
5413	0.601652	48.2975	47	1.02761	0.20009	0.0215836	-1	-1	3
5414	0.601652	55.8494	47	1.18828	0.21726	0.0219796	-1	-1	3
5416	0.601652	64.0268	47	1.36227	0.231163	0.0223068	-1	-1	3
5424	0.601652	37.0778	47	0.788889	0.19975	0.0215297	-1	-1	3
5425	0.601652	45.9569	47	0.977807	0.201109	0.0216129	-1	-1	3
5433	0.601652	45.5287	47	0.968695	0.189376	0.0213245	-1	-1	3
5435	0.601652	45.7317	47	0.973014	0.190409	0.0213287	-1	-1	3
5438	0.601652	49.6895	47	1.05722	0.181493	0.0210952	-1	-1	3
5441	0.601652	46.098	47	0.980809	0.176308	0.0210165	-1	-1	3
5443	0.601652	43.3378	47	0.922081	0.224902	0.0221322	-1	-1	3
5469	0.601652	58.9507	47	1.25427	0.320443	0.0244938	-1	-1	3
5470	0.601652	41.4747	47	0.882441	0.23725	0.0224327	-1	-1	3
5475	0.601652	43.2448	47	0.920102	0.276266	0.0234435	-1	-1	3
5478	0.601652	36.4034	47	0.774539	0.230475	0.0222841	-1	-1	3
5479	0.601652	52.1581	47	1.10975	0.228729	0.0222803	-1	-1	3
5482	0.601652	49.3147	47	1.04925	0.20092	0.0215787	-1	-1	3
5487	0.601652	38.1039	47	0.810722	0.226299	0.0221947	-1	-1	3
5490	0.601652	40.9837	47	0.871995	0.228697	0.0222453	-1	-1	3
5492	0.601652	41.3957	47	0.88076	0.199281	0.0215476	-1	-1	3
5495	0.601652	41.8938	47	0.891357	0.197221	0.0214931	-1	-1	3
5497	0.601652	42.2954	47	0.899901	0.261945	0.0230588	-1	-1	3
5502	0.601652	54.3442	47	1.15626	0.20729	0.0217118	-1	-1	3
5504	0.601652	46.5219	47	0.989829	0.178742	0.0210255	-1	-1	3
5508	0.601652	49.819	47	1.05998	0.187471	0.0212419	-1	-1	3
5515	0.601652	43.7381	47	0.930598	0.216218	0.0219346	-1	-1	3
5543	0.601652	30.5882	47	0.650813	0.264757	0.02309	-1	-1	3
5550	0.601652	53.1969	47	1.13185	0.283961	0.0236397	-1	-1	3
5553	0.601652	36.3098	47	0.772549	0.238085	0.0224424	-1	-1	3
5555	0.601652	66.8186	47	1.42167	0.25149	0.0228347	-1	-1	3
5562	0.601652	62.4798	47	1.32936	0.239785	0.0225625	-1	-1	3
5563	0.601652	48.8952	47	1.04032	0.223014	0.022104	-1	-1	3
5566	0.601652	55.0057	47	1.17033	0.227886	0.0222304	-1	-1	3
5573	0.601652	28.6154	47	0.608839	0.215252	0.0218939	-1	-1	3
5574	0.601652	42.5512	47	0.905346	0.195123	0.0214552	-1	-1	3
5578	0.601652	48.5473	47	1.03292	0.153919	0.0204599	-1	-1	3
5579	0.601652	48.0765	47	1.0229	0.216582	0.0219363	-1	-1	3
5584	0.601652	58.2987	47	1.2404	0.214033	0.0218885	-1	-1	3
5585	0.601652	52.5946	47	1.11903	0.164157	0.0206873	-1	-1	3
5586	0.601652	45.4364	47	0.966733	0.176353	0.020993	-1	-1	3
5589	0.601652	43.1905	47	0.918947	0.187314	0.0212294	-1	-1	3
5595	0.601652	55.34	47	1.17745	0.141379	0.0201756	-1	-1	3
5596	0.601652	30.5775	47	0.650586	0.150087	0.020357	-1	-1	3
5598	0.601652	46.0788	47	0.9804	0.16466	0.0207235	-1	-1	3
5604	0.601652	43.576	47	0.927148	0.198494	0.0214775	-1	-1	3
5606	0.601652	42.4568	47	0.903336	0.180617	0.0210603	-1	-1	3
5618	0.601652	45.1788	47	0.961252	0.264479	0.0231147	-1	-1	3
5624	0.601652	51.7408	47	1.10087	0.295112	0.023912	-1	-1	3
5633	0.601652	60.2838	47	1.28263	0.216276	0.0219664	-1	-1	3
5634	0.601652	55.8852	47	1.18905	0.185685	0.0212374	-1	-1	3
5636	0.601652	57.9388	47	1.23274	0.247669	0.0227119	-1	-1	3
5641	0.601652	45.1695	47	0.961054	0.259707	0.0229771	-1	-1	3
5644	0.601652	41.3419	47	0.879614	0.260241	0.0230101	-1	-1	3
5648	0.601652	40.8495	47	0.869138	0.244677	0.0226214	-1	-1	3
5651	0.601652	46.9637	47	0.999227	0.212665	0.0218344	-1	-1	3
5655	0.601652	37.8815	47	0.80599	0.222526	0.0220924	-1	-1	3
5657	0.601652	40.9268	47	0.870782	0.246224	0.0226566	-1	-1	3
5659	0.601652	47.2593	47	1.00552	0.243074	0.0225776	-1	-1	3
5671	0.601652	46.5941	47	0.991364	0.20444	0.0216681	-1	-1	3
5673	0.601652	58.6018	47	1.24685	0.146082	0.0202774	-1	-1	3
5676	0.601652	43.8179	47	0.932295	0.167897	0.0207898	-1	-1	3
5688	0.601652	61.9788	47	1.3187	0.13936	0.0200844	-1	-1	3
5695	0.601652	48.0798	47	1.02298	0.162724	0.0206362	-1	-1	3
5710	0.601652	56.9181	47	1.21102	0.294756	0.0238989	-1	-1	3
5718	0.601652	38.4391	47	0.817853	0.263423	0.0230995	-1	-1	3
5734	0.601652	52.3965	47	1.11482	0.231332	0.0222919	-1	-1	3
5735	0.601652	38.0751	47	0.810109	0.240602	0.022516	-1	-1	3
5737	0.601652	59.6816	47	1.26982	0.209068	0.0218098	-1	-1	3
5745	0.601652	68.8707	47	1.46533	0.203275	0.0216151	-1	-1	3
5746	0.601652	54.8506	47	1.16703	0.203226	0.0216209	-1	-1	3
5747	0.601652	44.8113	47	0.953432	0.207153	0.0217335	-1	-1	3
5748	0.601652	58.8979	47	1.25315	0.226369	0.0221366	-1	-1	3
5750	0.601652	64.4116	47	1.37046	0.193232	0.021421	-1	-1	3
5752	0.601652	25.0731	47	0.53347	0.185208	0.0212017	-1	-1	3
5755	0.601652	41.708	47	0.887405	0.229785	0.0222825	-1	-1	3
5759	0.601652	46.3506	47	0.986184	0.186493	0.021225	-1	-1	3
5764	0.601652	49.0582	47	1.04379	0.204634	0.0216272	-1	-1	3
5770	0.601652	62.6648	47	1.33329	0.129109	0.0198828	-1	-1	3
5772	0.601652	57.7754	47	1.22926	0.157368	0.0205099	-1	-1	3
5773	0.601652	60.4103	47	1.28533	0.134346	0.019992	-1	-1	3
5780	0.601652	50.1366	47	1.06674	0.290199	0.0237466	-1	-1	3
5801	0.601652	53.5004	47	1.13831	0.223083	0.0221043	-1	-1	3
5803	0.601652	55.0477	47	1.17123	0.266979	0.0231413	-1	-1	3
5806	0.601652	36.0547	47	0.76712	0.232439	0.0223099	-1	-1	3
5807	0.601652	59.7426	47	1.27112	0.19226	0.021343	-1	-1	3
5808	0.601652	59.1834	47	1.25922	0.178945	0.0210602	-1	-1	3
5810	0.601652	41.9052	47	0.891599	0.19982	0.0215307	-1	-1	3
5812	0.601652	44.5869	47	0.948658	0.22346	0.0220867	-1	-1	3
5814	0.601652	63.0243	47	1.34094	0.223113	0.0220886	-1	-1	3
5816	0.601652	44.8589	47	0.954445	0.180129	0.0210478	-1	-1	3
5827	0.601652	54.367	47	1.15674	0.165552	0.0207559	-1	-1	3
5828	0.601652	40.0297	47	0.851695	0.229909	0.0222324	-1	-1	3
5834	0.601652	47.1312	47	1.00279	0.165166	0.0206915	-1	-1	3
5835	0.601652	46.157	47	0.982065	0.167043	0.0207403	-1	-1	3
5841	0.601652	54.1138	47	1.15136	0.13362	0.0199579	-1	-1	3
5853	0.601652	64.5303	47	1.37299	0.301236	0.0240713	-1	-1	3
5854	0.601652	59.0099	47	1.25553	0.265885	0.023145	-1	-1	3
5855	0.601652	45.9552	47	0.977771	0.210041	0.0218381	-1	-1	3
5864	0.601652	49.1	47	1.04468	0.217071	0.0219614	-1	-1	3
5865	0.601652	50.7641	47	1.08009	0.22589	0.0221469	-1	-1	3
5875	0.601652	51.5173	47	1.09611	0.21448	0.0218909	-1	-1	3
5878	0.601652	70.837	47	1.50717	0.225515	0.0221203	-1	-1	3
5879	0.601652	52.2926	47	1.11261	0.251996	0.0227847	-1	-1	3
5880	0.601652	32.8187	47	0.698269	0.224832	0.0221401	-1	-1	3
5881	0.601652	49.8786	47	1.06125	0.219166	0.0219725	-1	-1	3
5883	0.601652	46.4593	47	0.988497	0.190711	0.0213031	-1	-1	3
5886	0.601652	47.7219	47	1.01536	0.196731	0.0214846	-1	-1	3
5887	0.601652	51.8295	47	1.10275	0.193712	0.0213305	-1	-1	3
5889	0.601652	38.4842	47	0.818812	0.199558	0.0215193	-1	-1	3
5890	0.601652	39.753	47	0.845809	0.194475	0.021396	-1	-1	3
5893	0.601652	34.3702	47	0.73128	0.210298	0.0217124	-1	-1	3
5894	0.601652	50.5828	47	1.07623	0.209068	0.0217487	-1	-1	3
5899	0.601652	46.0305	47	0.979372	0.196128	0.0214309	-1	-1	3
5902	0.601652	51.199	47	1.08934	0.181245	0.0210645	-1	-1	3
5906	0.601652	38.1281	47	0.811237	0.155566	0.0204633	-1	-1	3
5907	0.601652	58.6205	47	1.24724	0.195937	0.0214767	-1	-1	3
5910	0.601652	45.2283	47	0.962304	0.16118	0.02058	-1	-1	3
5911	0.601652	55.2885	47	1.17635	0.150933	0.0203519	-1	-1	3
5924	0.601652	54.7566	47	1.16503	0.317489	0.0244498	-1	-1	3
5931	0.601652	51.5974	47	1.09782	0.261707	0.0230587	-1	-1	3
5937	0.601652	29.2705	47	0.622777	0.264407	0.0230891	-1	-1	3
5938	0.601652	62.0704	47	1.32065	0.288297	0.0236721	-1	-1	3
5939	0.601652	37.0028	47	0.787295	0.275575	0.0233771	-1	-1	3
5941	0.601652	60.7838	47	1.29327	0.293601	0.0238085	-1	-1	3
5945	0.601652	32.8982	47	0.699961	0.253106	0.0227531	-1	-1	3
5949	0.601652	32.2208	47	0.685549	0.242544	0.022546	-1	-1	3
5950	0.601652	27.5343	47	0.585836	0.217257	0.0218996	-1	-1	3
5951	0.601652	46.0776	47	0.980375	0.226994	0.022178	-1	-1	3
5953	0.601652	30.6562	47	0.652259	0.214794	0.0218844	-1	-1	3
5954	0.601652	34.7285	47	0.738905	0.249704	0.0227311	-1	-1	3
5957	0.601652	73.4549	47	1.56287	0.229042	0.0222439	-1	-1	3
5965	0.601652	50.1941	47	1.06796	0.186175	0.0212405	-1	-1	3
5967	0.601652	58.1945	47	1.23818	0.191976	0.0213488	-1	-1	3
5969	0.601652	48.2621	47	1.02685	0.239601	0.0224435	-1	-1	3
5970	0.601652	34.9499	47	0.743614	0.202052	0.0215942	-1	-1	3
5972	0.601652	57.7431	47	1.22858	0.183671	0.0211719	-1	-1	3
5974	0.601652	69.2702	47	1.47383	0.189243	0.0213213	-1	-1	3
5976	0.601652	58.5608	47	1.24597	0.207275	0.0217314	-1	-1	3
5980	0.601652	41.3605	47	0.88001	0.199099	0.0215121	-1	-1	3
5981	0.601652	57.7288	47	1.22827	0.14395	0.0202499	-1	-1	3
5985	0.601652	48.7093	47	1.03637	0.179402	0.0210275	-1	-1	3
5990	0.601652	51.5392	47	1.09658	0.192452	0.0213555	-1	-1	3
5997	0.601652	58.5381	47	1.24549	0.167393	0.0207302	-1	-1	3
6002	0.601652	52.5674	47	1.11845	0.15529	0.0204893	-1	-1	3
6024	0.601652	53.1275	47	1.13037	0.254	0.0228495	-1	-1	3
6027	0.601652	54.1998	47	1.15319	0.221532	0.0220839	-1	-1	3
6037	0.601652	54.0437	47	1.14987	0.194101	0.0213787	-1	-1	3
6038	0.601652	39.2586	47	0.835289	0.2769	0.0233542	-1	-1	3
6041	0.601652	40.1564	47	0.854391	0.256994	0.02289	-1	-1	3
6042	0.601652	44.1488	47	0.939336	0.248918	0.0226907	-1	-1	3
6044	0.601652	50.1926	47	1.06793	0.232805	0.0223142	-1	-1	3
6045	0.601652	41.8516	47	0.890459	0.267478	0.0231364	-1	-1	3
6046	0.601652	68.4157	47	1.45565	0.214438	0.0218731	-1	-1	3
6048	0.601652	44.0156	47	0.936502	0.232456	0.0223533	-1	-1	3
6050	0.601652	40.8937	47	0.870079	0.244705	0.022581	-1	-1	3
6051	0.601652	58.1369	47	1.23695	0.200659	0.0215394	-1	-1	3
6052	0.601652	43.9158	47	0.934378	0.214365	0.021902	-1	-1	3
6054	0.601652	47.4714	47	1.01003	0.17195	0.0208769	-1	-1	3
6057	0.601652	45.0752	47	0.959046	0.178021	0.0210146	-1	-1	3
6058	0.601652	54.021	47	1.14938	0.213119	0.0218544	-1	-1	3
6060	0.601652	30.4491	47	0.647853	0.247737	0.022663	-1	-1	3
6063	0.601652	58.1987	47	1.23827	0.189922	0.0212711	-1	-1	3
6064	0.601652	47.5961	47	1.01268	0.205411	0.0216518	-1	-1	3
6066	0.601652	55.6573	47	1.1842	0.190979	0.0213438	-1	-1	3
6073	0.601652	35.6747	47	0.759036	0.16766	0.0207726	-1	-1	3
6075	0.601652	51.1286	47	1.08784	0.157317	0.0204982	-1	-1	3
6076	0.601652	43.6831	47	0.929427	0.203567	0.0215745	-1	-1	3
6095	0.601652	36.9551	47	0.786279	0.170154	0.0207904	-1	-1	3
6114	0.601652	50.0597	47	1.0651	0.231579	0.0222815	-1	-1	3
6119	0.601652	41.0666	47	0.873757	0.258391	0.0228963	-1	-1	3
6120	0.601652	58.3631	47	1.24177	0.20862	0.0217334	-1	-1	3
6122	0.601652	43.4513	47	0.924495	0.250012	0.0227094	-1	-1	3
6123	0.601652	41.5826	47	0.884737	0.199601	0.0215187	-1	-1	3
6126	0.601652	68.8688	47	1.46529	0.242131	0.0225562	-1	-1	3
6128	0.601652	54.1372	47	1.15185	0.255541	0.0228874	-1	-1	3
6131	0.601652	40.7047	47	0.866058	0.25289	0.0227777	-1	-1	3
6132	0.601652	50.0029	47	1.06389	0.213213	0.0218196	-1	-1	3
6135	0.601652	35.3365	47	0.751841	0.218839	0.0219544	-1	-1	3
6137	0.601652	72.8509	47	1.55002	0.256013	0.0228507	-1	-1	3
6139	0.601652	56.9701	47	1.21213	0.211586	0.0218148	-1	-1	3
6140	0.601652	33.4109	47	0.710871	0.1823	0.0211169	-1	-1	3
6143	0.601652	47.824	47	1.01753	0.210562	0.0217529	-1	-1	3
6148	0.601652	40.752	47	0.867063	0.200235	0.0215227	-1	-1	3
6152	0.601652	37.4047	47	0.795844	0.160321	0.0206031	-1	-1	3
6153	0.601652	50.4303	47	1.07299	0.201955	0.0215664	-1	-1	3
6155	0.601652	55.6051	47	1.18309	0.223814	0.0220766	-1	-1	3
6157	0.601652	44.3313	47	0.94322	0.21283	0.0217861	-1	-1	3
6159	0.601652	53.0138	47	1.12795	0.172362	0.0208586	-1	-1	3
6162	0.601652	45.957	47	0.977808	0.215123	0.0218595	-1	-1	3
6168	0.601652	43.9226	47	0.934524	0.160895	0.0205729	-1	-1	3
6170	0.601652	37.6985	47	0.802095	0.187973	0.0212105	-1	-1	3
6180	0.601652	56.8172	47	1.20888	0.144373	0.0202146	-1	-1	3
6198	0.601652	48.448	47	1.03081	0.224496	0.0221312	-1	-1	3
6199	0.601652	46.3121	47	0.985363	0.268458	0.0231957	-1	-1	3
6203	0.601652	40.307	47	0.857596	0.236115	0.0224219	-1	-1	3
6205	0.601652	40.7395	47	0.866797	0.235822	0.0223666	-1	-1	3
6206	0.601652	55.4828	47	1.18049	0.224333	0.0220948	-1	-1	3
6207	0.601652	65.0555	47	1.38416	0.26749	0.0231096	-1	-1	3
6209	0.601652	49.8514	47	1.06067	0.221915	0.0220291	-1	-1	3
6212	0.601652	63.49	47	1.35085	0.2136	0.0218457	-1	-1	3
6213	0.601652	45.1857	47	0.961399	0.21541	0.0218707	-1	-1	3
6215	0.601652	53.2877	47	1.13378	0.223381	0.0220813	-1	-1	3
6216	0.601652	43.7961	47	0.931832	0.250115	0.0227163	-1	-1	3
6218	0.601652	41.7864	47	0.889072	0.24894	0.0227122	-1	-1	3
6220	0.601652	42.7496	47	0.909566	0.222738	0.0220641	-1	-1	3
6226	0.601652	46.6593	47	0.992751	0.19536	0.021384	-1	-1	3
6229	0.601652	49.2762	47	1.04843	0.179444	0.0210359	-1	-1	3
6231	0.601652	65.6915	47	1.39769	0.201558	0.0215551	-1	-1	3
6232	0.601652	38.2207	47	0.813207	0.22091	0.0220092	-1	-1	3
6235	0.601652	44.1718	47	0.939825	0.177198	0.0209698	-1	-1	3
6236	0.601652	36.7332	47	0.781557	0.197273	0.021469	-1	-1	3
6239	0.601652	64.0515	47	1.3628	0.184462	0.0211806	-1	-1	3
6240	0.601652	47.8041	47	1.01711	0.156686	0.0205149	-1	-1	3
6242	0.601652	62.7238	47	1.33455	0.182407	0.0211154	-1	-1	3
6246	0.601652	48.9629	47	1.04176	0.22167	0.0220121	-1	-1	3
6260	0.601652	49.5121	47	1.05345	0.170607	0.020783	-1	-1	3
6262	0.601652	21.0131	47	0.447086	0.165102	0.020702	-1	-1	3
6275	0.601652	41.9084	47	0.891667	0.298306	0.0239316	-1	-1	3
6277	0.601652	39.5548	47	0.841591	0.241541	0.0225177	-1	-1	3
6278	0.601652	58.7875	47	1.2508	0.262203	0.0229979	-1	-1	3
6289	0.601652	44.2571	47	0.94164	0.251609	0.0227694	-1	-1	3
6292	0.601652	55.1362	47	1.17311	0.263939	0.0230498	-1	-1	3
6293	0.601652	44.5095	47	0.94701	0.236586	0.0223764	-1	-1	3
6297	0.601652	50.2728	47	1.06963	0.240324	0.0224512	-1	-1	3
6301	0.601652	38.2442	47	0.813707	0.243053	0.0225252	-1	-1	3
6304	0.601652	51.3751	47	1.09309	0.200698	0.0215427	-1	-1	3
6305	0.601652	54.5224	47	1.16005	0.236737	0.0224015	-1	-1	3
6310	0.601652	51.7456	47	1.10097	0.172944	0.0208724	-1	-1	3
6311	0.601652	39.6878	47	0.844422	0.216822	0.0219485	-1	-1	3
6312	0.601652	38.4798	47	0.818718	0.249914	0.0227184	-1	-1	3
6315	0.601652	43.0284	47	0.915497	0.220391	0.0220134	-1	-1	3
6316	0.601652	28.5781	47	0.608045	0.219294	0.0219785	-1	-1	3
6317	0.601652	66.4827	47	1.41453	0.161109	0.0206323	-1	-1	3
6319	0.601652	56.4004	47	1.20001	0.200422	0.0215328	-1	-1	3
6322	0.601652	44.06	47	0.937448	0.176216	0.0209725	-1	-1	3
6326	0.601652	61.0968	47	1.29993	0.193158	0.0213117	-1	-1	3
6328	0.601652	61.5145	47	1.30882	0.212589	0.0218193	-1	-1	3
6332	0.601652	46.3115	47	0.985351	0.213298	0.0218098	-1	-1	3
6334	0.601652	50.9263	47	1.08354	0.192284	0.0213072	-1	-1	3
6335	0.601652	74.2653	47	1.58011	0.211795	0.0217876	-1	-1	3
6336	0.601652	38.1745	47	0.812223	0.217703	0.0219116	-1	-1	3
6348	0.601652	43.4309	47	0.924061	0.19047	0.0212316	-1	-1	3
6353	0.601652	40.9072	47	0.870366	0.194387	0.0213462	-1	-1	3
6373	0.601652	50.0542	47	1.06498	0.281982	0.0234935	-1	-1	3
6376	0.601652	56.1036	47	1.19369	0.267259	0.023103	-1	-1	3
6377	0.601652	59.3618	47	1.26302	0.241409	0.0224944	-1	-1	3
6386	0.601652	43.3128	47	0.921549	0.278472	0.0233984	-1	-1	3
6387	0.601652	58.6155	47	1.24714	0.244124	0.0225653	-1	-1	3
6389	0.601652	65.8511	47	1.40109	0.226072	0.0221591	-1	-1	3
6391	0.601652	52.7328	47	1.12197	0.26532	0.0230627	-1	-1	3
6393	0.601652	49.9494	47	1.06275	0.243565	0.0225593	-1	-1	3
6396	0.601652	65.8633	47	1.40135	0.214701	0.0218667	-1	-1	3
6397	0.601652	44.4675	47	0.946117	0.234913	0.0223717	-1	-1	3
6398	0.601652	48.0739	47	1.02285	0.234214	0.0223073	-1	-1	3
6405	0.601652	41.9748	47	0.89308	0.219636	0.0219719	-1	-1	3
6406	0.601652	49.0017	47	1.04259	0.211733	0.0217695	-1	-1	3
6407	0.601652	43.8281	47	0.932514	0.225054	0.0220512	-1	-1	3
6409	0.601652	52.4129	47	1.11517	0.200121	0.0214797	-1	-1	3
6412	0.601652	33.8389	47	0.719976	0.22571	0.0221243	-1	-1	3
6414	0.601652	49.1391	47	1.04551	0.21248	0.0217671	-1	-1	3
6417	0.601652	54.1494	47	1.15212	0.201997	0.0215648	-1	-1	3
6418	0.601652	36.6371	47	0.779512	0.231037	0.0222276	-1	-1	3
6420	0.601652	53.1803	47	1.1315	0.188248	0.0211991	-1	-1	3
6421	0.601652	40.0835	47	0.852841	0.237135	0.0223562	-1	-1	3
6423	0.601652	54.8457	47	1.16693	0.195261	0.0214115	-1	-1	3
6430	0.601652	40.6558	47	0.865016	0.178442	0.0210237	-1	-1	3
6435	0.601652	51.944	47	1.10519	0.224695	0.0220978	-1	-1	3
6436	0.601652	49.7012	47	1.05747	0.138513	0.0200651	-1	-1	3
6445	0.601652	43.9623	47	0.935367	0.196202	0.0213817	-1	-1	3
6446	0.601652	39.7352	47	0.84543	0.299925	0.0239355	-1	-1	3
6451	0.601652	37.4304	47	0.796391	0.307467	0.0241193	-1	-1	3
6454	0.601652	54.296	47	1.15523	0.299043	0.0239616	-1	-1	3
6455	0.601652	35.3532	47	0.752197	0.274843	0.023312	-1	-1	3
6457	0.601652	57.4283	47	1.22188	0.281912	0.023509	-1	-1	3
6461	0.601652	49.5724	47	1.05473	0.23563	0.0223942	-1	-1	3
6466	0.601652	58.701	47	1.24896	0.247763	0.0226362	-1	-1	3
6467	0.601652	50.1321	47	1.06664	0.237259	0.0223718	-1	-1	3
6468	0.601652	34.011	47	0.723637	0.217459	0.0218917	-1	-1	3
6471	0.601652	27.5602	47	0.586388	0.266486	0.0231016	-1	-1	3
6474	0.601652	56.8369	47	1.2093	0.230232	0.0222248	-1	-1	3
6478	0.601652	50.9248	47	1.08351	0.233443	0.022278	-1	-1	3
6479	0.601652	35.8872	47	0.763558	0.221142	0.0219719	-1	-1	3
6489	0.601652	28.8212	47	0.613217	0.178604	0.0210155	-1	-1	3
6492	0.601652	46.4677	47	0.988674	0.236916	0.0223689	-1	-1	3
6493	0.601652	59.2664	47	1.26099	0.179023	0.0209701	-1	-1	3
6494	0.601652	48.8142	47	1.0386	0.20857	0.0216753	-1	-1	3
6495	0.601652	37.0285	47	0.787841	0.220283	0.0219776	-1	-1	3
6496	0.601652	44.4725	47	0.946223	0.196916	0.0214024	-1	-1	3
6497	0.601652	47.4201	47	1.00894	0.175038	0.020875	-1	-1	3
6499	0.601652	51.7344	47	1.10073	0.192052	0.0213051	-1	-1	3
6500	0.601652	57.7751	47	1.22926	0.211015	0.0218111	-1	-1	3
6503	0.601652	42.5571	47	0.90547	0.184404	0.02111	-1	-1	3
6507	0.601652	48.7705	47	1.03767	0.192842	0.0213387	-1	-1	3
6512	0.601652	38.4409	47	0.817892	0.17942	0.0210279	-1	-1	3
6524	0.601652	51.3433	47	1.09241	0.190967	0.0212667	-1	-1	3
6527	0.601652	49.0721	47	1.04409	0.198254	0.0214563	-1	-1	3
6538	0.601652	69.856	47	1.4863	0.327908	0.0246297	-1	-1	3
6540	0.601652	68.5389	47	1.45827	0.333173	0.0247759	-1	-1	3
6541	0.601652	45.4392	47	0.966792	0.28906	0.0236377	-1	-1	3
6546	0.601652	52.7098	47	1.12148	0.313667	0.024244	-1	-1	3
6548	0.601652	33.508	47	0.712937	0.289563	0.0236944	-1	-1	3
6550	0.601652	43.6868	47	0.929506	0.242312	0.0225294	-1	-1	3
6551	0.601652	45.2364	47	0.962476	0.285274	0.0235615	-1	-1	3
6553	0.601652	47.2802	47	1.00596	0.203309	0.0216177	-1	-1	3
6555	0.601652	36.9567	47	0.786312	0.246629	0.022615	-1	-1	3
6557	0.601652	53.5664	47	1.13971	0.242496	0.0225035	-1	-1	3
6558	0.601652	55.0603	47	1.1715	0.260518	0.0229514	-1	-1	3
6559	0.601652	60.9555	47	1.29692	0.259107	0.022965	-1	-1	3
6560	0.601652	42.5235	47	0.904756	0.279863	0.023442	-1	-1	3
6562	0.601652	60.9035	47	1.29582	0.205678	0.021611	-1	-1	3
6563	0.601652	49.9033	47	1.06177	0.232164	0.0222397	-1	-1	3
6564	0.601652	67.0438	47	1.42646	0.177873	0.0209988	-1	-1	3
6565	0.601652	52.5151	47	1.11734	0.235026	0.0223086	-1	-1	3
6566	0.601652	37.8349	47	0.804999	0.221377	0.0219877	-1	-1	3
6567	0.601652	49.9341	47	1.06243	0.207986	0.0216692	-1	-1	3
6568	0.601652	52.3319	47	1.11344	0.22731	0.0221603	-1	-1	3
6569	0.601652	45.6945	47	0.972223	0.224219	0.0220557	-1	-1	3
6570	0.601652	41.5576	47	0.884204	0.218366	0.0219497	-1	-1	3
6578	0.601652	49.1198	47	1.0451	0.204735	0.0216081	-1	-1	3
6589	0.601652	55.6037	47	1.18306	0.200283	0.0214545	-1	-1	3
6590	0.601652	36.0509	47	0.76704	0.213193	0.0218292	-1	-1	3
6592	0.601652	33.4428	47	0.711548	0.186683	0.0211973	-1	-1	3
6593	0.601652	39.7316	47	0.845352	0.204495	0.0215729	-1	-1	3
6594	0.601652	44.8236	47	0.953695	0.20891	0.0216563	-1	-1	3
6597	0.601652	42.8298	47	0.911272	0.234621	0.0223008	-1	-1	3
6599	0.601652	57.4489	47	1.22232	0.183437	0.0210913	-1	-1	3
6607	0.601652	51.1858	47	1.08906	0.146981	0.0202555	-1	-1	3
6627	0.601652	53.5206	47	1.13874	0.291621	0.0237361	-1	-1	3
6629	0.601652	33.7609	47	0.718317	0.261731	0.0229407	-1	-1	3
6631	0.601652	30.7598	47	0.654464	0.210497	0.0217707	-1	-1	3
6633	0.601652	54.6942	47	1.16371	0.249131	0.0226337	-1	-1	3
6635	0.601652	40.6366	47	0.864608	0.285648	0.0235643	-1	-1	3
6636	0.601652	46.6491	47	0.992535	0.235659	0.0223515	-1	-1	3
6640	0.601652	65.1187	47	1.3855	0.23639	0.0223592	-1	-1	3
6642	0.601652	56.9937	47	1.21263	0.259894	0.0229518	-1	-1	3
6644	0.601652	62.079	47	1.32083	0.229135	0.0221994	-1	-1	3
6645	0.601652	35.2722	47	0.750472	0.242499	0.0225198	-1	-1	3
6648	0.601652	38.1498	47	0.811698	0.207271	0.0216491	-1	-1	3
6649	0.601652	44.4518	47	0.945782	0.184347	0.0211327	-1	-1	3
6651	0.601652	44.5681	47	0.948258	0.25583	0.022827	-1	-1	3
6654	0.601652	51.0049	47	1.08521	0.199033	0.0214557	-1	-1	3
6655	0.601652	48.4558	47	1.03097	0.234273	0.0223418	-1	-1	3
6657	0.601652	44.2418	47	0.941316	0.177762	0.02096	-1	-1	3
6659	0.601652	45.9993	47	0.978709	0.219171	0.0219288	-1	-1	3
6660	0.601652	42.2631	47	0.899215	0.201751	0.0215445	-1	-1	3
6665	0.601652	55.757	47	1.18632	0.220013	0.021973	-1	-1	3
6668	0.601652	52.3965	47	1.11482	0.155573	0.020432	-1	-1	3
6669	0.601652	48.1637	47	1.02476	0.212502	0.0217968	-1	-1	3
6670	0.601652	54.0285	47	1.14954	0.206801	0.0216844	-1	-1	3
6671	0.601652	45.5653	47	0.969474	0.190987	0.0212736	-1	-1	3
6672	0.601652	49.9526	47	1.06282	0.214934	0.0218297	-1	-1	3
6676	0.601652	60.5215	47	1.28769	0.213942	0.0217938	-1	-1	3
6682	0.601652	43.9672	47	0.935472	0.192603	0.0213227	-1	-1	3
6685	0.601652	44.6266	47	0.949502	0.182088	0.0210477	-1	-1	3
6688	0.601652	36.0405	47	0.76682	0.190674	0.0212306	-1	-1	3
6691	0.601652	30.4842	47	0.648601	0.184108	0.0211238	-1	-1	3
6704	0.601652	38.6825	47	0.823031	0.262966	0.0229538	-1	-1	3
6706	0.601652	60.1561	47	1.27992	0.266389	0.0230821	-1	-1	3
6708	0.601652	43.9072	47	0.934195	0.267959	0.0231482	-1	-1	3
6710	0.601652	40.438	47	0.860384	0.263906	0.0230434	-1	-1	3
6712	0.601652	69.1413	47	1.47109	0.279755	0.0234699	-1	-1	3
6713	0.601652	45.638	47	0.971022	0.301771	0.0239681	-1	-1	3
6715	0.601652	56.7468	47	1.20738	0.261616	0.0229413	-1	-1	3
6716	0.601652	37.7659	47	0.80353	0.22174	0.0219897	-1	-1	3
6717	0.601652	45.6427	47	0.971121	0.200536	0.0215413	-1	-1	3
6718	0.601652	55.759	47	1.18636	0.300014	0.0239047	-1	-1	3
6719	0.601652	37.2514	47	0.792584	0.239263	0.0224311	-1	-1	3
6720	0.601652	48.9766	47	1.04205	0.239316	0.0224084	-1	-1	3
6721	0.601652	61.2693	47	1.3036	0.217571	0.0218857	-1	-1	3
6726	0.601652	60.0903	47	1.27852	0.265962	0.0230701	-1	-1	3
6728	0.601652	35.7061	47	0.759704	0.226882	0.022115	-1	-1	3
6729	0.601652	46.336	47	0.985872	0.201242	0.0215228	-1	-1	3
6731	0.601652	46.3162	47	0.985451	0.251407	0.0226985	-1	-1	3
6733	0.601652	52.4876	47	1.11676	0.178917	0.020966	-1	-1	3
6735	0.601652	53.5161	47	1.13864	0.210947	0.0217513	-1	-1	3
6737	0.601652	37.4251	47	0.796278	0.261539	0.0229242	-1	-1	3
6739	0.601652	48.7047	47	1.03627	0.212703	0.0217698	-1	-1	3
6740	0.601652	45.8836	47	0.976247	0.208556	0.0216707	-1	-1	3
6741	0.601652	44.0285	47	0.936776	0.182023	0.0210556	-1	-1	3
6742	0.601652	50.1309	47	1.06662	0.217044	0.0218897	-1	-1	3
6745	0.601652	59.6306	47	1.26874	0.226982	0.0221299	-1	-1	3
6746	0.601652	52.8889	47	1.1253	0.189534	0.0212047	-1	-1	3
6750	0.601652	69.5432	47	1.47964	0.164512	0.020641	-1	-1	3
6757	0.601652	31.8945	47	0.678607	0.187605	0.0212209	-1	-1	3
6764	0.601652	60.9254	47	1.29629	0.182617	0.0210828	-1	-1	3
6765	0.601652	62.2946	47	1.32542	0.149953	0.020277	-1	-1	3
6782	0.601652	30.989	47	0.659341	0.256045	0.0228477	-1	-1	3
6783	0.601652	40.2812	47	0.857047	0.217997	0.0218944	-1	-1	3
6786	0.601652	37.6169	47	0.80036	0.216182	0.0218485	-1	-1	3
6788	0.601652	51.9658	47	1.10565	0.230334	0.0222347	-1	-1	3
6789	0.601652	42.6157	47	0.906716	0.283095	0.0234752	-1	-1	3
6791	0.601652	35.7665	47	0.760989	0.258959	0.0229064	-1	-1	3
6793	0.601652	40.9512	47	0.871303	0.280003	0.0234089	-1	-1	3
6795	0.601652	63.1271	47	1.34313	0.254555	0.0228358	-1	-1	3
6797	0.601652	37.6825	47	0.801756	0.228555	0.0221671	-1	-1	3
6798	0.601652	35.2213	47	0.74939	0.238199	0.0223914	-1	-1	3
6802	0.601652	45.4563	47	0.967155	0.217164	0.0219054	-1	-1	3
6803	0.601652	53.1629	47	1.13113	0.256807	0.0228268	-1	-1	3
6804	0.601652	61.7016	47	1.3128	0.22394	0.0220388	-1	-1	3
6805	0.601652	60.66	47	1.29064	0.217602	0.0219228	-1	-1	3
6806	0.601652	43.6721	47	0.929193	0.241158	0.0224567	-1	-1	3
6808	0.601652	55.8153	47	1.18756	0.21777	0.021925	-1	-1	3
6810	0.601652	45.9568	47	0.977804	0.215758	0.0218511	-1	-1	3
6811	0.601652	53.1703	47	1.13128	0.236894	0.0223392	-1	-1	3
6813	0.601652	50.0685	47	1.06529	0.159098	0.0205519	-1	-1	3
6817	0.601652	34.4148	47	0.732229	0.203272	0.0215597	-1	-1	3
6825	0.601652	47.7134	47	1.01518	0.195933	0.0213889	-1	-1	3
6831	0.601652	51.9181	47	1.10464	0.186624	0.0211577	-1	-1	3
6832	0.601652	67.3198	47	1.43234	0.179931	0.0209869	-1	-1	3
6838	0.601652	43.6428	47	0.928571	0.170685	0.0207658	-1	-1	3
6845	0.601652	66.2374	47	1.40931	0.300006	0.0239461	-1	-1	3
6854	0.601652	43.5425	47	0.926436	0.245936	0.0225547	-1	-1	3
6859	0.601652	40.3921	47	0.859406	0.242638	0.0224979	-1	-1	3
6862	0.601652	33.8007	47	0.719165	0.234564	0.0223179	-1	-1	3
6863	0.601652	60.3353	47	1.28373	0.287157	0.0235981	-1	-1	3
6866	0.601652	52.5862	47	1.11886	0.249001	0.0226529	-1	-1	3
6867	0.601652	45.4944	47	0.967966	0.280607	0.0234187	-1	-1	3
6872	0.601652	42.5234	47	0.904753	0.258435	0.0229063	-1	-1	3
6873	0.601652	45.3331	47	0.964534	0.186147	0.0211552	-1	-1	3
6874	0.601652	53.7844	47	1.14435	0.239042	0.0224187	-1	-1	3
6875	0.601652	45.4897	47	0.967866	0.23674	0.0223577	-1	-1	3
6876	0.601652	45.2094	47	0.961903	0.21733	0.0218903	-1	-1	3
6878	0.601652	45.9679	47	0.97804	0.225346	0.0220911	-1	-1	3
6879	0.601652	42.1503	47	0.896815	0.237587	0.0223678	-1	-1	3
6882	0.601652	29.8791	47	0.635725	0.170835	0.0207957	-1	-1	3
6883	0.601652	52.0202	47	1.10681	0.23641	0.0223609	-1	-1	3
6884	0.601652	63.7142	47	1.35562	0.2458	0.0225625	-1	-1	3
6887	0.601652	58.199	47	1.23828	0.22114	0.0219324	-1	-1	3
6890	0.601652	44.0471	47	0.937172	0.218315	0.0219372	-1	-1	3
6893	0.601652	42.3191	47	0.900406	0.193243	0.0213262	-1	-1	3
6894	0.601652	56.0563	47	1.19269	0.204822	0.0215891	-1	-1	3
6896	0.601652	41.1765	47	0.876095	0.208018	0.0216238	-1	-1	3
6898	0.601652	72.7483	47	1.54784	0.204523	0.0215995	-1	-1	3
6904	0.601652	57.9583	47	1.23316	0.181426	0.0210341	-1	-1	3
6907	0.601652	44.1649	47	0.939679	0.209147	0.0216869	-1	-1	3
6909	0.601652	51.3131	47	1.09177	0.183191	0.0210681	-1	-1	3
6911	0.601652	48.66	47	1.03532	0.205346	0.0215805	-1	-1	3
6921	0.601652	34.6743	47	0.737752	0.179428	0.0209844	-1	-1	3
6927	0.601652	50.7588	47	1.07997	0.281371	0.0234576	-1	-1	3
6928	0.601652	62.4475	47	1.32867	0.279477	0.0234143	-1	-1	3
6931	0.601652	30.6774	47	0.652711	0.286357	0.0235347	-1	-1	3
6935	0.601652	37.8155	47	0.804584	0.239304	0.0224138	-1	-1	3
6943	0.601652	48.9989	47	1.04253	0.247054	0.0225702	-1	-1	3
6944	0.601652	43.1697	47	0.918503	0.182468	0.0210937	-1	-1	3
6948	0.601652	42.0629	47	0.894956	0.234674	0.0222685	-1	-1	3
6949	0.601652	64.2485	47	1.36699	0.259	0.0228582	-1	-1	3
6950	0.601652	41.7051	47	0.887343	0.258207	0.0228947	-1	-1	3
6951	0.601652	46.8155	47	0.996074	0.215127	0.0218172	-1	-1	3
6953	0.601652	53.6971	47	1.14249	0.240756	0.0224491	-1	-1	3
6955	0.601652	64.862	47	1.38004	0.242895	0.0225169	-1	-1	3
6957	0.601652	47.9794	47	1.02084	0.216402	0.0218829	-1	-1	3
6958	0.601652	44.7816	47	0.9528	0.189573	0.0212132	-1	-1	3
6959	0.601652	31.4508	47	0.669166	0.235697	0.022284	-1	-1	3
6960	0.601652	42.7239	47	0.909019	0.241374	0.0224417	-1	-1	3
6962	0.601652	37.9093	47	0.806581	0.247772	0.0226156	-1	-1	3
6965	0.601652	42.7663	47	0.90992	0.217201	0.0218298	-1	-1	3
6970	0.601652	48.3913	47	1.0296	0.209645	0.0216934	-1	-1	3
6971	0.601652	49.3959	47	1.05098	0.218898	0.0219126	-1	-1	3
6973	0.601652	39.6167	47	0.842909	0.229538	0.0221716	-1	-1	3
6977	0.601652	48.0932	47	1.02326	0.206025	0.0215945	-1	-1	3
6980	0.601652	51.9205	47	1.10469	0.206037	0.0216164	-1	-1	3
6985	0.601652	51.4293	47	1.09424	0.140082	0.0200565	-1	-1	3
6990	0.601652	39.8415	47	0.847691	0.21325	0.0217408	-1	-1	3
6994	0.601652	87.7418	47	1.86685	0.173333	0.0207829	-1	-1	3
6995	0.601652	42.8678	47	0.912081	0.201111	0.0215141	-1	-1	3
6998	0.601652	42.0965	47	0.895669	0.161094	0.0205201	-1	-1	3
7011	0.601652	46.2658	47	0.984378	0.277	0.0233191	-1	-1	3
7017	0.601652	43.9409	47	0.934912	0.263875	0.0230153	-1	-1	3
7023	0.601652	41.9174	47	0.891859	0.252918	0.0227193	-1	-1	3
7028	0.601652	56.6509	47	1.20534	0.23071	0.0221607	-1	-1	3
7032	0.601652	51.3948	47	1.09351	0.246493	0.0225751	-1	-1	3
7034	0.601652	43.9997	47	0.936163	0.240747	0.0224261	-1	-1	3
7035	0.601652	42.0806	47	0.895331	0.243686	0.022526	-1	-1	3
7036	0.601652	42.0997	47	0.895739	0.250178	0.0226508	-1	-1	3
7037	0.601652	42.9718	47	0.914293	0.231679	0.0222344	-1	-1	3
7038	0.601652	36.8254	47	0.783518	0.259134	0.0228699	-1	-1	3
7039	0.601652	63.3361	47	1.34758	0.208855	0.0216543	-1	-1	3
7041	0.601652	40.8133	47	0.868368	0.230328	0.0222186	-1	-1	3
7042	0.601652	49.9232	47	1.0622	0.211243	0.0217569	-1	-1	3
7045	0.601652	50.943	47	1.08389	0.247678	0.0225652	-1	-1	3
7049	0.601652	46.3644	47	0.986477	0.264333	0.0229502	-1	-1	3
7052	0.601652	66.9141	47	1.4237	0.20776	0.0216401	-1	-1	3
7053	0.601652	43.3726	47	0.922821	0.189623	0.0212368	-1	-1	3
7054	0.601652	48.1301	47	1.02404	0.176236	0.0209125	-1	-1	3
7055	0.601652	51.3691	47	1.09296	0.213367	0.0217627	-1	-1	3
7056	0.601652	36.2279	47	0.770807	0.190961	0.0212465	-1	-1	3
7058	0.601652	54.5439	47	1.16051	0.161749	0.0205167	-1	-1	3
7059	0.601652	49.4605	47	1.05235	0.23851	0.0223535	-1	-1	3
7064	0.601652	59.9789	47	1.27615	0.215483	0.0217963	-1	-1	3
7067	0.601652	55.5891	47	1.18275	0.174816	0.0208438	-1	-1	3
7088	0.601652	35.4104	47	0.753413	0.278453	0.0233659	-1	-1	3
7094	0.601652	50.5201	47	1.0749	0.263219	0.0229727	-1	-1	3
7096	0.601652	49.3341	47	1.04966	0.250156	0.022694	-1	-1	3
7097	0.601652	45.8449	47	0.975423	0.280413	0.0233768	-1	-1	3
7099	0.601652	41.9551	47	0.892662	0.233634	0.0222796	-1	-1	3
7102	0.601652	58.6599	47	1.24808	0.230712	0.0221441	-1	-1	3
7106	0.601652	48.4464	47	1.03077	0.237807	0.0223686	-1	-1	3
7108	0.601652	49.0658	47	1.04395	0.290801	0.023674	-1	-1	3
7110	0.601652	38.07	47	0.809999	0.224555	0.0220164	-1	-1	3
7111	0.601652	37.6221	47	0.80047	0.230905	0.0221856	-1	-1	3
7113	0.601652	60.3165	47	1.28333	0.22617	0.0220793	-1	-1	3
7114	0.601652	39.6055	47	0.842671	0.243446	0.0225108	-1	-1	3
7115	0.601652	42.181	47	0.897467	0.222228	0.0219956	-1	-1	3
7116	0.601652	36.8794	47	0.784669	0.25171	0.0226627	-1	-1	3
7117	0.601652	56.5069	47	1.20228	0.237495	0.022356	-1	-1	3
7119	0.601652	56.9406	47	1.2115	0.221548	0.0219881	-1	-1	3
7121	0.601652	40.9147	47	0.870526	0.266141	0.0230459	-1	-1	3
7125	0.601652	50.7625	47	1.08005	0.238734	0.0223854	-1	-1	3
7129	0.601652	65.5408	47	1.39448	0.284743	0.0234961	-1	-1	3
7130	0.601652	45.3822	47	0.965579	0.19297	0.0212504	-1	-1	3
7133	0.601652	51.5641	47	1.09711	0.212741	0.0217731	-1	-1	3
7135	0.601652	38.4263	47	0.817581	0.231735	0.0221859	-1	-1	3
7137	0.601652	48.6203	47	1.03448	0.197385	0.0214004	-1	-1	3
7142	0.601652	46.3904	47	0.98703	0.195275	0.0213547	-1	-1	3
7143	0.601652	48.1237	47	1.02391	0.188899	0.0211778	-1	-1	3
7144	0.601652	52.1276	47	1.1091	0.207791	0.0216232	-1	-1	3
7146	0.601652	59.4596	47	1.2651	0.176531	0.0209215	-1	-1	3
7150	0.601652	37.9884	47	0.808263	0.17123	0.0207464	-1	-1	3
7156	0.601652	62.3573	47	1.32675	0.153529	0.0203447	-1	-1	3
7159	0.601652	41.329	47	0.879341	0.31525	0.0242877	-1	-1	3
7178	0.601652	36.7858	47	0.782676	0.285217	0.0235094	-1	-1	3
7179	0.601652	43.9985	47	0.936139	0.260824	0.0229641	-1	-1	3
7184	0.601652	46.2702	47	0.984472	0.252628	0.0226721	-1	-1	3
7185	0.601652	38.7429	47	0.824318	0.258013	0.0228681	-1	-1	3
7191	0.601652	40.5436	47	0.862631	0.253278	0.0227504	-1	-1	3
7200	0.601652	51.5159	47	1.09608	0.229439	0.0221192	-1	-1	3
7201	0.601652	48.0729	47	1.02283	0.225239	0.022021	-1	-1	3
7203	0.601652	37.5552	47	0.799047	0.221288	0.0219653	-1	-1	3
7205	0.601652	52.8696	47	1.12489	0.245527	0.0225396	-1	-1	3
7206	0.601652	44.4843	47	0.946474	0.211508	0.0217149	-1	-1	3
7208	0.601652	57.1776	47	1.21655	0.232724	0.0222567	-1	-1	3
7209	0.601652	61.1885	47	1.30188	0.281704	0.0234494	-1	-1	3
7210	0.601652	48.3892	47	1.02956	0.215287	0.0218205	-1	-1	3
7211	0.601652	63.6631	47	1.35453	0.22924	0.0221819	-1	-1	3
7212	0.601652	43.6809	47	0.929381	0.219737	0.0219385	-1	-1	3
7213	0.601652	59.6382	47	1.2689	0.210055	0.0216704	-1	-1	3
7217	0.601652	41.9877	47	0.893355	0.241924	0.0224607	-1	-1	3
7221	0.601652	59.7104	47	1.27043	0.194382	0.0213092	-1	-1	3
7224	0.601652	63.6976	47	1.35527	0.18725	0.0211622	-1	-1	3
7225	0.601652	49.3901	47	1.05085	0.239208	0.0223948	-1	-1	3
7228	0.601652	41.3309	47	0.879381	0.216714	0.0218148	-1	-1	3
7233	0.601652	56.0686	47	1.19295	0.222256	0.0219669	-1	-1	3
7235	0.601652	43.6419	47	0.928551	0.215002	0.0218565	-1	-1	3
7240	0.601652	67.8102	47	1.44277	0.320583	0.0243629	-1	-1	3
7248	0.601652	29.4359	47	0.626295	0.306483	0.0240211	-1	-1	3
7252	0.601652	42.3136	47	0.90029	0.268062	0.0230673	-1	-1	3
7256	0.601652	34.2636	47	0.729013	0.255503	0.0227825	-1	-1	3
7262	0.601652	32.2988	47	0.687209	0.296035	0.0237633	-1	-1	3
7266	0.601652	51.6184	47	1.09826	0.222293	0.0219666	-1	-1	3
7267	0.601652	30.3663	47	0.646092	0.245264	0.0225837	-1	-1	3
7275	0.601652	52.0602	47	1.10766	0.222649	0.021985	-1	-1	3
7276	0.601652	43.0973	47	0.916963	0.23528	0.0222462	-1	-1	3
7277	0.601652	58.536	47	1.24545	0.198463	0.021405	-1	-1	3
7280	0.601652	37.8643	47	0.805624	0.230208	0.022169	-1	-1	3
7281	0.601652	30.5716	47	0.650459	0.220485	0.0219038	-1	-1	3
7291	0.601652	39.1022	47	0.831962	0.20202	0.0214733	-1	-1	3
7293	0.601652	46.0934	47	0.980711	0.218994	0.0219175	-1	-1	3
7294	0.601652	44.8754	47	0.954796	0.207178	0.0215986	-1	-1	3
7299	0.601652	45.7484	47	0.973369	0.189264	0.021172	-1	-1	3
7310	0.601652	39.1799	47	0.833615	0.258696	0.022882	-1	-1	3
7312	0.601652	36.1474	47	0.769094	0.275481	0.0233255	-1	-1	3
7319	0.601652	56.5747	47	1.20372	0.28522	0.0235044	-1	-1	3
7330	0.601652	39.9551	47	0.850108	0.207648	0.0216502	-1	-1	3
7333	0.601652	41.2062	47	0.876727	0.265462	0.0230107	-1	-1	3
7334	0.601652	52.9239	47	1.12604	0.207983	0.0216609	-1	-1	3
7341	0.601652	46.103	47	0.980916	0.221356	0.0219743	-1	-1	3
7342	0.601652	30.4624	47	0.648136	0.229843	0.0221777	-1	-1	3
7344	0.601652	40.553	47	0.862829	0.222284	0.0219988	-1	-1	3
7346	0.601652	50.212	47	1.06834	0.2089	0.0216978	-1	-1	3
7351	0.601652	33.7433	47	0.717943	0.202525	0.0215415	-1	-1	3
7352	0.601652	49.9698	47	1.06319	0.224857	0.0220556	-1	-1	3
7356	0.601652	54.1078	47	1.15123	0.217169	0.0218231	-1	-1	3
7359	0.601652	50.5805	47	1.07618	0.259397	0.0228811	-1	-1	3
7363	0.601652	47.6939	47	1.01476	0.210137	0.0216949	-1	-1	3
7369	0.601652	40.7049	47	0.866062	0.199955	0.0214603	-1	-1	3
7370	0.601652	40.6869	47	0.865679	0.186642	0.0211159	-1	-1	3
7395	0.601652	43.2164	47	0.919498	0.26949	0.0231691	-1	-1	3
7397	0.601652	33.005	47	0.702235	0.234366	0.0222984	-1	-1	3
7399	0.601652	37.386	47	0.795447	0.253764	0.0227633	-1	-1	3
7402	0.601652	51.3948	47	1.09351	0.257636	0.02286	-1	-1	3
7407	0.601652	47.7024	47	1.01494	0.256047	0.022773	-1	-1	3
7409	0.601652	30.0055	47	0.638415	0.219409	0.0219388	-1	-1	3
7412	0.601652	34.4388	47	0.73274	0.242736	0.0224819	-1	-1	3
7413	0.601652	39.6353	47	0.843304	0.222776	0.0220206	-1	-1	3
7415	0.601652	46.0893	47	0.980624	0.298411	0.0238647	-1	-1	3
7416	0.601652	54.5148	47	1.15989	0.246791	0.0225761	-1	-1	3
7419	0.601652	42.3983	47	0.902091	0.192008	0.0213012	-1	-1	3
7431	0.601652	47.6148	47	1.01308	0.22423	0.0220485	-1	-1	3
7432	0.601652	42.2356	47	0.89863	0.185836	0.0211274	-1	-1	3
7433	0.601652	28.3544	47	0.603285	0.230467	0.022195	-1	-1	3
7438	0.601652	51.5093	47	1.09594	0.201358	0.0215032	-1	-1	3
7447	0.601652	35.0148	47	0.744996	0.200279	0.0214925	-1	-1	3
7448	0.601652	48.401	47	1.02981	0.210316	0.0217471	-1	-1	3
7452	0.601652	46.635	47	0.992235	0.310457	0.0241893	-1	-1	3
7459	0.601652	33.9414	47	0.722158	0.252909	0.0227685	-1	-1	3
7467	0.601652	57.3869	47	1.221	0.294928	0.0237972	-1	-1	3
7469	0.601652	46.8572	47	0.996962	0.227013	0.0221652	-1	-1	3
7472	0.601652	58.9058	47	1.25331	0.276558	0.0233273	-1	-1	3
7475	0.601652	50.2066	47	1.06823	0.205459	0.0216141	-1	-1	3
7476	0.601652	37.5338	47	0.798592	0.219165	0.0219694	-1	-1	3
7477	0.601652	45.9822	47	0.978345	0.240692	0.0224947	-1	-1	3
7479	0.601652	46.1259	47	0.981401	0.23562	0.0223053	-1	-1	3
7482	0.601652	40.3292	47	0.858067	0.178644	0.020976	-1	-1	3
7485	0.601652	58.0543	47	1.2352	0.243664	0.0225128	-1	-1	3
7486	0.601652	47.3709	47	1.00789	0.211077	0.0218018	-1	-1	3
7487	0.601652	48.3166	47	1.02801	0.236328	0.0223608	-1	-1	3
7488	0.601652	51.4344	47	1.09435	0.250602	0.0227103	-1	-1	3
7489	0.601652	43.8957	47	0.93395	0.237203	0.0223533	-1	-1	3
7493	0.601652	42.7085	47	0.908692	0.209513	0.0217263	-1	-1	3
7496	0.601652	42.7804	47	0.910221	0.206721	0.0216409	-1	-1	3
7502	0.601652	29.2696	47	0.622758	0.180039	0.0210469	-1	-1	3
7520	0.601652	43.3394	47	0.922114	0.302519	0.024014	-1	-1	3
7522	0.601652	33.1566	47	0.70546	0.241548	0.0225168	-1	-1	3
7525	0.601652	56.4021	47	1.20004	0.30472	0.0240832	-1	-1	3
7529	0.601652	49.6453	47	1.05628	0.242686	0.0226048	-1	-1	3
7531	0.601652	38.234	47	0.813489	0.255088	0.0228663	-1	-1	3
7532	0.601652	40.6113	47	0.86407	0.210689	0.0217999	-1	-1	3
7534	0.601652	45.2182	47	0.96209	0.239957	0.0224578	-1	-1	3
7543	0.601652	46.8703	47	0.997241	0.221838	0.0220353	-1	-1	3
7549	0.601652	67.4839	47	1.43583	0.202877	0.0215937	-1	-1	3
7553	0.601652	40.2146	47	0.85563	0.191746	0.0213447	-1	-1	3
7554	0.601652	48.1963	47	1.02545	0.218998	0.0219636	-1	-1	3
7564	0.601652	58.1357	47	1.23693	0.268521	0.023176	-1	-1	3
7567	0.601652	39.8612	47	0.848111	0.264315	0.0231396	-1	-1	3
7571	0.601652	44.6113	47	0.949177	0.249277	0.022748	-1	-1	3
7574	0.601652	60.3188	47	1.28338	0.2876	0.0236335	-1	-1	3
7587	0.601652	55.353	47	1.17772	0.196817	0.0214345	-1	-1	3
7589	0.601652	55.5303	47	1.1815	0.241302	0.0225486	-1	-1	3
7590	0.601652	68.8869	47	1.46568	0.195019	0.0213793	-1	-1	3
7591	0.601652	46.326	47	0.98566	0.187655	0.0213019	-1	-1	3
7593	0.601652	47.7113	47	1.01513	0.25275	0.0228077	-1	-1	3
7594	0.601652	33.2154	47	0.706711	0.249926	0.0227565	-1	-1	3
7596	0.601652	37.0117	47	0.787483	0.204971	0.0217024	-1	-1	3
7603	0.601652	43.3552	47	0.922451	0.308352	0.0242666	-1	-1	3
7609	0.601652	42.3722	47	0.901536	0.291826	0.0238288	-1	-1	3
7611	0.601652	41.1624	47	0.875796	0.282434	0.0236238	-1	-1	3
7612	0.601652	58.3644	47	1.2418	0.307039	0.0242626	-1	-1	3
7618	0.601652	38.9475	47	0.82867	0.229649	0.0223008	-1	-1	3
7621	0.601652	39.6616	47	0.843865	0.230283	0.0223101	-1	-1	3
7624	0.601652	32.7044	47	0.695837	0.271844	0.0233232	-1	-1	3
7627	0.601652	58.0912	47	1.23598	0.285673	0.0236296	-1	-1	3
7639	0.601652	33.315	47	0.708831	0.188806	0.0213159	-1	-1	3
7648	0.601652	47.7642	47	1.01626	0.289853	0.0238162	-1	-1	3
7649	0.601652	55.9598	47	1.19063	0.275524	0.0234499	-1	-1	3
7659	0.601652	38.0285	47	0.809118	0.274158	0.0234119	-1	-1	3
7661	0.601652	35.8034	47	0.761773	0.247566	0.0227544	-1	-1	3
7668	0.601652	35.9812	47	0.765558	0.266678	0.0232159	-1	-1	3
7673	0.601652	58.5622	47	1.24601	0.269632	0.0232556	-1	-1	3
7679	0.601652	60.0906	47	1.27852	0.169929	0.020888	-1	-1	3
7687	0.601652	40.5445	47	0.862649	0.296484	0.0239941	-1	-1	3
7693	0.601652	46.6655	47	0.992884	0.282255	0.0236449	-1	-1	3
7695	0.601652	43.5579	47	0.926764	0.26956	0.023313	-1	-1	3
7706	0.601652	36.2733	47	0.771773	0.28256	0.0236591	-1	-1	3
7708	0.601652	47.6752	47	1.01437	0.231561	0.0223724	-1	-1	3
7711	0.601652	39.0342	47	0.830514	0.263547	0.0231734	-1	-1	3
