0	0.601652	-nan	47	-nan	-nan	nan	-1	-1	2
1	0.601652	63.7498	47	1.35638	0.0292704	0.0275571	-1	-1	3
9	0.601652	56.021	47	1.19194	0.0338679	0.0276217	-1	-1	3
11	0.601652	50.2958	47	1.07012	0.00344611	0.026696	-1	-1	3
27	0.601652	40.4026	47	0.85963	0.0241971	0.0272124	-1	-1	3
28	0.601652	48.7554	47	1.03735	0.0315018	0.0275244	-1	-1	3
59	0.601652	37.0933	47	0.789219	0.0153467	0.0270114	-1	-1	3
62	0.601652	54.5019	47	1.15961	0.0749967	0.0289814	-1	-1	3
70	0.601652	49.9754	47	1.06331	0.0117742	0.0268809	-1	-1	3
114	0.601652	42.2879	47	0.899743	-0.0181592	0.0259387	-1	-1	3
117	0.601652	53.6838	47	1.14221	-7.21481e-05	0.0265776	-1	-1	3
130	0.601652	40.8715	47	0.869607	-0.0093338	0.0262226	-1	-1	3
172	0.601652	40.75	47	0.867022	0.0013823	0.0265054	-1	-1	3
174	0.601652	55.5294	47	1.18148	0.0633543	0.0285096	-1	-1	3
176	0.601652	34.7501	47	0.739364	0.00304451	0.0266078	-1	-1	3
181	0.601652	65.5722	47	1.39515	-0.0497338	0.0249233	-1	-1	3
199	0.601652	44.5781	47	0.94847	-0.0194172	0.0258635	-1	-1	3
206	0.601652	42.2394	47	0.89871	-0.0353588	0.0252599	-1	-1	3
213	0.601652	46.0277	47	0.979313	0.0478682	0.0280874	-1	-1	3
236	0.601652	46.6282	47	0.992088	-0.00523157	0.0263579	-1	-1	3
250	0.601652	55.6024	47	1.18303	-0.0424862	0.0251664	-1	-1	3
310	0.601652	54.9366	47	1.16886	0.0444888	0.027916	-1	-1	3
315	0.601652	43.7129	47	0.930062	-0.0602864	0.0245367	-1	-1	3
317	0.601652	73.1308	47	1.55597	0.0296081	0.0274958	-1	-1	3
318	0.601652	50.1338	47	1.06668	-0.0119663	0.0260625	-1	-1	3
321	0.601652	52.8007	47	1.12342	-0.0376553	0.0252917	-1	-1	3
347	0.601652	69.8161	47	1.48545	0.0153381	0.0270375	-1	-1	3
356	0.601652	50.2112	47	1.06832	-0.0167515	0.025912	-1	-1	3
362	0.601652	39.5204	47	0.84086	-0.00117708	0.026417	-1	-1	3
371	0.601652	40.7205	47	0.866393	0.019334	0.0271437	-1	-1	3
377	0.601652	56.4438	47	1.20093	-0.0287224	0.0255331	-1	-1	3
397	0.601652	52.2727	47	1.11218	-0.000689363	0.026468	-1	-1	3
407	0.601652	58.8774	47	1.25271	0.0104728	0.0269307	-1	-1	3
413	0.601652	41.0168	47	0.872698	0.00645433	0.0266865	-1	-1	3
417	0.601652	39.1383	47	0.83273	-0.0594304	0.0246488	-1	-1	3
419	0.601652	41.2632	47	0.877941	-0.0525921	0.0247671	-1	-1	3
421	0.601652	55.6864	47	1.18482	0.0312677	0.0274871	-1	-1	3
460	0.601652	60.4378	47	1.28591	0.0805633	0.0291055	-1	-1	3
466	0.601652	38.0602	47	0.809791	-0.0361112	0.0253768	-1	-1	3
468	0.601652	38.1293	47	0.811262	0.0223703	0.0271658	-1	-1	3
477	0.601652	43.7765	47	0.931414	-0.0261184	0.0256524	-1	-1	3
479	0.601652	55.8178	47	1.18761	-0.0296572	0.0254583	-1	-1	3
481	0.601652	27.8077	47	0.591653	-0.0662418	0.0243239	-1	-1	3
528	0.601652	34.6502	47	0.737238	-0.0339369	0.0254053	-1	-1	3
531	0.601652	38.7264	47	0.823965	0.0613927	0.0284624	-1	-1	3
538	0.601652	68.0177	47	1.44719	-0.00547325	0.0262889	-1	-1	3
543	0.601652	54.9975	47	1.17016	-0.0123842	0.0260679	-1	-1	3
552	0.601652	56.3303	47	1.19852	-0.0229663	0.0257171	-1	-1	3
556	0.601652	66.2635	47	1.40986	-0.0274217	0.0255364	-1	-1	3
558	0.601652	38.2379	47	0.813573	-0.110661	0.0230179	-1	-1	3
580	0.601652	60.64	47	1.29021	-0.0171988	0.0259925	-1	-1	3
583	0.601652	61.2791	47	1.30381	0.0131729	0.0270089	-1	-1	3
596	0.601652	42.5102	47	0.904473	-0.0694222	0.0243317	-1	-1	3
609	0.601652	38.1147	47	0.810951	-0.00980334	0.0261591	-1	-1	3
641	0.601652	32.8577	47	0.6991	0.0240672	0.0272293	-1	-1	3
651	0.601652	57.3208	47	1.21959	0.0398923	0.0277829	-1	-1	3
668	0.601652	49.9261	47	1.06226	-0.022925	0.0257057	-1	-1	3
681	0.601652	48.2883	47	1.02741	0.0249996	0.0272439	-1	-1	3
686	0.601652	46.7964	47	0.995668	-0.00410629	0.0262597	-1	-1	3
727	0.601652	37.7587	47	0.803376	0.00100707	0.0264446	-1	-1	3
728	0.601652	54.5521	47	1.16068	-0.0267768	0.025548	-1	-1	3
735	0.601652	42.6191	47	0.90679	-0.0437232	0.0249911	-1	-1	3
736	0.601652	60.2589	47	1.28211	-0.0497276	0.0248767	-1	-1	3
738	0.601652	43.9573	47	0.935262	-0.0380079	0.0252676	-1	-1	3
747	0.601652	32.306	47	0.687362	-0.0174008	0.0258684	-1	-1	3
750	0.601652	41.8634	47	0.890711	-0.0213418	0.0257041	-1	-1	3
757	0.601652	62.5571	47	1.331	-0.0444832	0.024885	-1	-1	3
764	0.601652	66.43	47	1.4134	-0.0217153	0.0257043	-1	-1	3
787	0.601652	29.2755	47	0.622883	-0.00998978	0.0261024	-1	-1	3
797	0.601652	49.3932	47	1.05092	0.0231348	0.0272097	-1	-1	3
800	0.601652	56.3223	47	1.19835	-0.0182416	0.0259257	-1	-1	3
803	0.601652	52.6369	47	1.11994	0.0117068	0.0268604	-1	-1	3
810	0.601652	39.2448	47	0.834996	-0.0511027	0.0247377	-1	-1	3
811	0.601652	58.6602	47	1.24809	-0.0375618	0.0252568	-1	-1	3
812	0.601652	43.5438	47	0.926463	-0.0383806	0.0251892	-1	-1	3
823	0.601652	54.9937	47	1.17008	-0.0855629	0.0237167	-1	-1	3
848	0.601652	40.4527	47	0.860697	0.0222452	0.0271366	-1	-1	3
856	0.601652	55.2731	47	1.17602	0.0162003	0.0269305	-1	-1	3
862	0.601652	57.6677	47	1.22697	0.0201744	0.0270704	-1	-1	3
873	0.601652	50.332	47	1.07089	-0.022028	0.0257788	-1	-1	3
878	0.601652	53.4894	47	1.13807	-0.0309246	0.0254228	-1	-1	3
880	0.601652	49.2954	47	1.04884	-0.0059074	0.0262576	-1	-1	3
886	0.601652	65.8277	47	1.40059	-0.0250448	0.0256456	-1	-1	3
890	0.601652	42.8537	47	0.911781	0.00622549	0.0265308	-1	-1	3
900	0.601652	63.8331	47	1.35815	-0.040867	0.0251023	-1	-1	3
901	0.601652	71.1393	47	1.5136	-0.0322389	0.025353	-1	-1	3
906	0.601652	45.7137	47	0.972633	0.0960684	0.0297045	-1	-1	3
917	0.601652	47.8937	47	1.01901	0.0422734	0.0277951	-1	-1	3
921	0.601652	46.6672	47	0.992919	0.0466214	0.0279612	-1	-1	3
931	0.601652	30.7842	47	0.654982	0.0107727	0.0267373	-1	-1	3
940	0.601652	53.6851	47	1.14224	0.0162918	0.026918	-1	-1	3
968	0.601652	43.2116	47	0.919397	0.0113498	0.0267929	-1	-1	3
969	0.601652	42.4982	47	0.904217	0.0502406	0.028187	-1	-1	3
978	0.601652	68.3589	47	1.45444	-0.0282396	0.0255515	-1	-1	3
993	0.601652	42.2096	47	0.898076	0.00412787	0.0265371	-1	-1	3
994	0.601652	54.021	47	1.14938	-0.0471388	0.0248686	-1	-1	3
996	0.601652	36.2065	47	0.770351	0.00451206	0.0265256	-1	-1	3
998	0.601652	51.4823	47	1.09537	-0.00353647	0.0263549	-1	-1	3
1003	0.601652	30.3741	47	0.646258	0.0167796	0.0269379	-1	-1	3
1007	0.601652	42.4888	47	0.904016	-0.0128075	0.0259392	-1	-1	3
1009	0.601652	79.6563	47	1.69482	-0.0113499	0.0260553	-1	-1	3
1010	0.601652	45.7457	47	0.973313	-0.0276742	0.0254984	-1	-1	3
1017	0.601652	47.9702	47	1.02064	-0.0333961	0.0253795	-1	-1	3
1055	0.601652	51.6865	47	1.09971	-0.0108247	0.0260854	-1	-1	3
1061	0.601652	55.4039	47	1.17881	0.0311295	0.0275091	-1	-1	3
1062	0.601652	50.9063	47	1.08311	0.020838	0.0270204	-1	-1	3
1065	0.601652	39.7453	47	0.845645	0.0395567	0.0277164	-1	-1	3
1072	0.601652	48.1536	47	1.02454	-0.0613834	0.0245122	-1	-1	3
1076	0.601652	61.8877	47	1.31676	0.0219989	0.0271457	-1	-1	3
1085	0.601652	51.8068	47	1.10227	-0.0661383	0.0242156	-1	-1	3
1093	0.601652	65.3476	47	1.39037	-0.068573	0.0241686	-1	-1	3
1107	0.601652	44.1235	47	0.938799	0.0505027	0.0281176	-1	-1	3
1138	0.601652	51.2643	47	1.09073	-0.0172613	0.0258836	-1	-1	3
1141	0.601652	36.5337	47	0.777314	-0.046597	0.0249059	-1	-1	3
1143	0.601652	45.549	47	0.969128	-0.0161755	0.0258681	-1	-1	3
1149	0.601652	51.6025	47	1.09793	0.00228847	0.0265075	-1	-1	3
1155	0.601652	51.9972	47	1.10632	-0.0525321	0.0246988	-1	-1	3
1158	0.601652	40.1824	47	0.854944	-0.038589	0.0251666	-1	-1	3
1167	0.601652	50.0889	47	1.06572	-0.0224153	0.0256832	-1	-1	3
1172	0.601652	55.8261	47	1.18779	-0.0199796	0.0256891	-1	-1	3
1177	0.601652	56.6367	47	1.20504	0.0763667	0.0289734	-1	-1	3
1181	0.601652	44.8434	47	0.954114	0.0595349	0.0284268	-1	-1	3
1186	0.601652	45.0295	47	0.958074	0.0268085	0.0273212	-1	-1	3
1199	0.601652	40.0807	47	0.852781	0.0125883	0.0268506	-1	-1	3
1222	0.601652	41.4129	47	0.881125	0.00196353	0.0264143	-1	-1	3
1227	0.601652	35.1239	47	0.747317	-0.0459798	0.0249148	-1	-1	3
1228	0.601652	46.9649	47	0.999254	0.00184911	0.0263437	-1	-1	3
1231	0.601652	30.3032	47	0.644749	-0.0292366	0.0254519	-1	-1	3
1234	0.601652	57.7056	47	1.22778	-0.035266	0.0252603	-1	-1	3
1236	0.601652	49.9464	47	1.06269	-0.0646755	0.0243281	-1	-1	3
1239	0.601652	44.8702	47	0.954685	-0.014401	0.0259496	-1	-1	3
1244	0.601652	37.1538	47	0.790507	-0.0276051	0.0254678	-1	-1	3
1256	0.601652	41.6891	47	0.887002	0.0652388	0.0286296	-1	-1	3
1265	0.601652	45.3281	47	0.964427	0.0401362	0.0277976	-1	-1	3
1278	0.601652	50.4442	47	1.07328	0.00846809	0.0266638	-1	-1	3
1282	0.601652	49.2381	47	1.04762	0.0379841	0.0275877	-1	-1	3
1288	0.601652	37.4192	47	0.796154	0.0139097	0.0268073	-1	-1	3
1289	0.601652	43.1044	47	0.917115	0.0340126	0.0275304	-1	-1	3
1290	0.601652	34.5884	47	0.735923	0.00253061	0.026475	-1	-1	3
1298	0.601652	28.4947	47	0.60627	0.0020144	0.0264721	-1	-1	3
1301	0.601652	47.2502	47	1.00532	-0.0198837	0.0257873	-1	-1	3
1302	0.601652	32.1619	47	0.684295	-0.00440869	0.0261714	-1	-1	3
1303	0.601652	49.556	47	1.05438	0.0095109	0.0266908	-1	-1	3
1326	0.601652	61.0508	47	1.29895	-0.0023262	0.0264096	-1	-1	3
1337	0.601652	61.1607	47	1.30129	0.0556421	0.0282396	-1	-1	3
1341	0.601652	50.2957	47	1.07012	0.0492926	0.0279873	-1	-1	3
1343	0.601652	40.3326	47	0.858141	0.0116097	0.0267693	-1	-1	3
1345	0.601652	29.5802	47	0.629366	0.0170772	0.0269633	-1	-1	3
1349	0.601652	54.8219	47	1.16642	0.0483133	0.0280514	-1	-1	3
1351	0.601652	59.3929	47	1.26368	-0.00572342	0.0262696	-1	-1	3
1357	0.601652	58.0411	47	1.23492	-0.0027961	0.0262501	-1	-1	3
1359	0.601652	53.3821	47	1.13579	0.0444189	0.0278013	-1	-1	3
1362	0.601652	36.6319	47	0.779402	-0.0352394	0.0252305	-1	-1	3
1363	0.601652	48.8848	47	1.0401	-0.0216871	0.025625	-1	-1	3
1368	0.601652	45.6366	47	0.970992	-0.0266876	0.0255759	-1	-1	3
1369	0.601652	54.1499	47	1.15213	0.0275666	0.0272867	-1	-1	3
1376	0.601652	69.094	47	1.47008	-0.0233442	0.0256647	-1	-1	3
1382	0.601652	41.036	47	0.873106	-0.0142147	0.0259376	-1	-1	3
1383	0.601652	45.3747	47	0.96542	-0.00605167	0.0261665	-1	-1	3
1409	0.601652	37.6195	47	0.800415	0.0547849	0.0282623	-1	-1	3
1422	0.601652	43.8692	47	0.933388	0.0278174	0.0272571	-1	-1	3
1429	0.601652	54.1464	47	1.15205	0.0114935	0.0267573	-1	-1	3
1431	0.601652	39.0386	47	0.830609	0.0512613	0.0280367	-1	-1	3
1434	0.601652	36.2449	47	0.771168	-0.010724	0.0260236	-1	-1	3
1438	0.601652	35.9207	47	0.76427	-0.00836249	0.0260892	-1	-1	3
1439	0.601652	39.4058	47	0.838422	0.00203623	0.0264264	-1	-1	3
1443	0.601652	43.2369	47	0.919934	-0.00275543	0.0263221	-1	-1	3
1444	0.601652	53.9332	47	1.14752	-0.0313107	0.0253739	-1	-1	3
1445	0.601652	46.3895	47	0.987011	-0.0259004	0.0255528	-1	-1	3
1447	0.601652	65.9045	47	1.40222	0.0529846	0.0281174	-1	-1	3
1453	0.601652	60.2568	47	1.28206	-0.021227	0.0257137	-1	-1	3
1473	0.601652	53.9625	47	1.14814	-0.103118	0.0230664	-1	-1	3
1479	0.601652	84.6103	47	1.80022	0.107287	0.030033	-1	-1	3
1497	0.601652	49.2659	47	1.04821	0.00965278	0.0267546	-1	-1	3
1503	0.601652	65.5094	47	1.39382	0.0350922	0.0274537	-1	-1	3
1505	0.601652	36.1374	47	0.768882	0.0101492	0.0266965	-1	-1	3
1507	0.601652	38.7103	47	0.823623	0.022878	0.0271143	-1	-1	3
1509	0.601652	36.5122	47	0.776855	0.02767	0.0272576	-1	-1	3
1510	0.601652	33.4831	47	0.712405	-0.0272644	0.0255467	-1	-1	3
1511	0.601652	56.09	47	1.1934	0.00259849	0.026477	-1	-1	3
1514	0.601652	38.0424	47	0.809413	0.00704528	0.0266677	-1	-1	3
1516	0.601652	49.0956	47	1.04459	0.0400705	0.027642	-1	-1	3
1519	0.601652	43.4208	47	0.923846	-0.0105804	0.0260721	-1	-1	3
1520	0.601652	51.6736	47	1.09944	-0.0118189	0.0259621	-1	-1	3
1526	0.601652	73.3085	47	1.55975	0.0375696	0.027524	-1	-1	3
1528	0.601652	41.0047	47	0.87244	-0.0223742	0.025678	-1	-1	3
1536	0.601652	41.0821	47	0.874087	0.0247231	0.0271372	-1	-1	3
1539	0.601652	50.2835	47	1.06986	-0.0230899	0.0256247	-1	-1	3
1553	0.601652	47.6236	47	1.01327	0.0782299	0.0289452	-1	-1	3
1558	0.601652	39.3286	47	0.836778	0.0167377	0.0270319	-1	-1	3
1564	0.601652	47.7445	47	1.01584	-0.0186405	0.0257893	-1	-1	3
1570	0.601652	53.1939	47	1.13178	0.0218629	0.0271244	-1	-1	3
1576	0.601652	41.5316	47	0.883651	0.0016289	0.0264258	-1	-1	3
1579	0.601652	56.5062	47	1.20226	0.000599569	0.0264191	-1	-1	3
1581	0.601652	40.1582	47	0.85443	0.02585	0.0271865	-1	-1	3
1583	0.601652	58.106	47	1.2363	-0.00271777	0.0262158	-1	-1	3
1584	0.601652	36.0108	47	0.766188	0.00606801	0.0265166	-1	-1	3
1590	0.601652	65.6331	47	1.39645	-0.0359998	0.025216	-1	-1	3
1591	0.601652	35.6086	47	0.757631	-0.0138618	0.0259777	-1	-1	3
1595	0.601652	42.7702	47	0.910004	-0.0113031	0.0259705	-1	-1	3
1596	0.601652	65.5408	47	1.39448	-0.0394241	0.0251334	-1	-1	3
1598	0.601652	46.694	47	0.99349	-0.0192716	0.0257925	-1	-1	3
1602	0.601652	64.6879	47	1.37634	-0.0228521	0.0256131	-1	-1	3
1609	0.601652	44.915	47	0.955638	-0.0433982	0.0248535	-1	-1	3
1610	0.601652	50.671	47	1.07811	-0.0205665	0.025588	-1	-1	3
1621	0.601652	42.5308	47	0.904911	0.0216373	0.027045	-1	-1	3
1622	0.601652	66.0493	47	1.4053	-0.086461	0.0235645	-1	-1	3
1623	0.601652	59.7272	47	1.27079	-0.0857581	0.0236302	-1	-1	3
1640	0.601652	38.1068	47	0.810783	0.0445647	0.027847	-1	-1	3
1645	0.601652	40.1321	47	0.853875	0.0298017	0.0274111	-1	-1	3
1650	0.601652	43.7304	47	0.930435	-0.00139097	0.0263151	-1	-1	3
1654	0.601652	26.2671	47	0.558875	0.0336647	0.0274699	-1	-1	3
1656	0.601652	46.0401	47	0.979576	0.000665123	0.0263572	-1	-1	3
1659	0.601652	46.0087	47	0.978908	-0.0144106	0.0259253	-1	-1	3
1662	0.601652	58.8665	47	1.25248	0.000517148	0.0263801	-1	-1	3
1663	0.601652	61.0119	47	1.29813	0.0143553	0.0268169	-1	-1	3
1664	0.601652	35.32	47	0.751489	-0.0305583	0.0254059	-1	-1	3
1666	0.601652	41.6962	47	0.887153	0.00628327	0.0266074	-1	-1	3
1667	0.601652	61.878	47	1.31655	-0.0103603	0.026085	-1	-1	3
1668	0.601652	60.4875	47	1.28697	-0.00151631	0.0263788	-1	-1	3
1673	0.601652	60.6967	47	1.29142	0.00366972	0.0264174	-1	-1	3
1676	0.601652	45.3257	47	0.964376	-0.00904279	0.0259822	-1	-1	3
1680	0.601652	59.5637	47	1.26731	-0.0460344	0.0249514	-1	-1	3
1684	0.601652	39.8088	47	0.846996	0.0108966	0.026758	-1	-1	3
1685	0.601652	49.6583	47	1.05656	-0.0295074	0.0254206	-1	-1	3
1688	0.601652	33.4935	47	0.712627	-0.00813333	0.02611	-1	-1	3
1691	0.601652	53.6335	47	1.14114	-0.0577858	0.0245082	-1	-1	3
1695	0.601652	49.0999	47	1.04468	0.0359502	0.0276263	-1	-1	3
1701	0.601652	35.3424	47	0.751967	-0.0326532	0.0253619	-1	-1	3
1714	0.601652	54.835	47	1.1667	-0.0596812	0.0244798	-1	-1	3
1734	0.601652	38.1737	47	0.812207	-0.00685519	0.0261957	-1	-1	3
1742	0.601652	51.4079	47	1.09379	-0.0399476	0.025193	-1	-1	3
1745	0.601652	43.7602	47	0.931068	-0.0133299	0.0259643	-1	-1	3
1747	0.601652	52.1218	47	1.10897	-0.0612497	0.0244146	-1	-1	3
1748	0.601652	57.7425	47	1.22856	-0.0357237	0.0252141	-1	-1	3
1751	0.601652	37.7098	47	0.802336	0.00651304	0.0265776	-1	-1	3
1753	0.601652	47.0885	47	1.00188	-0.0253448	0.0255448	-1	-1	3
1754	0.601652	34.1388	47	0.726357	-0.018703	0.0258317	-1	-1	3
1756	0.601652	29.1606	47	0.620439	-0.00795149	0.0260973	-1	-1	3
1760	0.601652	45.1355	47	0.96033	0.0404382	0.0276595	-1	-1	3
1765	0.601652	59.6612	47	1.26939	-0.0362149	0.0251962	-1	-1	3
1766	0.601652	52.8284	47	1.12401	-0.00146067	0.0263022	-1	-1	3
1769	0.601652	48.0945	47	1.02329	0.0264798	0.0272024	-1	-1	3
1771	0.601652	54.3443	47	1.15626	-0.0181713	0.025803	-1	-1	3
1774	0.601652	42.7232	47	0.909004	-0.0566968	0.0245845	-1	-1	3
1783	0.601652	38.1696	47	0.812119	-0.0270656	0.025526	-1	-1	3
1825	0.601652	56.7786	47	1.20806	0.0691425	0.0287152	-1	-1	3
1827	0.601652	57.1465	47	1.21588	0.0751387	0.0288347	-1	-1	3
1830	0.601652	56.7756	47	1.20799	0.0903366	0.0293247	-1	-1	3
1834	0.601652	54.0229	47	1.14942	0.0398547	0.0277319	-1	-1	3
1836	0.601652	61.2743	47	1.30371	0.077278	0.0289868	-1	-1	3
1839	0.601652	20.3093	47	0.432113	-0.00752566	0.0260845	-1	-1	3
1841	0.601652	43.6876	47	0.929523	0.0488464	0.0279591	-1	-1	3
1844	0.601652	52.8911	47	1.12534	0.0256071	0.0271926	-1	-1	3
1849	0.601652	54.9407	47	1.16895	-0.0578866	0.0245483	-1	-1	3
1850	0.601652	59.0967	47	1.25738	0.0299685	0.0273196	-1	-1	3
1852	0.601652	53.9879	47	1.14868	-0.00912728	0.0260345	-1	-1	3
1854	0.601652	36.1449	47	0.769039	0.00340944	0.0264932	-1	-1	3
1855	0.601652	49.5712	47	1.05471	-0.00197018	0.0262877	-1	-1	3
1862	0.601652	48.7121	47	1.03643	-0.0534032	0.0246248	-1	-1	3
1866	0.601652	72.6081	47	1.54485	-0.0325026	0.0253234	-1	-1	3
1873	0.601652	48.0305	47	1.02193	-0.0346339	0.0251844	-1	-1	3
1881	0.601652	36.5685	47	0.778054	-0.0247126	0.0255702	-1	-1	3
1889	0.601652	54.7816	47	1.16556	-0.0916345	0.0234547	-1	-1	3
1895	0.601652	65.5008	47	1.39363	0.0347187	0.0274853	-1	-1	3
1897	0.601652	50.4676	47	1.07378	0.0295337	0.0273718	-1	-1	3
1899	0.601652	37.0505	47	0.78831	0.0214838	0.0270964	-1	-1	3
1912	0.601652	44.2642	47	0.941791	-0.00830247	0.0260752	-1	-1	3
1916	0.601652	47.5237	47	1.01114	0.0053489	0.0265162	-1	-1	3
1918	0.601652	38.7796	47	0.825098	-0.00707848	0.0261257	-1	-1	3
1919	0.601652	35.7532	47	0.760707	-0.0214073	0.0257019	-1	-1	3
1921	0.601652	24.7512	47	0.526622	0.0224323	0.0270334	-1	-1	3
1923	0.601652	44.1309	47	0.938956	0.0162362	0.0268046	-1	-1	3
1924	0.601652	42.6797	47	0.908078	-0.000519177	0.0263518	-1	-1	3
1928	0.601652	41.5448	47	0.883931	-0.021029	0.0257295	-1	-1	3
1931	0.601652	62.251	47	1.32449	0.000110614	0.0263794	-1	-1	3
1938	0.601652	49.3819	47	1.05068	0.00508716	0.0264319	-1	-1	3
1972	0.601652	42.1466	47	0.896736	0.0478298	0.0279306	-1	-1	3
1974	0.601652	41.827	47	0.889936	0.00379735	0.0264939	-1	-1	3
1975	0.601652	56.0349	47	1.19223	0.0114013	0.0266846	-1	-1	3
1977	0.601652	28.9545	47	0.616054	0.023853	0.0271329	-1	-1	3
1979	0.601652	49.6257	47	1.05587	0.0632165	0.0284157	-1	-1	3
1989	0.601652	39.857	47	0.848022	-0.0131246	0.0259264	-1	-1	3
1990	0.601652	41.4189	47	0.881253	-0.00865434	0.0261335	-1	-1	3
1991	0.601652	58.3952	47	1.24245	0.0333434	0.0274004	-1	-1	3
1994	0.601652	36.5901	47	0.778513	0.0373934	0.0276047	-1	-1	3
1995	0.601652	37.6898	47	0.801912	-0.0211882	0.0256532	-1	-1	3
1996	0.601652	37.184	47	0.791149	-0.00632882	0.0261451	-1	-1	3
2005	0.601652	35.997	47	0.765894	-0.0272194	0.0254083	-1	-1	3
2006	0.601652	57.0207	47	1.21321	0.00690183	0.0265959	-1	-1	3
2010	0.601652	41.1926	47	0.876438	-0.0370962	0.0251651	-1	-1	3
2015	0.601652	27.1376	47	0.577397	-0.0261927	0.025477	-1	-1	3
2016	0.601652	43.0535	47	0.916032	-0.00887205	0.0261198	-1	-1	3
2029	0.601652	48.673	47	1.0356	-0.108988	0.022887	-1	-1	3
2039	0.601652	53.6541	47	1.14158	-0.0471891	0.0247785	-1	-1	3
2056	0.601652	38.2274	47	0.813348	0.0178196	0.0269526	-1	-1	3
2058	0.601652	53.1269	47	1.13036	0.0778785	0.0289045	-1	-1	3
2064	0.601652	45.4131	47	0.966236	0.0633457	0.0284606	-1	-1	3
2066	0.601652	54.1124	47	1.15133	0.0303875	0.0273324	-1	-1	3
2067	0.601652	77.428	47	1.6474	0.0722925	0.0287527	-1	-1	3
2068	0.601652	39.7135	47	0.844968	-0.0192792	0.0257161	-1	-1	3
2072	0.601652	43.1393	47	0.917857	0.0696063	0.0286561	-1	-1	3
2076	0.601652	45.9805	47	0.978308	0.0120715	0.0266978	-1	-1	3
2078	0.601652	34.6648	47	0.737548	0.0150792	0.0268594	-1	-1	3
2079	0.601652	38.8706	47	0.827034	0.0531771	0.028076	-1	-1	3
2082	0.601652	44.6466	47	0.949927	0.0240313	0.0271057	-1	-1	3
2084	0.601652	56.5801	47	1.20383	0.00124613	0.0263463	-1	-1	3
2087	0.601652	35.4781	47	0.754852	-0.0379181	0.0250945	-1	-1	3
2090	0.601652	42.8208	47	0.911082	-0.0199527	0.0256791	-1	-1	3
2091	0.601652	44.6036	47	0.949014	0.024907	0.0271106	-1	-1	3
2092	0.601652	36.6309	47	0.779381	-0.000374409	0.0263247	-1	-1	3
2094	0.601652	36.5162	47	0.776941	-0.0417441	0.0249734	-1	-1	3
2095	0.601652	32.7303	47	0.696389	-0.0255754	0.0255629	-1	-1	3
2096	0.601652	34.3719	47	0.731317	-0.0566097	0.0245204	-1	-1	3
2099	0.601652	47.1262	47	1.00268	0.00254292	0.0264296	-1	-1	3
2104	0.601652	53.4054	47	1.13629	-0.0118058	0.0259584	-1	-1	3
2108	0.601652	39.2769	47	0.835679	0.0272983	0.027237	-1	-1	3
2114	0.601652	33.2699	47	0.707871	0.00484431	0.0264758	-1	-1	3
2118	0.601652	43.3208	47	0.921719	0.0118507	0.0266063	-1	-1	3
2161	0.601652	42.1309	47	0.896403	0.0285007	0.0272622	-1	-1	3
2163	0.601652	40.5315	47	0.862372	-0.0508907	0.0247237	-1	-1	3
2165	0.601652	46.0377	47	0.979527	-0.00677545	0.0261512	-1	-1	3
2166	0.601652	56.3203	47	1.1983	-0.00673052	0.0261206	-1	-1	3
2168	0.601652	50.7324	47	1.07941	-0.0226457	0.0256363	-1	-1	3
2170	0.601652	40.2137	47	0.85561	0.00667249	0.0265786	-1	-1	3
2174	0.601652	58.2654	47	1.23969	0.000615246	0.0263082	-1	-1	3
2175	0.601652	47.4251	47	1.00904	-0.0488312	0.0247823	-1	-1	3
2177	0.601652	43.9336	47	0.934757	-0.00610584	0.0261042	-1	-1	3
2179	0.601652	59.1594	47	1.25871	-0.0111219	0.0259382	-1	-1	3
2192	0.601652	61.4387	47	1.30721	-0.0525601	0.0246652	-1	-1	3
2197	0.601652	31.8065	47	0.676734	-0.0493743	0.0247114	-1	-1	3
2198	0.601652	38.9091	47	0.827854	0.00185377	0.0263056	-1	-1	3
2215	0.601652	58.2706	47	1.2398	0.0575342	0.0282413	-1	-1	3
2217	0.601652	51.3878	47	1.09336	0.0610142	0.0283521	-1	-1	3
2225	0.601652	43.6418	47	0.928549	0.0714413	0.0287037	-1	-1	3
2228	0.601652	42.6394	47	0.907222	0.00736078	0.0265433	-1	-1	3
2231	0.601652	63.3211	47	1.34726	0.0411962	0.027671	-1	-1	3
2235	0.601652	39.7077	47	0.844845	0.0393678	0.0276182	-1	-1	3
2237	0.601652	45.9478	47	0.977612	-0.00100576	0.0263065	-1	-1	3
2238	0.601652	43.6739	47	0.929233	0.00933142	0.0266203	-1	-1	3
2242	0.601652	43.5958	47	0.92757	0.0373095	0.0274758	-1	-1	3
2243	0.601652	38.3206	47	0.815331	0.0497048	0.027936	-1	-1	3
2245	0.601652	49.1716	47	1.0462	-0.0126613	0.0260087	-1	-1	3
2246	0.601652	33.2719	47	0.707913	-0.00366931	0.0261992	-1	-1	3
2248	0.601652	64.78	47	1.3783	0.0775749	0.0289412	-1	-1	3
2249	0.601652	41.5026	47	0.883033	0.00800225	0.0265655	-1	-1	3
2253	0.601652	39.1103	47	0.832133	-0.0219	0.0256194	-1	-1	3
2254	0.601652	55.1772	47	1.17398	-0.00545943	0.0261993	-1	-1	3
2255	0.601652	38.5663	47	0.820559	-0.0435161	0.0249539	-1	-1	3
2256	0.601652	48.1917	47	1.02535	0.0154806	0.026765	-1	-1	3
2258	0.601652	26.0233	47	0.553687	-0.0292006	0.025385	-1	-1	3
2267	0.601652	45.454	47	0.967107	0.00803419	0.0265813	-1	-1	3
2269	0.601652	38.816	47	0.825872	-0.0413423	0.024928	-1	-1	3
2270	0.601652	45.8373	47	0.975261	-0.0193561	0.0257211	-1	-1	3
2272	0.601652	49.2895	47	1.04871	-0.0447559	0.0248585	-1	-1	3
2276	0.601652	31.5683	47	0.671667	-0.0708027	0.0240104	-1	-1	3
2288	0.601652	36.9935	47	0.787096	-0.0966306	0.0233044	-1	-1	3
2307	0.601652	55.1357	47	1.1731	-0.00304509	0.0262789	-1	-1	3
2308	0.601652	30.6027	47	0.651121	0.0260841	0.0270642	-1	-1	3
2309	0.601652	59.583	47	1.26772	0.0150003	0.0268725	-1	-1	3
2310	0.601652	62.0088	47	1.31934	0.0651224	0.0285494	-1	-1	3
2312	0.601652	40.6189	47	0.864231	0.0113448	0.0266654	-1	-1	3
2317	0.601652	46.4223	47	0.987709	0.07319	0.0287295	-1	-1	3
2318	0.601652	42.7037	47	0.90859	0.0404724	0.0276409	-1	-1	3
2320	0.601652	34.3017	47	0.729824	0.0657405	0.0284288	-1	-1	3
2325	0.601652	54.0193	47	1.14935	0.0467037	0.0278787	-1	-1	3
2326	0.601652	46.3635	47	0.986459	0.0260851	0.0272044	-1	-1	3
2329	0.601652	50.9139	47	1.08328	0.0057567	0.0265763	-1	-1	3
2330	0.601652	37.0848	47	0.789039	0.0163831	0.0268046	-1	-1	3
2332	0.601652	61.5836	47	1.31029	0.00964476	0.0266315	-1	-1	3
2333	0.601652	43.2122	47	0.919409	0.0269251	0.0272006	-1	-1	3
2334	0.601652	49.274	47	1.04838	0.0354514	0.0275138	-1	-1	3
2335	0.601652	38.4675	47	0.818457	0.0185322	0.026932	-1	-1	3
2338	0.601652	53.6592	47	1.14168	-0.0469895	0.0248158	-1	-1	3
2339	0.601652	46.4752	47	0.988834	-0.0111894	0.0259108	-1	-1	3
2340	0.601652	40.3345	47	0.858181	0.00520508	0.0265137	-1	-1	3
2341	0.601652	52.3382	47	1.11358	0.0545176	0.0281304	-1	-1	3
2343	0.601652	36.9188	47	0.785507	-0.0140102	0.0259081	-1	-1	3
2344	0.601652	58.1823	47	1.23792	0.0105549	0.0266819	-1	-1	3
2347	0.601652	73.3672	47	1.561	-0.0267683	0.0254435	-1	-1	3
2348	0.601652	44.0595	47	0.937436	0.0189368	0.0269323	-1	-1	3
2349	0.601652	63.137	47	1.34334	-0.000801873	0.0262243	-1	-1	3
2350	0.601652	43.2463	47	0.920134	-0.000395807	0.0263262	-1	-1	3
2352	0.601652	47.5587	47	1.01189	0.0447856	0.0276907	-1	-1	3
2354	0.601652	35.7744	47	0.761158	0.0420291	0.0276557	-1	-1	3
2356	0.601652	47.4532	47	1.00964	0.0280004	0.0272196	-1	-1	3
2357	0.601652	45.3682	47	0.965281	-0.000943495	0.0263008	-1	-1	3
2360	0.601652	47.4482	47	1.00954	-0.0490558	0.0247333	-1	-1	3
2362	0.601652	40.1093	47	0.85339	-0.00447285	0.0261731	-1	-1	3
2370	0.601652	50.3424	47	1.07111	-0.0273815	0.0254274	-1	-1	3
2373	0.601652	38.5474	47	0.820157	-0.00342184	0.0261847	-1	-1	3
2375	0.601652	53.0994	47	1.12977	-0.038446	0.0250774	-1	-1	3
2380	0.601652	38.3785	47	0.816564	-0.0176267	0.025757	-1	-1	3
2383	0.601652	39.9629	47	0.850274	-0.0784433	0.0237963	-1	-1	3
2384	0.601652	54.308	47	1.15549	-0.0310433	0.0253451	-1	-1	3
2403	0.601652	55.8693	47	1.18871	0.0728783	0.0287415	-1	-1	3
2407	0.601652	35.7722	47	0.761111	0.0977065	0.0295154	-1	-1	3
2408	0.601652	41.2687	47	0.878058	0.0266236	0.0272706	-1	-1	3
2411	0.601652	58.8842	47	1.25285	0.0206649	0.0270258	-1	-1	3
2414	0.601652	47.1839	47	1.00391	0.0436341	0.0277561	-1	-1	3
2415	0.601652	42.9581	47	0.914001	0.0582768	0.0281973	-1	-1	3
2422	0.601652	39.4963	47	0.840347	0.00850568	0.0266407	-1	-1	3
2423	0.601652	43.7958	47	0.931826	0.0222701	0.0269813	-1	-1	3
2424	0.601652	47.6567	47	1.01397	0.00392958	0.0264514	-1	-1	3
2425	0.601652	45.1888	47	0.961463	-0.025656	0.0254708	-1	-1	3
2426	0.601652	41.8775	47	0.891011	0.039754	0.0275993	-1	-1	3
2428	0.601652	42.9487	47	0.913801	0.0160622	0.0268426	-1	-1	3
2429	0.601652	36.4398	47	0.775315	0.0479029	0.0279303	-1	-1	3
2433	0.601652	38.9232	47	0.828153	0.0265384	0.0272124	-1	-1	3
2434	0.601652	37.0409	47	0.788105	-0.0472417	0.0247942	-1	-1	3
2435	0.601652	67.4642	47	1.43541	-0.0111555	0.025983	-1	-1	3
2436	0.601652	52.5493	47	1.11807	0.00114481	0.0263971	-1	-1	3
2438	0.601652	28.3753	47	0.60373	0.0202549	0.0270003	-1	-1	3
2442	0.601652	46.6375	47	0.992288	-0.000341154	0.0262334	-1	-1	3
2443	0.601652	37.454	47	0.796894	0.0609338	0.0283006	-1	-1	3
2444	0.601652	37.9668	47	0.807805	-0.0347776	0.0252159	-1	-1	3
2445	0.601652	52.2109	47	1.11087	-0.004358	0.0262555	-1	-1	3
2448	0.601652	58.6613	47	1.24811	-0.0315574	0.0253347	-1	-1	3
2451	0.601652	55.8234	47	1.18773	0.0483325	0.0278009	-1	-1	3
2452	0.601652	56.8706	47	1.21001	-0.0501394	0.0247393	-1	-1	3
2456	0.601652	52.1002	47	1.10851	-0.0494827	0.0247177	-1	-1	3
2459	0.601652	69.2964	47	1.47439	-0.0261508	0.0253933	-1	-1	3
2473	0.601652	56.6942	47	1.20626	-0.0472972	0.024789	-1	-1	3
2475	0.601652	48.7748	47	1.03776	-0.0308708	0.0252604	-1	-1	3
2490	0.601652	33.3339	47	0.709232	0.0500928	0.028023	-1	-1	3
2494	0.601652	52.1638	47	1.10987	0.0649383	0.0284138	-1	-1	3
2495	0.601652	62.3262	47	1.32609	0.0312011	0.0273174	-1	-1	3
2496	0.601652	54.2638	47	1.15455	0.0288455	0.0272286	-1	-1	3
2498	0.601652	48.0051	47	1.02138	0.0454914	0.0278087	-1	-1	3
2503	0.601652	42.5118	47	0.904507	0.0420568	0.0277505	-1	-1	3
2506	0.601652	35.8494	47	0.762753	-0.0486145	0.0248373	-1	-1	3
2510	0.601652	58.4273	47	1.24313	-0.0116079	0.025942	-1	-1	3
2511	0.601652	60.0302	47	1.27724	0.0581978	0.0282269	-1	-1	3
2512	0.601652	39.3454	47	0.837137	-0.00746358	0.0260184	-1	-1	3
2513	0.601652	51.1996	47	1.08935	0.0270086	0.027244	-1	-1	3
2514	0.601652	29.7084	47	0.632093	0.015642	0.0268221	-1	-1	3
2522	0.601652	44.9508	47	0.9564	-0.0314284	0.025303	-1	-1	3
2523	0.601652	40.1577	47	0.85442	-0.0536044	0.0246129	-1	-1	3
2524	0.601652	50.1732	47	1.06751	0.0137793	0.0268022	-1	-1	3
2525	0.601652	52.0681	47	1.10783	-0.0059042	0.0261459	-1	-1	3
2526	0.601652	57.2614	47	1.21833	-0.0106582	0.0259298	-1	-1	3
2527	0.601652	42.9967	47	0.914824	0.00260546	0.0263967	-1	-1	3
2528	0.601652	64.1421	47	1.36472	-0.0200253	0.0257017	-1	-1	3
2531	0.601652	50.022	47	1.0643	-0.0583124	0.0244468	-1	-1	3
2532	0.601652	51.1459	47	1.08821	-0.0411669	0.0249838	-1	-1	3
2533	0.601652	44.3611	47	0.943853	-0.0173144	0.0257615	-1	-1	3
2536	0.601652	33.9403	47	0.722133	-0.00883273	0.0260254	-1	-1	3
2538	0.601652	70.3001	47	1.49575	-0.0125361	0.0258599	-1	-1	3
2541	0.601652	53.6153	47	1.14075	-0.063123	0.0243395	-1	-1	3
2543	0.601652	41.7831	47	0.889003	-0.0723488	0.0240624	-1	-1	3
2547	0.601652	42.2269	47	0.898444	-0.028804	0.0253553	-1	-1	3
2548	0.601652	51.7278	47	1.10059	-0.0275549	0.0255033	-1	-1	3
2549	0.601652	57.679	47	1.22721	-0.0443054	0.0248636	-1	-1	3
2550	0.601652	55.6172	47	1.18335	-0.0872755	0.0235208	-1	-1	3
2551	0.601652	36.285	47	0.772021	-0.0204568	0.0256719	-1	-1	3
2552	0.601652	39.7443	47	0.845622	-0.04799	0.0247665	-1	-1	3
2558	0.601652	54.9801	47	1.16979	-0.0769951	0.0238453	-1	-1	3
2575	0.601652	40.8616	47	0.869396	0.0854709	0.0290954	-1	-1	3
2576	0.601652	44.3868	47	0.9444	0.0392192	0.027624	-1	-1	3
2582	0.601652	50.6652	47	1.07798	0.0317121	0.027395	-1	-1	3
2583	0.601652	57.1189	47	1.21529	0.0138891	0.0267954	-1	-1	3
2585	0.601652	54.42	47	1.15787	0.0108988	0.0267106	-1	-1	3
2586	0.601652	47.2079	47	1.00442	0.0149602	0.0267864	-1	-1	3
2589	0.601652	55.7584	47	1.18635	0.0110699	0.0267121	-1	-1	3
2591	0.601652	41.2454	47	0.877562	0.0294735	0.0273347	-1	-1	3
2593	0.601652	28.4961	47	0.6063	0.0135401	0.0267215	-1	-1	3
2595	0.601652	51.4329	47	1.09432	0.0352522	0.0274959	-1	-1	3
2596	0.601652	34.4052	47	0.732025	0.0694463	0.0285696	-1	-1	3
2598	0.601652	43.3561	47	0.92247	-0.0334507	0.0252146	-1	-1	3
2601	0.601652	54.4767	47	1.15908	-0.0246949	0.0254602	-1	-1	3
2602	0.601652	47.6859	47	1.01459	-0.0336489	0.025274	-1	-1	3
2604	0.601652	57.9214	47	1.23237	-0.0522198	0.0246348	-1	-1	3
2605	0.601652	41.6158	47	0.885443	-0.00884518	0.0261043	-1	-1	3
2610	0.601652	35.9968	47	0.765889	-0.0365459	0.0251723	-1	-1	3
2611	0.601652	46.4459	47	0.988211	-0.00249126	0.026199	-1	-1	3
2613	0.601652	57.1572	47	1.21611	-0.0200988	0.0255703	-1	-1	3
2614	0.601652	39.4659	47	0.8397	0.0105295	0.0266657	-1	-1	3
2618	0.601652	57.4313	47	1.22194	-0.0299371	0.0253618	-1	-1	3
2625	0.601652	36.6492	47	0.779771	0.0245039	0.0270354	-1	-1	3
2626	0.601652	35.4452	47	0.754153	-0.0312437	0.0253124	-1	-1	3
2632	0.601652	51.2984	47	1.09146	-0.0362422	0.0251845	-1	-1	3
2636	0.601652	51.968	47	1.1057	-0.00967454	0.0259115	-1	-1	3
2660	0.601652	50.2881	47	1.06996	0.0501429	0.0279165	-1	-1	3
2664	0.601652	45.9923	47	0.978561	0.0663079	0.0285418	-1	-1	3
2668	0.601652	61.5191	47	1.30892	0.0553916	0.0282159	-1	-1	3
2672	0.601652	52.5327	47	1.11772	0.00170841	0.0263263	-1	-1	3
2673	0.601652	63.3134	47	1.34709	-0.0272178	0.0254263	-1	-1	3
2674	0.601652	42.3558	47	0.901188	0.0484408	0.0279141	-1	-1	3
2678	0.601652	42.8841	47	0.912428	0.048106	0.0278802	-1	-1	3
2680	0.601652	37.0361	47	0.788002	0.00571486	0.0264488	-1	-1	3
2681	0.601652	38.25	47	0.81383	0.0200086	0.026983	-1	-1	3
2683	0.601652	44.6944	47	0.950945	0.00133793	0.0263395	-1	-1	3
2688	0.601652	42.9278	47	0.913357	-0.00192288	0.0261488	-1	-1	3
2690	0.601652	53.7493	47	1.1436	-0.0169622	0.0257806	-1	-1	3
2696	0.601652	55.3787	47	1.17827	0.00873713	0.026557	-1	-1	3
2697	0.601652	38.8352	47	0.826282	-0.0276762	0.0254771	-1	-1	3
2698	0.601652	57.9486	47	1.23295	-0.0143768	0.0258313	-1	-1	3
2705	0.601652	39.5118	47	0.840677	-0.0550459	0.0245255	-1	-1	3
2706	0.601652	43.4548	47	0.924569	-0.0230239	0.025645	-1	-1	3
2709	0.601652	46.2421	47	0.983874	-0.0478139	0.0247507	-1	-1	3
2711	0.601652	48.7449	47	1.03712	-0.025505	0.0255247	-1	-1	3
2713	0.601652	39.0202	47	0.830216	-0.0207813	0.025702	-1	-1	3
2715	0.601652	44.3211	47	0.943001	-0.0168238	0.0257472	-1	-1	3
2719	0.601652	36.5274	47	0.777178	-0.0133324	0.0258556	-1	-1	3
2723	0.601652	30.3774	47	0.646327	-0.0265145	0.0253716	-1	-1	3
2724	0.601652	81.7649	47	1.73968	-0.0143017	0.0257803	-1	-1	3
2728	0.601652	41.0106	47	0.872566	-0.076906	0.0238447	-1	-1	3
2738	0.601652	48.582	47	1.03366	0.0629744	0.0283191	-1	-1	3
2739	0.601652	50.4021	47	1.07238	0.0336011	0.0274587	-1	-1	3
2748	0.601652	31.559	47	0.671468	0.0261292	0.0271386	-1	-1	3
2750	0.601652	46.8525	47	0.996861	0.0226478	0.0269914	-1	-1	3
2751	0.601652	48.6507	47	1.03512	0.0860038	0.0291307	-1	-1	3
2752	0.601652	43.7031	47	0.929854	0.0311356	0.0272934	-1	-1	3
2754	0.601652	36.9922	47	0.787068	0.00299449	0.026424	-1	-1	3
2755	0.601652	40.0543	47	0.85222	0.0452519	0.0278017	-1	-1	3
2757	0.601652	42.4621	47	0.903449	0.0234234	0.026991	-1	-1	3
2758	0.601652	55.5757	47	1.18246	0.0105049	0.0266263	-1	-1	3
2760	0.601652	48.7293	47	1.03679	0.0582849	0.0281781	-1	-1	3
2762	0.601652	40.1721	47	0.854725	0.00751644	0.02655	-1	-1	3
2763	0.601652	28.4479	47	0.605275	-0.0188601	0.0256722	-1	-1	3
2765	0.601652	35.9787	47	0.765504	0.0040175	0.0263709	-1	-1	3
2766	0.601652	36.6259	47	0.779275	0.017469	0.0268636	-1	-1	3
2769	0.601652	37.223	47	0.791979	0.0248058	0.0270374	-1	-1	3
2773	0.601652	37.8944	47	0.806264	-0.0196814	0.0256469	-1	-1	3
2774	0.601652	44.6075	47	0.949095	-0.0184015	0.0256814	-1	-1	3
2776	0.601652	37.3569	47	0.794827	-0.0101367	0.0259617	-1	-1	3
2777	0.601652	54.6522	47	1.16281	-0.0338221	0.0252421	-1	-1	3
2780	0.601652	41.1008	47	0.874485	0.00586399	0.026413	-1	-1	3
2781	0.601652	53.2809	47	1.13364	-0.0353073	0.0252252	-1	-1	3
2789	0.601652	53.6766	47	1.14206	-0.0299209	0.0253342	-1	-1	3
2791	0.601652	44.5112	47	0.947048	-0.020788	0.0255578	-1	-1	3
2793	0.601652	47.0873	47	1.00186	0.0320883	0.0272892	-1	-1	3
2799	0.601652	53.0974	47	1.12973	-0.0303324	0.0251938	-1	-1	3
2813	0.601652	41.6677	47	0.886547	0.0907351	0.0292637	-1	-1	3
2825	0.601652	55.1999	47	1.17447	0.0222767	0.0270199	-1	-1	3
2828	0.601652	41.2501	47	0.877662	0.0385558	0.0275321	-1	-1	3
2835	0.601652	41.5318	47	0.883655	-0.0503535	0.0247092	-1	-1	3
2836	0.601652	48.9449	47	1.04138	-0.00561295	0.0261468	-1	-1	3
2839	0.601652	43.3598	47	0.92255	0.0309442	0.0272683	-1	-1	3
2840	0.601652	66.1591	47	1.40764	0.0683028	0.0285646	-1	-1	3
2842	0.601652	59.8475	47	1.27335	0.0236909	0.02703	-1	-1	3
2843	0.601652	37.7925	47	0.804096	0.0101251	0.0265777	-1	-1	3
2844	0.601652	54.0839	47	1.15072	0.00327362	0.0263906	-1	-1	3
2850	0.601652	34.2491	47	0.728705	-0.00542273	0.0260919	-1	-1	3
2852	0.601652	55.9558	47	1.19055	-0.0349666	0.0251664	-1	-1	3
2854	0.601652	34.1075	47	0.725692	-0.0065116	0.0260387	-1	-1	3
2855	0.601652	42.4513	47	0.90322	-0.0501601	0.0247447	-1	-1	3
2856	0.601652	46.4083	47	0.98741	-0.0538541	0.0245523	-1	-1	3
2857	0.601652	53.2701	47	1.13341	0.00448999	0.0264542	-1	-1	3
2858	0.601652	44.2708	47	0.941932	0.010679	0.0265887	-1	-1	3
2860	0.601652	46.4786	47	0.988906	0.00365953	0.0264196	-1	-1	3
2861	0.601652	31.3135	47	0.666245	0.00307049	0.026388	-1	-1	3
2862	0.601652	37.9122	47	0.806643	-0.048917	0.0246999	-1	-1	3
2863	0.601652	46.7876	47	0.995481	0.00244898	0.0263828	-1	-1	3
2865	0.601652	46.1141	47	0.98115	0.0489745	0.0278936	-1	-1	3
2866	0.601652	42.0157	47	0.893951	-0.004548	0.026108	-1	-1	3
2868	0.601652	42.6039	47	0.906466	-0.0276154	0.0254184	-1	-1	3
2871	0.601652	48.487	47	1.03164	-0.0251821	0.0255277	-1	-1	3
2872	0.601652	73.5284	47	1.56443	-0.000261	0.0262571	-1	-1	3
2875	0.601652	40.3276	47	0.858034	0.000721145	0.0262498	-1	-1	3
2876	0.601652	47.8829	47	1.01879	0.00824882	0.0265388	-1	-1	3
2879	0.601652	47.1204	47	1.00256	-0.0316445	0.0252725	-1	-1	3
2885	0.601652	44.9576	47	0.956544	-0.0140694	0.0258878	-1	-1	3
2895	0.601652	37.8519	47	0.80536	-0.062779	0.0243102	-1	-1	3
2908	0.601652	47.2948	47	1.00627	0.0616927	0.0282894	-1	-1	3
2919	0.601652	48.3993	47	1.02977	0.010629	0.0266161	-1	-1	3
2924	0.601652	54.9646	47	1.16946	0.0810548	0.0290147	-1	-1	3
2928	0.601652	65.5936	47	1.39561	0.00763375	0.0266101	-1	-1	3
2929	0.601652	37.0714	47	0.788754	0.0134875	0.0267109	-1	-1	3
2931	0.601652	51.8157	47	1.10246	0.0304254	0.0272753	-1	-1	3
2932	0.601652	37.6755	47	0.801607	0.0347187	0.0273979	-1	-1	3
2933	0.601652	30.8023	47	0.655367	-0.00543428	0.0261294	-1	-1	3
2934	0.601652	43.8615	47	0.933223	0.0636534	0.0284164	-1	-1	3
2935	0.601652	46.5305	47	0.990011	0.0070306	0.0265316	-1	-1	3
2938	0.601652	53.7861	47	1.14439	0.0567172	0.0281583	-1	-1	3
2939	0.601652	72.7422	47	1.54771	0.0281539	0.0271477	-1	-1	3
2940	0.601652	32.1418	47	0.683867	0.0493923	0.0279635	-1	-1	3
2941	0.601652	24.7587	47	0.52678	0.00837	0.0265454	-1	-1	3
2942	0.601652	77.6037	47	1.65114	-0.0054025	0.0261006	-1	-1	3
2944	0.601652	55.3688	47	1.17806	0.0101657	0.0266561	-1	-1	3
2945	0.601652	41.015	47	0.87266	-0.00608898	0.0261427	-1	-1	3
2946	0.601652	44.6237	47	0.94944	0.010237	0.0265871	-1	-1	3
2948	0.601652	50.4228	47	1.07283	0.0436953	0.0276697	-1	-1	3
2949	0.601652	41.4738	47	0.882421	-0.0020683	0.0262466	-1	-1	3
2951	0.601652	40.0808	47	0.852782	0.0321868	0.0273167	-1	-1	3
2953	0.601652	40.9589	47	0.871467	0.00661993	0.0264675	-1	-1	3
2955	0.601652	83.6616	47	1.78003	-0.0200385	0.0256402	-1	-1	3
2957	0.601652	45.2709	47	0.96321	-0.0175283	0.0256563	-1	-1	3
2960	0.601652	39.1173	47	0.832282	-0.00506176	0.0261042	-1	-1	3
2961	0.601652	58.2506	47	1.23937	0.0151018	0.0266755	-1	-1	3
2964	0.601652	38.847	47	0.826532	0.0172746	0.0267532	-1	-1	3
2965	0.601652	39.4105	47	0.838521	-0.0511468	0.0246511	-1	-1	3
2966	0.601652	45.2099	47	0.961912	0.0289953	0.0271718	-1	-1	3
2968	0.601652	49.3833	47	1.05071	-0.0320059	0.025171	-1	-1	3
2972	0.601652	40.2269	47	0.855892	0.023033	0.026981	-1	-1	3
2973	0.601652	38.2864	47	0.814605	0.0083746	0.0264533	-1	-1	3
2998	0.601652	51.874	47	1.1037	0.0253519	0.0271192	-1	-1	3
3001	0.601652	49.1292	47	1.0453	0.0401325	0.0276341	-1	-1	3
3006	0.601652	34.317	47	0.730149	0.0299939	0.0272342	-1	-1	3
3007	0.601652	49.0814	47	1.04428	-0.0271998	0.0254663	-1	-1	3
3009	0.601652	57.5841	47	1.22519	0.00914682	0.0265012	-1	-1	3
3010	0.601652	55.3374	47	1.17739	0.0211636	0.0269511	-1	-1	3
3012	0.601652	49.3023	47	1.04899	0.0402703	0.0276533	-1	-1	3
3014	0.601652	39.3907	47	0.838099	0.000108476	0.0262957	-1	-1	3
3016	0.601652	30.9618	47	0.658762	0.0279447	0.0271688	-1	-1	3
3018	0.601652	48.0113	47	1.02152	0.0504329	0.0278963	-1	-1	3
3019	0.601652	40.2264	47	0.855881	0.020406	0.0269629	-1	-1	3
3022	0.601652	48.3171	47	1.02802	-0.0289492	0.0253542	-1	-1	3
3025	0.601652	49.1376	47	1.04548	-0.0172832	0.0257247	-1	-1	3
3026	0.601652	36.9394	47	0.785944	-0.00891697	0.0259717	-1	-1	3
3027	0.601652	41.2958	47	0.878635	0.0138484	0.0267322	-1	-1	3
3028	0.601652	44.0699	47	0.937657	-0.0136088	0.0258269	-1	-1	3
3029	0.601652	57.345	47	1.22011	0.0104355	0.0266669	-1	-1	3
3030	0.601652	32.892	47	0.699829	-0.0411252	0.0249488	-1	-1	3
3031	0.601652	40.773	47	0.86751	-0.0716336	0.0240757	-1	-1	3
3034	0.601652	65.8721	47	1.40153	0.0339593	0.0272753	-1	-1	3
3035	0.601652	34.9157	47	0.742887	-0.00192369	0.0261598	-1	-1	3
3036	0.601652	60.2185	47	1.28124	0.0268602	0.0270411	-1	-1	3
3037	0.601652	43.1338	47	0.917741	-0.0336973	0.0251864	-1	-1	3
3038	0.601652	53.8872	47	1.14654	0.00824588	0.026536	-1	-1	3
3039	0.601652	51.6663	47	1.09928	-0.0222314	0.0256094	-1	-1	3
3046	0.601652	40.1243	47	0.853709	-0.0118642	0.0258487	-1	-1	3
3049	0.601652	33.4067	47	0.71078	-0.0983682	0.0232005	-1	-1	3
3051	0.601652	56.1613	47	1.19492	-0.0098615	0.0259582	-1	-1	3
3055	0.601652	44.1131	47	0.938577	0.0241311	0.0269504	-1	-1	3
3056	0.601652	42.403	47	0.902192	-0.0110081	0.0258272	-1	-1	3
3058	0.601652	42.9102	47	0.912982	-0.0538997	0.024541	-1	-1	3
3064	0.601652	53.7738	47	1.14412	0.0866698	0.0291505	-1	-1	3
3066	0.601652	47.8254	47	1.01756	0.0288899	0.0272736	-1	-1	3
3074	0.601652	38.6061	47	0.821405	0.00265825	0.0263847	-1	-1	3
3075	0.601652	36.1176	47	0.76846	0.0424666	0.0275817	-1	-1	3
3076	0.601652	53.9539	47	1.14796	0.0824781	0.0289294	-1	-1	3
3077	0.601652	50.192	47	1.06792	0.047146	0.0278064	-1	-1	3
3079	0.601652	35.5566	47	0.756524	0.00241181	0.0263819	-1	-1	3
3082	0.601652	42.2915	47	0.899818	0.0381683	0.027485	-1	-1	3
3084	0.601652	39.3598	47	0.837443	0.0355912	0.0274347	-1	-1	3
3086	0.601652	55.8089	47	1.18742	0.00766481	0.0265479	-1	-1	3
3087	0.601652	47.6178	47	1.01314	0.000747139	0.026339	-1	-1	3
3088	0.601652	56.0617	47	1.1928	0.0164033	0.0267992	-1	-1	3
3089	0.601652	34.7152	47	0.738621	0.0488228	0.0278659	-1	-1	3
3090	0.601652	60.4057	47	1.28523	0.0103515	0.0266249	-1	-1	3
3095	0.601652	51.2479	47	1.09038	0.0224545	0.0269568	-1	-1	3
3098	0.601652	39.5168	47	0.840783	0.0576479	0.0280914	-1	-1	3
3103	0.601652	46.8107	47	0.995973	0.0244179	0.0271417	-1	-1	3
3105	0.601652	37.8245	47	0.804777	-0.0559566	0.0244956	-1	-1	3
3107	0.601652	36.7955	47	0.782883	-0.0110156	0.0259369	-1	-1	3
3119	0.601652	41.8	47	0.889363	-0.0183971	0.0256856	-1	-1	3
3120	0.601652	33.0161	47	0.70247	-0.0679001	0.024108	-1	-1	3
3134	0.601652	47.9201	47	1.01958	0.0459201	0.0278127	-1	-1	3
3146	0.601652	39.9823	47	0.850688	0.0114447	0.0266237	-1	-1	3
3148	0.601652	46.4242	47	0.987749	0.00691091	0.0265029	-1	-1	3
3149	0.601652	47.8736	47	1.01859	0.00508789	0.0264132	-1	-1	3
3151	0.601652	54.9563	47	1.16928	0.0564949	0.0280627	-1	-1	3
3153	0.601652	46.7097	47	0.993824	0.0228444	0.0269625	-1	-1	3
3157	0.601652	40.7078	47	0.866123	0.032147	0.027247	-1	-1	3
3159	0.601652	52.5581	47	1.11826	0.0462522	0.0276723	-1	-1	3
3161	0.601652	53.8675	47	1.14612	-0.023096	0.0255897	-1	-1	3
3162	0.601652	39.4523	47	0.839412	0.0456574	0.0277574	-1	-1	3
3163	0.601652	50.4302	47	1.07298	0.0284673	0.0271287	-1	-1	3
3165	0.601652	43.4333	47	0.924113	0.0238569	0.0269909	-1	-1	3
3167	0.601652	31.9482	47	0.67975	0.0139503	0.0267906	-1	-1	3
3168	0.601652	64.1981	47	1.36592	0.0167137	0.0268521	-1	-1	3
3170	0.601652	50.4711	47	1.07385	0.0485275	0.0279123	-1	-1	3
3172	0.601652	40.9432	47	0.871132	0.00328077	0.0264027	-1	-1	3
3173	0.601652	53.5886	47	1.14018	-0.00244056	0.026256	-1	-1	3
3174	0.601652	48.0537	47	1.02242	-0.00476776	0.0260544	-1	-1	3
3176	0.601652	65.0526	47	1.3841	0.0216107	0.0269682	-1	-1	3
3177	0.601652	43.5453	47	0.926497	-0.0104988	0.0258782	-1	-1	3
3178	0.601652	48.9998	47	1.04255	-0.0495923	0.0246732	-1	-1	3
3179	0.601652	51.5654	47	1.09714	-0.0229724	0.025539	-1	-1	3
3180	0.601652	62.4884	47	1.32954	0.00751106	0.026624	-1	-1	3
3181	0.601652	46.098	47	0.980808	-0.014761	0.0257489	-1	-1	3
3182	0.601652	42.0797	47	0.895313	0.0108489	0.0266055	-1	-1	3
3184	0.601652	48.3451	47	1.02862	0.0192889	0.0268344	-1	-1	3
3188	0.601652	41.0765	47	0.873968	0.0334972	0.0272938	-1	-1	3
3192	0.601652	51.2667	47	1.09078	0.0225194	0.026928	-1	-1	3
3195	0.601652	54.4731	47	1.159	-0.0237894	0.0255037	-1	-1	3
3196	0.601652	52.0971	47	1.10845	-0.041388	0.0249404	-1	-1	3
3201	0.601652	35.2828	47	0.750698	-0.0345006	0.0251589	-1	-1	3
3203	0.601652	45.1776	47	0.961224	-0.074341	0.023906	-1	-1	3
3206	0.601652	50.6295	47	1.07722	-0.0118738	0.0257663	-1	-1	3
3215	0.601652	50.9623	47	1.08431	0.107064	0.0298145	-1	-1	3
3225	0.601652	35.2506	47	0.750012	0.0596337	0.02825	-1	-1	3
3228	0.601652	36.5003	47	0.776602	0.0237887	0.0270454	-1	-1	3
3233	0.601652	35.9756	47	0.765437	0.044218	0.0276908	-1	-1	3
3235	0.601652	36.534	47	0.777319	0.03205	0.0273153	-1	-1	3
3237	0.601652	49.4391	47	1.0519	-0.0328416	0.0252399	-1	-1	3
3239	0.601652	49.3041	47	1.04902	0.00963726	0.026522	-1	-1	3
3243	0.601652	38.4978	47	0.819103	0.0343209	0.0274171	-1	-1	3
3250	0.601652	44.2828	47	0.942186	0.0390264	0.0275424	-1	-1	3
3251	0.601652	53.8	47	1.14468	-0.0265079	0.0253655	-1	-1	3
3253	0.601652	63.4665	47	1.35035	-0.0187358	0.025595	-1	-1	3
3254	0.601652	40.6175	47	0.864202	-0.0359778	0.0251077	-1	-1	3
3258	0.601652	41.5202	47	0.883409	-0.0227012	0.0255292	-1	-1	3
3266	0.601652	35.2263	47	0.749495	-0.00883498	0.0259838	-1	-1	3
3272	0.601652	42.1146	47	0.896055	-0.0567142	0.0244469	-1	-1	3
3274	0.601652	38.6615	47	0.822586	-0.0350966	0.0251076	-1	-1	3
3289	0.601652	43.6295	47	0.928287	0.015723	0.0267491	-1	-1	3
3290	0.601652	42.0353	47	0.894369	0.0383607	0.0275699	-1	-1	3
3294	0.601652	45.2125	47	0.961968	0.0208435	0.0269411	-1	-1	3
3296	0.601652	49.2791	47	1.04849	0.0307588	0.0272397	-1	-1	3
3299	0.601652	63.2771	47	1.34632	0.053298	0.0279964	-1	-1	3
3302	0.601652	38.6387	47	0.822101	0.00605191	0.0264489	-1	-1	3
3304	0.601652	50.0971	47	1.0659	0.0287741	0.0272668	-1	-1	3
3305	0.601652	42.59	47	0.906171	0.00593205	0.0264305	-1	-1	3
3309	0.601652	56.7595	47	1.20765	0.0394645	0.0274781	-1	-1	3
3312	0.601652	60.5596	47	1.2885	0.0363265	0.0273785	-1	-1	3
3313	0.601652	53.4782	47	1.13783	-0.00449782	0.0260849	-1	-1	3
3314	0.601652	48.9112	47	1.04066	-0.0189	0.025672	-1	-1	3
3320	0.601652	49.9853	47	1.06352	0.0149981	0.0267564	-1	-1	3
3322	0.601652	42.8127	47	0.910909	0.0375328	0.0274853	-1	-1	3
3323	0.601652	60.9776	47	1.2974	0.0171748	0.0268068	-1	-1	3
3324	0.601652	49.8853	47	1.06139	0.0126889	0.026627	-1	-1	3
3328	0.601652	59.1524	47	1.25856	-0.0366556	0.025049	-1	-1	3
3332	0.601652	29.9689	47	0.637635	0.00571638	0.0263685	-1	-1	3
3335	0.601652	53.2152	47	1.13224	-0.0154174	0.0257042	-1	-1	3
3338	0.601652	31.7508	47	0.675549	0.02221	0.0269512	-1	-1	3
3339	0.601652	41.4051	47	0.88096	0.0291667	0.0271943	-1	-1	3
3347	0.601652	55.2928	47	1.17644	0.105669	0.0298087	-1	-1	3
3352	0.601652	61.5907	47	1.31044	0.0683979	0.0284913	-1	-1	3
3355	0.601652	42.916	47	0.913106	0.0536167	0.0280032	-1	-1	3
3356	0.601652	44.6779	47	0.950593	0.00295788	0.0262934	-1	-1	3
3359	0.601652	25.9151	47	0.551384	0.00713797	0.0264668	-1	-1	3
3362	0.601652	42.105	47	0.895852	0.0184653	0.0268933	-1	-1	3
3364	0.601652	39.4832	47	0.840068	-0.00973941	0.0259824	-1	-1	3
3365	0.601652	42.4535	47	0.903266	0.0125123	0.0267042	-1	-1	3
3367	0.601652	56.2923	47	1.19771	0.0496316	0.0278823	-1	-1	3
3369	0.601652	52.5462	47	1.118	0.0388125	0.027511	-1	-1	3
3372	0.601652	70.7875	47	1.50612	0.00404448	0.0263414	-1	-1	3
3376	0.601652	52.979	47	1.12721	0.0331993	0.0273122	-1	-1	3
3379	0.601652	40.4702	47	0.861068	0.0385158	0.0274271	-1	-1	3
3383	0.601652	56.7993	47	1.2085	0.0192269	0.026902	-1	-1	3
3388	0.601652	48.3904	47	1.02958	-0.0454681	0.0248221	-1	-1	3
3389	0.601652	52.6048	47	1.11925	-0.0071654	0.0260378	-1	-1	3
3397	0.601652	62.9268	47	1.33887	-0.0229325	0.0254841	-1	-1	3
3398	0.601652	43.653	47	0.928786	-0.0339422	0.0251121	-1	-1	3
3406	0.601652	42.4808	47	0.903847	0.0656878	0.0285001	-1	-1	3
3411	0.601652	38.1285	47	0.811245	0.0873766	0.029231	-1	-1	3
3413	0.601652	44.1318	47	0.938974	0.055204	0.0280908	-1	-1	3
3416	0.601652	41.7441	47	0.888173	0.0284778	0.027326	-1	-1	3
3417	0.601652	43.2308	47	0.919804	0.021007	0.0269936	-1	-1	3
3421	0.601652	72.0735	47	1.53348	0.0628369	0.0283832	-1	-1	3
3424	0.601652	48.0006	47	1.02129	0.080666	0.0291465	-1	-1	3
3432	0.601652	43.6239	47	0.928168	0.0556643	0.0281579	-1	-1	3
3433	0.601652	47.513	47	1.01091	0.0195683	0.0269652	-1	-1	3
3434	0.601652	32.1886	47	0.684863	0.0503529	0.027936	-1	-1	3
3435	0.601652	42.1359	47	0.896508	0.029819	0.0273013	-1	-1	3
3446	0.601652	26.5457	47	0.564802	-0.0119456	0.0258979	-1	-1	3
3448	0.601652	39.8147	47	0.847121	-0.0178306	0.0257515	-1	-1	3
3450	0.601652	55.6976	47	1.18506	0.0114053	0.0266676	-1	-1	3
3452	0.601652	30.1033	47	0.640496	0.00209443	0.0264007	-1	-1	3
3457	0.601652	56.5009	47	1.20215	0.0420336	0.0276474	-1	-1	3
3459	0.601652	65.3145	47	1.38967	0.0361861	0.0273869	-1	-1	3
3471	0.601652	55.2859	47	1.1763	-0.00906305	0.025976	-1	-1	3
3475	0.601652	42.3406	47	0.900863	-0.00855797	0.0260297	-1	-1	3
3478	0.601652	31.9166	47	0.679078	0.125062	0.0304893	-1	-1	3
3487	0.601652	33.2389	47	0.70721	0.0668901	0.0285515	-1	-1	3
3490	0.601652	38.7149	47	0.823722	0.0818253	0.0289644	-1	-1	3
3492	0.601652	52.2184	47	1.11103	0.000760355	0.0264114	-1	-1	3
3494	0.601652	63.3152	47	1.34713	0.108505	0.0299066	-1	-1	3
3505	0.601652	46.7587	47	0.994866	0.0729689	0.0286734	-1	-1	3
3506	0.601652	45.5794	47	0.969774	-0.0161467	0.0257886	-1	-1	3
3508	0.601652	47.3174	47	1.00675	0.0478094	0.0279157	-1	-1	3
3513	0.601652	46.2325	47	0.983671	0.0381431	0.0275993	-1	-1	3
3516	0.601652	73.9478	47	1.57336	0.0164446	0.0268163	-1	-1	3
3519	0.601652	72.4831	47	1.54219	0.026495	0.027166	-1	-1	3
3520	0.601652	41.0357	47	0.8731	-0.0284246	0.0254057	-1	-1	3
3522	0.601652	49.4491	47	1.05211	-0.0292694	0.0253438	-1	-1	3
3531	0.601652	49.3839	47	1.05072	-0.0258438	0.0254897	-1	-1	3
3534	0.601652	52.9259	47	1.12608	-0.0242164	0.0254437	-1	-1	3
3536	0.601652	38.3012	47	0.814919	-0.0267502	0.0254246	-1	-1	3
3539	0.601652	89.3454	47	1.90097	0.100587	0.0297115	-1	-1	3
3545	0.601652	43.1161	47	0.917363	0.0685417	0.0286127	-1	-1	3
3551	0.601652	62.4469	47	1.32866	0.0987272	0.0296275	-1	-1	3
3552	0.601652	55.4092	47	1.17892	0.00188118	0.0263919	-1	-1	3
3565	0.601652	52.0063	47	1.10652	-0.024758	0.0255956	-1	-1	3
3576	0.601652	18.4155	47	0.39182	-0.00354594	0.0262103	-1	-1	3
3578	0.601652	33.6651	47	0.716278	0.0100468	0.0265826	-1	-1	3
3579	0.601652	55.4655	47	1.18012	-0.0130354	0.0258838	-1	-1	3
3582	0.601652	45.6004	47	0.97022	-0.00705603	0.026052	-1	-1	3
3583	0.601652	42.4163	47	0.902475	0.0478443	0.0278656	-1	-1	3
3584	0.601652	51.2314	47	1.09003	0.00745511	0.0265159	-1	-1	3
3585	0.601652	57.9235	47	1.23242	-0.00766311	0.0260082	-1	-1	3
3591	0.601652	35.9285	47	0.764437	-0.0121619	0.0259338	-1	-1	3
3592	0.601652	53.2548	47	1.13308	-0.0438761	0.0249188	-1	-1	3
3594	0.601652	38.322	47	0.815362	0.0254273	0.0270981	-1	-1	3
3597	0.601652	56.3947	47	1.19989	-0.00865389	0.0260118	-1	-1	3
3616	0.601652	46.5495	47	0.990415	0.0316456	0.0273875	-1	-1	3
3619	0.601652	39.6313	47	0.84322	0.0759066	0.0288774	-1	-1	3
3628	0.601652	42.6216	47	0.906842	-0.00355641	0.0262384	-1	-1	3
3632	0.601652	36.9903	47	0.787028	-0.00216897	0.0262027	-1	-1	3
3636	0.601652	44.351	47	0.943638	0.0191475	0.026969	-1	-1	3
3637	0.601652	49.7094	47	1.05765	0.0329343	0.0273716	-1	-1	3
3639	0.601652	64.1018	47	1.36387	-0.0137016	0.0259196	-1	-1	3
3643	0.601652	62.8822	47	1.33792	-0.000626045	0.0263088	-1	-1	3
3657	0.601652	44.5616	47	0.948119	0.0518868	0.0280653	-1	-1	3
3659	0.601652	57.8458	47	1.23076	0.112157	0.0301974	-1	-1	3
3666	0.601652	49.0455	47	1.04352	0.044697	0.0277963	-1	-1	3
3673	0.601652	37.9667	47	0.807803	0.0108431	0.026722	-1	-1	3
3675	0.601652	47.0002	47	1	0.0667561	0.0285279	-1	-1	3
3679	0.601652	39.8413	47	0.847688	0.0233625	0.0270232	-1	-1	3
3685	0.601652	43.3484	47	0.922307	0.0134897	0.0266751	-1	-1	3
3686	0.601652	32.0242	47	0.681367	0.0268787	0.0272226	-1	-1	3
3687	0.601652	42.2253	47	0.898411	0.00990804	0.0266523	-1	-1	3
3694	0.601652	45.8091	47	0.974663	-0.0221744	0.0255701	-1	-1	3
3697	0.601652	57.0604	47	1.21405	0.00638473	0.0264653	-1	-1	3
3711	0.601652	43.2738	47	0.920719	0.00179389	0.0263603	-1	-1	3
3724	0.601652	49.452	47	1.05217	0.049633	0.0279177	-1	-1	3
3734	0.601652	71.7448	47	1.52649	0.0329422	0.0274077	-1	-1	3
3735	0.601652	66.9378	47	1.42421	0.044011	0.0277759	-1	-1	3
3737	0.601652	40.5979	47	0.863785	0.0222631	0.0270229	-1	-1	3
3747	0.601652	44.8258	47	0.95374	-0.000177893	0.0262992	-1	-1	3
3760	0.601652	48.4594	47	1.03105	0.0843202	0.0292208	-1	-1	3
3764	0.601652	36.2195	47	0.770627	0.0791959	0.0289581	-1	-1	3
3769	0.601652	54.5708	47	1.16108	0.101542	0.0297091	-1	-1	3
3770	0.601652	62.698	47	1.334	0.0315712	0.0274143	-1	-1	3
3772	0.601652	41.361	47	0.880022	0.0713332	0.0287134	-1	-1	3
3773	0.601652	52.8641	47	1.12477	0.0435899	0.0278127	-1	-1	3
3782	0.601652	51.9481	47	1.10528	-0.0137693	0.0259224	-1	-1	3
3789	0.601652	34.7013	47	0.738325	-0.00696066	0.0261442	-1	-1	3
3795	0.601652	46.7744	47	0.995199	-0.0339403	0.0251887	-1	-1	3
3797	0.601652	49.0188	47	1.04295	0.0420942	0.0276769	-1	-1	3
3800	0.601652	38.8712	47	0.827048	0.0449971	0.0278326	-1	-1	3
3805	0.601652	41.3307	47	0.879378	0.0918802	0.0293671	-1	-1	3
3812	0.601652	40.7704	47	0.867455	0.0510655	0.0280026	-1	-1	3
3818	0.601652	50.2712	47	1.0696	0.0405946	0.0276411	-1	-1	3
3819	0.601652	43.68	47	0.929362	0.0893761	0.02924	-1	-1	3
3824	0.601652	37.7559	47	0.803318	0.0296247	0.0273201	-1	-1	3
3825	0.601652	47.2313	47	1.00492	0.0413675	0.0277226	-1	-1	3
3827	0.601652	50.3898	47	1.07212	-0.00547717	0.0261533	-1	-1	3
3828	0.601652	44.0768	47	0.937805	0.0283684	0.0272535	-1	-1	3
3832	0.601652	43.269	47	0.920617	0.0919263	0.0293118	-1	-1	3
3833	0.601652	45.4286	47	0.966565	0.0280174	0.0271756	-1	-1	3
3840	0.601652	65.7337	47	1.39859	0.00315751	0.0266169	-1	-1	3
3847	0.601652	46.1531	47	0.981982	-0.0355578	0.0254108	-1	-1	3
3890	0.601652	55.1012	47	1.17237	-0.0250252	0.0257478	-1	-1	3
3925	0.601652	44.6019	47	0.948976	0.0177721	0.0270702	-1	-1	3
3932	0.601652	48.6497	47	1.0351	0.00892413	0.0267493	-1	-1	3
3993	0.601652	50.6142	47	1.0769	-0.00496965	0.0264399	-1	-1	3
4029	0.601652	65.3164	47	1.38971	-0.0149224	0.0260212	-1	-1	3
4031	0.601652	63.1187	47	1.34295	-0.0120248	0.026051	-1	-1	3
4056	0.601652	42.5191	47	0.904662	-0.03717	0.0252464	-1	-1	3
4066	0.601652	46.0436	47	0.979652	-0.0133206	0.0261325	-1	-1	3
4078	0.601652	35.2689	47	0.750402	-0.0694733	0.0242453	-1	-1	3
4103	0.601652	48.3922	47	1.02962	0.0100585	0.0267995	-1	-1	3
4141	0.601652	43.9505	47	0.935117	0.0247089	0.0273271	-1	-1	3
4149	0.601652	44.7454	47	0.952031	0.023265	0.0272795	-1	-1	3
4161	0.601652	36.9728	47	0.786655	0.0262622	0.0273326	-1	-1	3
4168	0.601652	51.422	47	1.09408	-0.000312831	0.0264329	-1	-1	3
4170	0.601652	55.7311	47	1.18577	-0.0628798	0.0245151	-1	-1	3
4178	0.601652	58.3021	47	1.24047	-0.025732	0.0256205	-1	-1	3
4203	0.601652	43.3853	47	0.923092	0.00629582	0.0266481	-1	-1	3
4213	0.601652	39.482	47	0.840042	0.0232556	0.0272463	-1	-1	3
4214	0.601652	45.977	47	0.978233	-0.0218451	0.0258507	-1	-1	3
4225	0.601652	42.7028	47	0.908571	0.0358794	0.027616	-1	-1	3
4234	0.601652	52.8945	47	1.12541	-0.0728196	0.0241649	-1	-1	3
