1	786.641	35.5386
9	787.152	35.5694
11	787.759	35.6475
27	786.786	35.4553
28	787.664	35.5801
59	785.125	35.2873
62	786.675	35.535
70	787.627	35.5917
114	782.892	34.9532
117	785.691	35.3479
130	787.115	35.5218
172	782.73	34.9415
174	784.522	35.176
176	786.008	35.3938
181	786.321	35.389
199	789.989	35.8389
206	792.822	36.2147
213	782.961	35.0328
236	784.704	35.1987
250	789.497	35.8306
310	790.323	35.9268
315	784.999	35.1429
317	790.148	35.918
318	790.883	35.9803
321	790.999	35.9889
347	784.172	35.1503
356	785.152	35.2437
362	786.464	35.4038
371	790.138	35.8783
377	792.975	36.2285
397	783.127	35.0281
407	785.854	35.3744
413	786.283	35.3893
417	786.1	35.3833
419	782.857	34.8866
421	789.021	35.7794
460	783.857	35.1091
466	783.55	35.0853
468	784.419	35.16
477	785.332	35.2525
479	786.692	35.4202
481	783.991	35.0351
528	783.975	35.1175
531	784.871	35.1907
538	783.671	35.0057
543	785.697	35.3422
552	789.603	35.7605
556	790.618	35.9199
558	792.316	36.1149
580	785.772	35.3883
583	787.367	35.5824
596	785.85	35.3223
609	789.694	35.8676
641	782.512	34.9205
651	783.731	35.1054
668	785.137	35.2138
681	789.25	35.7634
686	790.465	35.8908
727	784.403	35.1271
728	783.852	35.0051
735	785.354	35.2589
736	785.72	35.2866
738	789.406	35.785
747	791.204	36.0005
750	789.03	35.6751
757	791.712	35.9975
764	796.002	36.5766
787	781.798	34.7771
797	787.894	35.6235
800	787.202	35.4894
803	785.183	35.2324
810	788.117	35.5638
811	789.124	35.7358
812	787.206	35.4062
823	787.449	35.3909
848	783.835	35.0896
856	784.541	35.2234
862	786.035	35.3636
873	786.541	35.3932
878	786.622	35.3994
880	786.511	35.3733
886	788.806	35.6774
890	790.138	35.851
900	789.19	35.6727
901	791.227	35.9188
906	779.036	34.4916
917	780.205	34.6516
921	781.7	34.7575
931	784.103	35.0994
940	785.606	35.2835
968	779.273	34.4637
969	782.521	34.9656
978	781.804	34.8053
993	785.163	35.1981
994	784.894	35.2047
996	783.682	35.0074
998	787.438	35.4881
1003	785.68	35.264
1007	784.937	35.1266
1009	786.195	35.3041
1010	787.184	35.4466
1017	790.048	35.8259
1055	782.767	34.9339
1061	786.043	35.3934
1062	783.737	35.0213
1065	785.803	35.3437
1072	784.787	35.1468
1076	788.218	35.6078
1085	785.887	35.2352
1093	790.025	35.7704
1107	778.638	34.4411
1138	782.409	34.8236
1141	784.108	35.0803
1143	785.191	35.2026
1149	786.047	35.3234
1155	785.906	35.2576
1158	787.681	35.5435
1167	791.588	36.0456
1172	793.577	36.2648
1177	777.384	34.2736
1181	779.218	34.4718
1186	780.113	34.5717
1199	785.704	35.3276
1222	786.596	35.3757
1227	784.744	35.1521
1228	786.621	35.3445
1231	789.281	35.7241
1234	787.083	35.4035
1236	788.755	35.6627
1239	789.906	35.813
1244	789.301	35.6621
1256	780.156	34.655
1265	779.959	34.5713
1278	780.546	34.5837
1282	783.622	34.9875
1288	785.352	35.2612
1289	786.074	35.3404
1290	786.119	35.3561
1298	788.344	35.6545
1301	789.569	35.7867
1302	787.795	35.526
1303	791.292	36
1326	780.645	34.6907
1337	783.359	35.007
1341	781.327	34.7311
1343	781.991	34.7856
1345	783.95	35.074
1349	785.377	35.2411
1351	784.515	35.1141
1357	785.767	35.2645
1359	786.86	35.4573
1362	783.768	34.9949
1363	781.491	34.6047
1368	785.272	35.2048
1369	786.018	35.3171
1376	789.613	35.7326
1382	790.631	35.9049
1383	790.087	35.7741
1409	780.693	34.6895
1422	783.734	35.0349
1429	785.326	35.2711
1431	784.444	35.1391
1434	784.954	35.2015
1438	783.419	34.9512
1439	785.195	35.2044
1443	786.764	35.4137
1444	785.519	35.209
1445	785.047	35.1651
1447	787.292	35.4766
1453	785.486	35.1965
1473	792.206	36.0274
1479	776.338	34.117
1497	781.622	34.815
1503	783.388	35.0084
1505	782.401	34.8487
1507	784.137	35.1047
1509	783.687	35.0205
1510	784.435	35.1046
1511	784.097	35.0275
1514	784.136	35.0466
1516	785.469	35.2558
1519	785.778	35.3054
1520	784.353	35.1026
1526	786.303	35.3368
1528	786.015	35.2953
1536	791.05	35.9684
1539	789.639	35.7048
1553	777.837	34.2828
1558	782.293	34.9005
1564	780.771	34.6351
1570	782.206	34.848
1576	781.944	34.7609
1579	784.501	35.1155
1581	785.596	35.2851
1583	783.979	34.9952
1584	785.761	35.2567
1590	784.186	35.0472
1591	784.853	35.1262
1595	786.842	35.4066
1596	785.761	35.2334
1598	787.865	35.5039
1602	787.549	35.4816
1609	784.677	35.0145
1610	788.908	35.6284
1621	793.197	36.271
1622	787.043	35.347
1623	791.659	35.9806
1640	778.026	34.2904
1645	782.229	34.8467
1650	780.923	34.6764
1654	781.076	34.666
1656	781.377	34.7253
1659	781.887	34.7476
1662	781.388	34.6686
1663	782.224	34.8507
1664	783.428	34.9737
1666	785.433	35.2767
1667	783.158	34.9164
1668	786.286	35.3736
1673	782.578	34.811
1676	781.856	34.7061
1680	785.484	35.2145
1684	787.53	35.478
1685	786.298	35.3337
1688	788.275	35.603
1691	786.873	35.3837
1695	791.373	36.0229
1701	787.779	35.5119
1714	793.729	36.285
1734	780.379	34.5674
1742	781.234	34.6984
1745	783.454	35.0116
1747	781.387	34.6601
1748	781.555	34.6822
1751	783.776	35.033
1753	779.812	34.4337
1754	782.86	34.8849
1756	783.067	34.8978
1760	785.813	35.2798
1765	782.977	34.8499
1766	785.392	35.212
1769	786.679	35.4114
1771	786.765	35.4193
1774	785.53	35.2207
1783	788.635	35.6121
1825	780.244	34.6185
1827	781.119	34.7266
1830	781.056	34.7035
1834	780.814	34.6523
1836	784.636	35.1617
1839	782.143	34.8509
1841	783.518	34.9807
1844	783.581	34.9962
1849	783.972	35.0034
1850	785.212	35.1549
1852	783.633	34.9837
1854	783.929	34.9992
1855	785.705	35.2447
1862	784.708	35.0496
1866	786.598	35.3563
1873	785.828	35.1899
1881	791.87	35.9963
1889	793.129	36.1224
1895	780.057	34.5366
1897	782.881	34.9261
1899	779.729	34.5251
1912	783.155	34.9418
1916	781.795	34.726
1918	782.586	34.8192
1919	782.191	34.7664
1921	783.331	34.9557
1923	784.651	35.109
1924	785.709	35.2347
1928	785.665	35.2364
1931	786.239	35.3243
1938	783.798	34.9288
1972	781.761	34.7426
1974	782.013	34.7907
1975	781.028	34.6679
1977	781.414	34.6632
1979	781.902	34.7538
1989	781.767	34.7174
1990	784.213	35.0536
1991	782.685	34.8646
1994	782.775	34.8622
1995	783.231	34.9134
1996	784.206	35.0454
2005	783.714	34.9561
2006	786.264	35.3264
2010	786.897	35.3857
2015	786.238	35.2926
2016	787.722	35.4912
2029	784.901	35.0355
2039	793.704	36.2334
2056	780.862	34.6555
2058	779.747	34.5305
2064	781.144	34.7207
2066	779.637	34.4474
2067	782.086	34.8543
2068	779.505	34.4501
2072	783.209	34.9894
2076	782.012	34.7733
2078	781.362	34.6745
2079	782.988	34.8989
2082	782.307	34.7988
2084	782.592	34.8725
2087	781.707	34.6924
2090	780.836	34.5852
2091	783.65	35.0041
2092	783.759	34.9705
2094	784.533	35.068
2095	782.411	34.7809
2096	781.67	34.6512
2099	784.86	35.1045
2104	786.141	35.2716
2108	788.248	35.596
2114	788.843	35.6511
2118	787.877	35.4823
2161	782.89	34.8946
2163	781.802	34.7157
2165	782.087	34.7661
2166	783.297	34.9468
2168	783.594	34.9726
2170	785.747	35.2497
2174	784.301	35.0388
2175	783.24	34.8921
2177	782.283	34.7735
2179	783.807	34.9843
2192	786.989	35.3444
2197	787.952	35.4745
2198	789.468	35.6945
2215	777.816	34.2956
2217	777.661	34.2677
2225	778.948	34.3966
2228	780.468	34.5637
2231	777.567	34.1854
2235	780.63	34.6138
2237	780.828	34.6224
2238	780.327	34.5041
2242	781.781	34.7209
2243	782.406	34.8293
2245	782.257	34.8124
2246	782.654	34.849
2248	784.08	35.0782
2249	783.085	34.8892
2253	782.888	34.8623
2254	786.345	35.3326
2255	782.142	34.7457
2256	783.879	34.9813
2258	784.509	35.0223
2267	788.073	35.5537
2269	786.299	35.2701
2270	786.11	35.2584
2272	783.235	34.8597
2276	785.713	35.1686
2288	787.968	35.4611
2307	777.161	34.1649
2308	773.436	33.6256
2309	777.515	34.2095
2310	780.619	34.6541
2312	779.103	34.3959
2317	780.733	34.6371
2318	780.293	34.5753
2320	780.062	34.5324
2325	778.57	34.3105
2326	782.845	34.8989
2329	783.183	34.9873
2330	781.789	34.7461
2332	783.604	34.9988
2333	781.524	34.692
2334	784.511	35.1237
2335	781.346	34.6551
2338	781.981	34.7192
2339	782.536	34.8309
2340	782.329	34.8019
2341	783.444	34.9813
2343	784.094	35.0621
2344	783.871	35.0179
2347	781.904	34.7141
2348	784.642	35.1238
2349	782.977	34.8514
2350	782.137	34.7863
2352	785.032	35.1402
2354	787.889	35.5637
2356	784.189	35.0185
2357	785.831	35.2393
2360	784.877	35.094
2362	785.032	35.1851
2370	784.622	34.9835
2373	785.169	35.1576
2375	785.138	35.0984
2380	786.182	35.2266
2383	785.64	35.1419
2384	787.968	35.4774
2403	779.22	34.4308
2407	778.965	34.419
2408	778.915	34.4055
2411	778.41	34.2854
2414	779.457	34.4206
2415	779.149	34.4422
2422	782.024	34.8035
2423	779.64	34.4487
2424	780.281	34.5441
2425	779.743	34.452
2426	783.056	34.9142
2428	780.406	34.5421
2429	782.362	34.8419
2433	783.668	35.0041
2434	780.452	34.5087
2435	782.608	34.8078
2436	782.988	34.8505
2438	784.084	35.0242
2442	783.774	34.966
2443	786.386	35.3326
2444	782.651	34.8014
2445	785.034	35.1372
2448	784.072	34.988
2451	785.636	35.187
2452	784.599	35.0773
2456	782.364	34.7108
2459	786.136	35.2482
2473	787.819	35.4608
2475	787.252	35.3632
2490	778.93	34.4038
2494	778.76	34.3506
2495	781.592	34.7784
2496	778.619	34.3038
2498	779.166	34.4294
2503	780.414	34.5817
2506	780.412	34.5486
2510	780.785	34.5972
2511	782.28	34.7818
2512	780.528	34.5111
2513	781.187	34.6537
2514	780.787	34.5687
2522	782.674	34.8436
2523	780.009	34.3972
2524	783.745	34.9913
2525	782.083	34.7441
2526	783.935	34.9818
2527	782.534	34.8325
2528	784.232	35.0624
2531	782.825	34.8076
2532	782.709	34.8024
2533	783.792	34.944
2536	784.292	35.0325
2538	784.643	35.0392
2541	785.979	35.2643
2543	783.328	34.8376
2547	786.377	35.2817
2548	786.087	35.2651
2549	786.675	35.3175
2550	786.194	35.2236
2551	788.701	35.6115
2552	786.954	35.334
2558	784.664	35.0032
2575	777.146	34.18
2576	776.522	34.0945
2582	778.529	34.3346
2583	777.308	34.1773
2585	779.062	34.3995
2586	779.264	34.4356
2589	778.766	34.3364
2591	779.724	34.4613
2593	778.771	34.2934
2595	780.53	34.5807
2596	781.116	34.7037
2598	779.658	34.4437
2601	781.169	34.6363
2602	780.536	34.5128
2604	781.405	34.6452
2605	783.691	34.9698
2610	782.69	34.8222
2611	783.286	34.9182
2613	780.543	34.5614
2614	783.183	34.8992
2618	783.275	34.9146
2625	785.126	35.1056
2626	784.092	34.9569
2632	784.989	35.0747
2636	785.907	35.194
2660	777.59	34.2213
2664	779.45	34.4485
2668	780.759	34.6608
2672	780.753	34.5504
2673	777.887	34.2207
2674	780.127	34.5474
2678	782.173	34.82
2680	779.909	34.4542
2681	781.758	34.7297
2683	781.667	34.6829
2688	781.975	34.7443
2690	781.283	34.6664
2696	782.519	34.7974
2697	781.426	34.6524
2698	783.516	34.9236
2705	782.802	34.7622
2706	784.594	35.0638
2709	783.231	34.8803
2711	783.667	34.9093
2713	783.629	34.9121
2715	784.52	35.066
2719	786.865	35.3589
2723	788.075	35.4903
2724	790.725	35.8549
2728	786.165	35.2129
2738	778.259	34.3071
2739	778.18	34.3029
2748	780.58	34.5715
2750	777.403	34.1158
2751	780.955	34.6361
2752	777.682	34.1604
2754	780.068	34.4855
2755	781.128	34.6405
2757	780.948	34.5943
2758	780.871	34.5934
2760	782.515	34.8442
2762	781.254	34.6361
2763	780.658	34.5399
2765	780.793	34.5544
2766	781.819	34.7208
2769	784.507	35.079
2773	780.139	34.443
2774	781.911	34.7112
2776	783.989	34.9981
2777	784.333	35.0383
2780	782.855	34.7828
2781	783.295	34.9207
2789	782.988	34.8111
2791	784.104	35.0003
2793	785.353	35.1753
2799	783.996	34.8956
2813	776.608	34.0771
2825	776.618	34.045
2828	775.447	33.8973
2835	780.731	34.5695
2836	778.647	34.2917
2839	780.219	34.5068
2840	782.396	34.8768
2842	780.836	34.6165
2843	780.328	34.4975
2844	781.768	34.701
2850	780.893	34.5559
2852	779.474	34.3806
2854	781.862	34.7367
2855	781.686	34.6916
2856	779.021	34.2924
2857	780.176	34.4802
2858	781.568	34.6844
2860	782.453	34.78
2861	785.364	35.2053
2862	781.274	34.6474
2863	782.762	34.8564
2865	783.483	34.8876
2866	780.121	34.429
2868	783.636	34.918
2871	783.012	34.8585
2872	785.084	35.1693
2875	782.299	34.7878
2876	784.026	34.9717
2879	782.679	34.7724
2885	787.36	35.4382
2895	788.626	35.5254
2908	774.777	33.8232
2919	776.37	33.9972
2924	781.147	34.6884
2928	778.69	34.2835
2929	780.136	34.4934
2931	780.813	34.585
2932	778.825	34.3277
2933	779.919	34.4715
2934	783.353	34.9487
2935	780.951	34.601
2938	781.383	34.7083
2939	783.627	34.9534
2940	784.889	35.1698
2941	780.513	34.5263
2942	781.978	34.7287
2944	780.49	34.5298
2945	782.483	34.8209
2946	780.836	34.6021
2948	781.82	34.6675
2949	782.198	34.7605
2951	781.216	34.6261
2953	782.601	34.7878
2955	781.629	34.6478
2957	782.664	34.7904
2960	782.128	34.7352
2961	781.411	34.6118
2964	784.779	35.1056
2965	783.176	34.8816
2966	786.331	35.2805
2968	784.001	34.9399
2972	784.627	35.0353
2973	782.498	34.7094
2998	777.539	34.1513
3001	780.406	34.6236
3006	778.151	34.2313
3007	779.153	34.35
3009	778.537	34.2989
3010	779.24	34.3681
3012	781.057	34.6313
3014	780.435	34.5455
3016	781.394	34.7025
3018	780.43	34.5557
3019	781.768	34.719
3022	779.871	34.4476
3025	780.113	34.4449
3026	781.242	34.6342
3027	781.041	34.5897
3028	781.583	34.6753
3029	784.059	35.0023
3030	781.691	34.6702
3031	780.238	34.4587
3034	782.059	34.7145
3035	780.674	34.5212
3036	782.533	34.8225
3037	780.388	34.4801
3038	782.409	34.7745
3039	783.153	34.844
3046	782.584	34.7606
3049	781.929	34.6429
3051	783.504	34.8917
3055	786.15	35.2254
3056	787.354	35.3917
3058	787.18	35.3213
3064	775.806	34.0202
3066	775.714	33.9747
3074	777.876	34.2262
3075	778.535	34.3201
3076	777.864	34.1964
3077	779.44	34.4143
3079	781.204	34.6711
3082	778.226	34.25
3084	778.289	34.2685
3086	779.115	34.3618
3087	781.239	34.6543
3088	780.35	34.5115
3089	780.152	34.4968
3090	781.662	34.6753
3095	780.229	34.4797
3098	780.244	34.51
3103	781.457	34.6563
3105	780.245	34.4436
3107	782.492	34.7466
3119	784.046	34.9457
3120	784.385	34.9972
3134	775.647	33.9504
3146	776.644	34.025
3148	776.558	34.0199
3149	777.717	34.1803
3151	776.678	34.0091
3153	777.974	34.2188
3157	779.468	34.406
3159	779.842	34.4286
3161	779.197	34.339
3162	782.294	34.8134
3163	780.064	34.5111
3165	780.766	34.567
3167	781.844	34.7141
3168	780.682	34.5681
3170	781.038	34.6234
3172	780.533	34.5241
3173	783.345	34.8821
3174	780.058	34.4295
3176	782.526	34.8116
3177	780.348	34.475
3178	777.051	34.0125
3179	780.814	34.5174
3180	782.161	34.7432
3181	781.999	34.6924
3182	784.143	34.99
3184	781.919	34.7059
3188	782.626	34.7733
3192	785.352	35.145
3195	784.26	34.9831
3196	781.512	34.6021
3201	784.782	35.0613
3203	782.906	34.7655
3206	783.491	34.8201
3215	779.495	34.4749
3225	778.974	34.3917
3228	779.19	34.3393
3233	779.836	34.455
3235	781.061	34.6076
3237	780.854	34.5538
3239	780.475	34.4932
3243	781.795	34.7098
3250	784.419	35.055
3251	781.385	34.5684
3253	781.516	34.6111
3254	781.661	34.6254
3258	783.821	34.9505
3266	784.359	35.0188
3272	782.077	34.6549
3274	785.039	35.0677
3289	774.612	33.8103
3290	776.654	34.0798
3294	775.659	33.9277
3296	777.303	34.1401
3299	777.069	34.1374
3302	775.701	33.9186
3304	781.83	34.7289
3305	777.96	34.178
3309	776.793	34.0112
3312	779.97	34.4541
3313	781.172	34.6044
3314	778.979	34.2796
3320	782.857	34.8211
3322	781.543	34.6795
3323	782.572	34.8167
3324	780.868	34.5662
3328	781.677	34.6332
3332	783.197	34.8538
3335	784.172	34.9618
3338	785.028	35.0991
3339	786.269	35.2471
3347	773.951	33.7636
3352	779.647	34.4965
3355	780.422	34.5798
3356	776.186	33.9948
3359	776.094	33.9591
3362	778.197	34.2575
3364	778.259	34.2187
3365	779.763	34.423
3367	779.866	34.4449
3369	780.756	34.5743
3372	779.168	34.363
3376	780.831	34.5386
3379	781.396	34.6518
3383	781.77	34.7139
3388	781.092	34.5839
3389	784.222	34.9896
3397	783.942	34.9202
3398	784.579	35.0196
3406	772.363	33.5282
3411	774.897	33.8668
3413	776.442	34.0834
3416	775.76	33.9691
3417	775.617	33.9131
3421	778.187	34.3164
3424	779.28	34.4157
3432	778.516	34.3624
3433	778.365	34.3012
3434	777.78	34.2112
3435	779.341	34.4294
3446	778.622	34.3279
3448	780.914	34.5905
3450	781.461	34.6817
3452	781.608	34.6722
3457	782.183	34.7734
3459	781.259	34.6157
3471	784.358	34.9646
3475	783.87	34.9185
3478	771.698	33.4838
3487	776.954	34.133
3490	777.966	34.2566
3492	776.13	33.9996
3494	778.945	34.3771
3505	779.982	34.4913
3506	778.223	34.1887
3508	780.639	34.5467
3513	781.554	34.6604
3516	779.832	34.4522
3519	780.489	34.521
3520	781.487	34.6542
3522	780.938	34.5654
3531	782.225	34.7272
3534	781.311	34.5604
3536	782.15	34.6821
3539	775.561	34.0322
3545	776.831	34.1916
3551	776.837	34.1379
3552	778.129	34.2805
3565	777.894	34.2565
3576	777.95	34.2093
3578	778.927	34.3732
3579	779.382	34.4109
3582	780.909	34.5581
3583	782.269	34.8023
3584	780.982	34.6329
3585	779.571	34.3869
3591	784.107	35.0852
3592	780.702	34.5319
3594	783.184	34.8857
3597	782.829	34.8795
3616	776.377	34.1061
3619	780.317	34.6224
3628	778.179	34.2896
3632	780.307	34.6102
3636	781.195	34.716
3637	781.001	34.6613
3639	780.058	34.5429
3643	780.932	34.6403
3657	772.649	33.677
3659	775.206	34.0107
3666	773.574	33.749
3673	775.826	34.0623
3675	775.236	33.9543
3679	777.987	34.2871
3685	774.942	33.8916
3686	779.17	34.4753
3687	778.58	34.3709
3694	778.69	34.3846
3697	779.99	34.5892
3711	781.6	34.7347
3724	774.26	33.8917
3734	776.217	34.1502
3735	779.541	34.5887
3737	777.162	34.2221
3747	779.866	34.544
3760	772.615	33.767
3764	773.291	33.7839
3769	776.55	34.2471
3770	774.681	33.9537
3772	777.345	34.2812
3773	776.146	34.1357
3782	777.301	34.2316
3789	778.634	34.4409
3795	776.901	34.1719
3797	780.959	34.7338
3800	783.475	35.0901
3805	771.903	33.6435
3812	772.946	33.7727
3818	776.036	34.1907
3819	778.142	34.4453
3824	778.789	34.4877
3825	776.184	34.1702
3827	779.821	34.6512
3828	778.329	34.431
3832	781.528	34.8532
3833	778.799	34.4964
3840	784.756	35.1836
3847	790.975	36.0689
3890	787.586	35.5991
3925	789.181	35.8222
3932	784.733	35.1286
3993	786.056	35.398
4029	794.896	36.5337
4031	794.497	36.4484
4056	783.447	35.0306
4066	789.412	35.8277
4078	790.38	35.8836
4103	786.053	35.3785
4141	785.654	35.3595
4149	786.299	35.446
4161	789.715	35.8723
4168	786.006	35.2939
4170	790.661	35.9475
4178	792.869	36.1978
4203	786.07	35.3633
4213	787.14	35.5447
4214	788.072	35.6604
4225	789.645	35.8644
4234	790.523	35.9343
4236	792.008	36.1174
4265	787.077	35.5128
4326	787.1	35.4857
4334	786.377	35.3375
4368	786.055	35.4113
4372	785.851	35.3385
4382	787.637	35.5486
4390	786.771	35.4165
4467	780.746	34.7126
4476	782.811	34.9489
4487	785.722	35.3443
4493	788.515	35.7401
4499	788.577	35.6954
4539	783.78	35.0613
4542	784.206	35.1106
4545	783.992	35.0614
4547	785.728	35.322
4558	787.615	35.5411
4560	787.755	35.5708
4577	793.851	36.2976
4585	780.218	34.6134
4596	783.564	35.0415
4606	782.935	34.9445
4614	785.541	35.2583
4618	785.388	35.2735
4620	787.421	35.5358
4669	786.482	35.426
4672	785.872	35.3445
4691	790.083	35.8495
4698	791.815	36.0764
4717	778.34	34.3813
4723	782.726	34.9783
4724	783.358	35.0443
4735	785.126	35.2257
4738	782.539	34.8991
4740	783.931	35.0464
4745	784.641	35.1357
4748	787.165	35.5045
4758	788.574	35.6132
4784	783.989	35.1486
4800	782.713	34.882
4803	785.086	35.2104
4808	784.791	35.1685
4813	785.872	35.2953
4817	786.051	35.2814
4822	787.74	35.5422
4825	789.505	35.7781
4835	792.757	36.2042
4862	784.287	35.1513
4866	784.337	35.1297
4870	785.332	35.2384
4872	782.439	34.8455
4878	785.131	35.2018
4883	784.115	35.0296
4884	786.266	35.3753
4891	789.218	35.7542
4893	785.968	35.2921
4894	788.989	35.6846
4907	787.823	35.5027
4943	783.558	34.9588
4945	787.221	35.5151
4955	786.713	35.3781
4963	788.861	35.6678
4964	789.126	35.7073
4965	789.571	35.8022
4969	789.652	35.7394
4998	782.728	34.9112
5003	781.997	34.8095
5005	784.574	35.1385
5006	785.203	35.2237
5008	783.725	35.0091
5012	784.394	35.1217
5018	785.901	35.2699
5024	786.758	35.3775
5025	788.838	35.6872
5029	787.755	35.5237
5045	787.103	35.3757
5065	782.062	34.8892
5075	780.415	34.569
5085	782.883	34.9173
5088	784.238	35.0967
5089	784.533	35.11
5093	783.472	34.9726
5098	785.446	35.2036
5099	786.763	35.4044
5103	785.702	35.2811
5107	788.014	35.5787
5109	788.682	35.6919
5118	789.034	35.6739
5119	790.413	35.8579
5149	781.908	34.8441
5150	782.422	34.8815
5159	782.959	34.9385
5165	784.336	35.1248
5175	784.432	35.0732
5179	785.903	35.2876
5182	784.808	35.1437
5183	788.247	35.5857
5194	787.215	35.3704
5219	778.157	34.3455
5223	781.5	34.7542
5233	781.57	34.7399
5234	782.412	34.8769
5240	784.784	35.1577
5241	784.415	35.1202
5242	783.131	34.9382
5248	784.357	35.0848
5249	784.481	35.1155
5252	787.173	35.4601
5254	785.925	35.2659
5256	787.507	35.4979
5261	787.268	35.4045
5286	794.277	36.3103
5289	778.525	34.4053
5303	781.929	34.8063
5314	784.457	35.1423
5319	783.386	34.9677
5320	780.475	34.6025
5321	782.742	34.8765
5325	781.164	34.6817
5326	782.58	34.8726
5341	784.302	34.9952
5344	787.613	35.4855
5346	787.544	35.4593
5347	786.537	35.3262
5349	789.96	35.8282
5352	789.631	35.7869
5383	780.58	34.6409
5386	781.369	34.7582
5388	779.587	34.4795
5395	783.64	35.0248
5398	782.617	34.8986
5399	782.473	34.85
5405	782.028	34.8019
5406	783.688	35.0241
5412	783.686	35.0478
5413	783.504	34.9664
5414	784.806	35.1474
5416	785.169	35.1896
5424	785.541	35.2343
5425	787.603	35.5192
5433	788.389	35.6002
5435	788.094	35.5594
5438	788.401	35.5849
5441	790.01	35.8077
5443	788.141	35.5945
5469	781.942	34.8478
5470	781.107	34.6704
5475	783.822	35.0906
5478	781.518	34.7477
5479	782.345	34.8619
5482	781.045	34.6373
5487	782.366	34.8513
5490	785.226	35.2331
5492	782.902	34.8878
5495	783.469	34.9634
5497	785.026	35.1941
5502	784.497	35.0795
5504	783.785	34.931
5508	787.12	35.4007
5515	788.469	35.6316
5543	776.729	34.0978
5550	782.526	34.914
5553	779.375	34.4618
5555	782.945	34.9377
5562	783.24	34.9747
5563	783.691	34.9981
5566	782.325	34.8498
5573	783.118	34.893
5574	785.231	35.1806
5578	783.894	34.9471
5579	785.173	35.1917
5584	787.674	35.5257
5585	782.15	34.7277
5586	786.993	35.4255
5589	785.874	35.2438
5595	787.237	35.4186
5596	786.202	35.2765
5598	788.603	35.5761
5604	791.803	36.0134
5606	789.468	35.7122
5618	776.623	34.1226
5624	780.098	34.6139
5633	781.15	34.6621
5634	781.485	34.6955
5636	781.53	34.725
5641	783.923	35.0243
5644	784.991	35.2049
5648	784.429	35.1091
5651	783.33	34.9018
5655	783.406	34.9684
5657	784.557	35.13
5659	785.125	35.1762
5671	789.306	35.7292
5673	782.764	34.7789
5676	784.374	35.0274
5688	787.24	35.3693
5695	790.156	35.7648
5710	779.481	34.5498
5718	779.696	34.5148
5734	782.407	34.8282
5735	782.496	34.8815
5737	781.373	34.7198
5745	783.798	35.0238
5746	784.142	35.0504
5747	783.394	34.9705
5748	785.533	35.2253
5750	784.282	35.0507
5752	783.765	34.9543
5755	786.804	35.4101
5759	786.602	35.3547
5764	786.158	35.2886
5770	788.718	35.551
5772	789.844	35.7239
5773	788.784	35.5607
5780	775.324	33.9625
5801	781.842	34.7684
5803	782.826	34.8951
5806	782.696	34.8681
5807	782.872	34.863
5808	782.98	34.8993
5810	783.424	34.9284
5812	785.462	35.2125
5814	784.646	35.1062
5816	783.574	34.944
5827	787.052	35.4003
5828	789.732	35.7934
5834	787.783	35.439
5835	787.654	35.4743
5841	790.469	35.7762
5853	780.815	34.7149
5854	778.84	34.3873
5855	778.027	34.2733
5864	780.35	34.551
5865	780.745	34.615
5875	783.81	34.9811
5878	780.752	34.6028
5879	783.917	35.0289
5880	782.208	34.8002
5881	782.295	34.7922
5883	784.052	35.0131
5886	781.983	34.7398
5887	780.506	34.5012
5889	784.964	35.1268
5890	784.814	35.1018
5893	782.216	34.7178
5894	783.278	34.891
5899	784.303	35.0098
5902	785.147	35.1139
5906	785.477	35.1487
5907	788.077	35.5593
5910	786.933	35.3373
5911	786.423	35.2382
5924	775.356	34.0094
5931	777.935	34.3094
5937	779.685	34.5087
5938	779.487	34.4792
5939	781.821	34.7758
5941	780.042	34.5637
5945	778.049	34.2421
5949	780.855	34.6223
5950	779.586	34.4444
5951	782.859	34.9119
5953	781.934	34.7347
5954	782.304	34.8315
5957	782.769	34.8806
5965	781.857	34.702
5967	782.651	34.7966
5969	784.455	35.0741
5970	785.2	35.1717
5972	783.281	34.8972
5974	786.597	35.3289
5976	786.772	35.362
5980	787.403	35.4706
5981	784.147	34.9774
5985	786.192	35.2844
5990	790.025	35.8146
5997	787.074	35.3559
6002	787.911	35.4717
6024	780.307	34.6206
6027	780.877	34.6678
6037	782.249	34.7752
6038	781.464	34.7297
6041	783.49	34.996
6042	783.194	34.9386
6044	783.03	34.9191
6045	784.196	35.0716
6046	783.315	34.9451
6048	784.597	35.1288
6050	784.207	35.0645
6051	782.369	34.7868
6052	785.381	35.2166
6054	781.785	34.6616
6057	783.236	34.8936
6058	783.77	34.9665
6060	783.817	34.9954
6063	784.708	35.0735
6064	784.765	35.1164
6066	785.284	35.1463
6073	785.337	35.173
6075	783.814	34.9085
6076	784.636	35.0695
6095	793.395	36.188
6114	779.169	34.3995
6119	779.558	34.4685
6120	779.598	34.4236
6122	781.585	34.7277
6123	781.42	34.6752
6126	783.822	35.0194
6128	781.375	34.7207
6131	781.486	34.7018
6132	779.184	34.352
6135	782.299	34.7952
6137	782.733	34.8959
6139	783.494	34.9613
6140	782.494	34.7911
6143	781.382	34.6329
6148	784.102	34.997
6152	783.56	34.9151
6153	784.509	35.0727
6155	784.796	35.1326
6157	786.656	35.3532
6159	785.92	35.2545
6162	785.197	35.1387
6168	784.635	35.0294
6170	787.632	35.4397
6180	791.049	35.8607
6198	779.285	34.4347
6199	778.987	34.415
6203	780.238	34.5585
6205	780.675	34.5899
6206	779.726	34.4413
6207	781.635	34.7512
6209	782.654	34.8405
6212	781.894	34.7156
6213	783.231	34.9259
6215	783.173	34.9101
6216	783.538	34.9751
6218	782.853	34.8938
6220	784.092	35.0352
6226	781.804	34.7135
6229	783.451	34.8623
6231	783.581	34.9435
6232	784.233	35.0465
6235	783.784	34.9465
6236	785.975	35.2558
6239	784.748	35.0761
6240	784.947	35.0903
6242	785.069	35.1144
6246	787.919	35.4707
6260	787.455	35.3886
6262	790.454	35.8258
6275	779.583	34.5211
6277	777.992	34.2504
6278	776.594	34.0834
6289	781.643	34.7521
6292	782.116	34.799
6293	777.976	34.2445
6297	780.843	34.6031
6301	781.054	34.6396
6304	782.18	34.785
6305	780.998	34.6129
6310	779.075	34.3314
6311	782.294	34.7818
6312	783.514	34.9807
6315	784.307	35.057
6316	784.659	35.1071
6317	781.901	34.7096
6319	784.915	35.1068
6322	782.612	34.8039
6326	784.832	35.0937
6328	784.412	35.0502
6332	784.404	35.0398
6334	785.966	35.2208
6335	783.707	34.9295
6336	787.813	35.4792
6348	785.915	35.2038
6353	791.314	35.9211
6373	780.239	34.5741
6376	777.699	34.2403
6377	778.243	34.2576
6386	778.85	34.3728
6387	780.84	34.6393
6389	779.73	34.4599
6391	779.662	34.4575
6393	780.23	34.5149
6396	780.035	34.4658
6397	784.22	35.075
6398	780.939	34.6481
6405	783.154	34.8809
6406	783.158	34.8924
6407	783.197	34.8899
6409	783.035	34.8371
6412	784.961	35.1509
6414	783.619	34.9213
6417	783.646	34.9607
6418	784.515	35.0694
6420	781.487	34.645
6421	785.173	35.1522
6423	787.794	35.5031
6430	786.831	35.3728
6435	788.502	35.5662
6436	786.133	35.1701
6445	789.66	35.6934
6446	773.912	33.7553
6451	775.288	33.939
6454	778.251	34.3309
6455	779.134	34.4343
6457	778.918	34.3791
6461	778.245	34.2933
6466	780.06	34.5307
6467	780.513	34.5382
6468	777.934	34.189
6471	781.663	34.7182
6474	782.174	34.7921
6478	781.712	34.7002
6479	780.255	34.4985
6489	782.978	34.8402
6492	783.768	34.9636
6493	778.057	34.1823
6494	781.059	34.5866
6495	782.709	34.8292
6496	781.022	34.5727
6497	781.64	34.6452
6499	781.999	34.7063
6500	785.276	35.1674
6503	784.016	34.9745
6507	784.818	35.0806
6512	786.211	35.2601
6524	786.782	35.3318
6527	788.984	35.6567
6538	776.66	34.1492
6540	776.963	34.1836
6541	775.978	34.0135
6546	780.301	34.5765
6548	779.735	34.5072
6550	779.595	34.4637
6551	781.033	34.6921
6553	777.918	34.2211
6555	780.257	34.5458
6557	781.643	34.7224
6558	779.556	34.45
6559	781.528	34.749
6560	780.058	34.5512
6562	779.44	34.3726
6563	780.633	34.5849
6564	779.433	34.3635
6565	780.331	34.5129
6566	780.708	34.5516
6567	780.137	34.4741
6568	782.346	34.7952
6569	780.879	34.5829
6570	781.065	34.6154
6578	782.414	34.7916
6589	781.88	34.6749
6590	786.841	35.3871
6592	782.746	34.7873
6593	784.683	35.0541
6594	782.989	34.8029
6597	785.483	35.1998
6599	782.014	34.6736
6607	785.041	35.0797
6627	778.729	34.3882
6629	775.012	33.8653
6631	777.337	34.1672
6633	776.619	34.0502
6635	779.998	34.5181
6636	777.62	34.18
6640	778.894	34.3446
6642	779.927	34.4784
6644	780.13	34.5091
6645	780.723	34.6133
6648	781.22	34.617
6649	777.498	34.106
6651	782.7	34.8697
6654	780.428	34.4973
6655	782.972	34.8874
6657	780.213	34.4672
6659	781.504	34.6478
6660	781.462	34.6719
6665	782.778	34.843
6668	780.672	34.5253
6669	782.952	34.8538
6670	783.338	34.8928
6671	781.616	34.6376
6672	784.846	35.0614
6676	783.652	34.93
6682	784.892	35.0979
6685	787.939	35.4803
6688	784.711	35.0286
6691	787.084	35.3724
6704	775.695	33.9269
6706	779.046	34.4102
6708	777.254	34.1504
6710	781.633	34.716
6712	780.836	34.6499
6713	779.002	34.3922
6715	780.701	34.5754
6716	779.458	34.3814
6717	780.204	34.5143
6718	781.164	34.6804
6719	781.733	34.68
6720	779.197	34.3507
6721	778.831	34.3083
6726	783.353	34.9534
6728	782.041	34.7416
6729	781.301	34.6348
6731	781.397	34.6687
6733	781.769	34.6614
6735	782.166	34.7804
6737	784.849	35.1016
6739	782.485	34.7902
6740	783.471	34.9098
6741	781.631	34.6551
6742	784.41	35.0793
6745	784.395	35.0406
6746	781.675	34.6398
6750	783.231	34.8232
6757	787.804	35.4884
6764	786.666	35.3311
6765	783.483	34.8223
6782	780.956	34.6439
6783	777.359	34.1217
6786	777.172	34.1378
6788	780.015	34.4915
6789	780.755	34.6169
6791	781.397	34.6848
6793	782.3	34.8148
6795	780.863	34.6523
6797	781.603	34.7039
6798	781.801	34.7278
6802	780.219	34.4966
6803	784.296	35.0606
6804	780.742	34.5397
6805	782.455	34.7737
6806	782.536	34.7901
6808	782.018	34.7431
6810	782.858	34.8151
6811	783.36	34.911
6813	782.987	34.8251
6817	785.556	35.1935
6825	782.762	34.7977
6831	785.923	35.1903
6832	786.003	35.1979
6838	784.759	35.0177
6845	775.15	33.9371
6854	776.434	34.0295
6859	777.985	34.2154
6862	777.26	34.1079
6863	779.621	34.4685
6866	778.509	34.2939
6867	782.259	34.8076
6872	779.39	34.4299
6873	778.158	34.2068
6874	781.151	34.6192
6875	781.876	34.7082
6876	780.313	34.4969
6878	781.106	34.6344
6879	782.262	34.7643
6882	780.058	34.4149
6883	782.35	34.7813
6884	780.981	34.612
6887	781.791	34.6792
6890	780.534	34.5302
6893	782.252	34.7431
6894	781.926	34.6844
6896	784.252	34.9838
6898	783.367	34.87
6904	784.671	35.0359
6907	785.897	35.2335
6909	784.015	34.9627
6911	781.905	34.6686
6921	788.419	35.5076
6927	775.668	33.9654
6928	775.803	33.9737
6931	775.924	33.959
6935	776.001	33.9659
6943	777.304	34.124
6944	779.942	34.4462
6948	778.927	34.3236
6949	778.726	34.3056
6950	782.547	34.8475
6951	779.945	34.4505
6953	780.34	34.5365
6955	780.526	34.5402
6957	781.396	34.6606
6958	778.97	34.2967
6959	781.765	34.7064
6960	778.935	34.3013
6962	781.81	34.7239
6965	778.108	34.179
6970	781.185	34.5823
6971	784.183	35.024
6973	784.457	35.0428
6977	783.828	34.9391
6980	782.996	34.829
6985	781.511	34.5779
6990	782.319	34.7454
6994	782.113	34.6464
6995	787.066	35.3731
6998	783.817	34.8829
7011	774.044	33.7738
7017	778.107	34.2521
7023	779.665	34.442
7028	777.932	34.1991
7032	778.433	34.298
7034	780.433	34.5256
7035	780.654	34.5613
7036	780.13	34.4896
7037	780.35	34.5322
7038	780.759	34.563
7039	781.455	34.6353
7041	781.352	34.639
7042	782.463	34.7756
7045	780.528	34.5615
7049	784.035	35.0084
7052	780.636	34.5008
7053	783.893	34.959
7054	781.119	34.583
7055	782.683	34.7817
7056	782.274	34.7402
7058	779.704	34.3371
7059	783.129	34.849
7064	783.597	34.9227
7067	781.577	34.6053
7088	777.295	34.1479
7094	776.109	33.9801
7096	778.024	34.2268
7097	777.702	34.2078
7099	778.428	34.2847
7102	775.38	33.8862
7106	779.973	34.4547
7108	779.663	34.5046
7110	778.378	34.2212
7111	778.007	34.2075
7113	778.937	34.3176
7114	780.679	34.5869
7115	780.834	34.5642
7116	779.956	34.4595
7117	780.079	34.4792
7119	779.296	34.3612
7121	781.288	34.6621
7125	782.198	34.7651
7129	783.868	35.0072
7130	780.292	34.4477
7133	783.125	34.8614
7135	781.13	34.5962
7137	782.259	34.6917
7142	782.155	34.699
7143	783.25	34.8493
7144	784.496	35.0144
7146	785.005	35.1092
7150	783.943	34.9205
7156	783.809	34.8869
7159	772.179	33.5187
7178	777.124	34.12
7179	779.397	34.4213
7184	775.321	33.8524
7185	780.562	34.5678
7191	779.407	34.3973
7200	779.224	34.3665
7201	779.643	34.4053
7203	779.243	34.3586
7205	781.057	34.6175
7206	780.117	34.4549
7208	780.497	34.5362
7209	782.51	34.831
7210	781.075	34.5814
7211	781.355	34.6353
7212	780.544	34.5156
7213	780.05	34.4127
7217	783.399	34.9231
7221	781.926	34.6668
7224	781.186	34.584
7225	784.026	34.9935
7228	783.653	34.8976
7233	783.65	34.9003
7235	785.494	35.1765
7240	771.867	33.4564
7248	775.369	33.928
7252	774.378	33.7416
7256	776.325	34.0234
7262	779.941	34.4806
7266	777.269	34.0893
7267	781.429	34.6702
7275	780.3	34.5107
7276	780.844	34.575
7277	780.457	34.5024
7280	780.412	34.4852
7281	778.977	34.2902
7291	781.299	34.5541
7293	785.109	35.1135
7294	783.737	34.9257
7299	784.555	35.0166
7310	774.672	33.8055
7312	776.353	34.0498
7319	775.836	33.9677
7330	777.032	34.0473
7333	780.981	34.604
7334	778.353	34.2452
7341	778.706	34.2912
7342	779.538	34.3868
7344	781.167	34.6027
7346	780.603	34.5537
7351	779.838	34.4374
7352	781.279	34.6477
7356	780.849	34.5393
7359	784.809	35.0987
7363	780.936	34.5778
7369	782.914	34.817
7370	780.898	34.5231
7395	778.909	34.3635
7397	777.451	34.1493
7399	778.006	34.2443
7402	778.385	34.2563
7407	777.82	34.1837
7409	780.344	34.5216
7412	778.079	34.2152
7413	778.187	34.2283
7415	782.009	34.7938
7416	778.31	34.2481
7419	778.046	34.2035
7431	781.936	34.7218
7432	779.279	34.3098
7433	782.069	34.7278
7438	783.006	34.8436
7447	782.528	34.8067
7448	785.192	35.1302
7452	773.691	33.7691
7459	774.863	33.8277
7467	778.296	34.3443
7469	778.158	34.2666
7472	778.904	34.3826
7475	776.58	34.0161
7476	779.192	34.4045
7477	779.828	34.497
7479	779.804	34.4786
7482	778	34.1974
7485	779.416	34.393
7486	780.827	34.5986
7487	781.779	34.7287
7488	780.512	34.5836
7489	782.856	34.8495
7493	782.457	34.7916
7496	779.072	34.3641
7502	782.402	34.7606
7520	776.796	34.1706
7522	774.96	33.8772
7525	778.689	34.4348
7529	778.701	34.3716
7531	777.355	34.2176
7532	778.276	34.3296
7534	778.298	34.2902
7543	779.751	34.4874
7549	781.716	34.72
7553	781.562	34.7039
7554	783.732	34.9976
7564	771.888	33.5286
7567	776.12	34.1017
7571	775.839	34.0328
7574	776.618	34.1902
7587	778.106	34.2832
7589	781.666	34.7746
7590	776.8	34.0993
7591	779.804	34.5563
7593	779.114	34.4603
7594	780.257	34.6083
7596	781.757	34.7646
7603	772.274	33.6607
7609	778.036	34.403
7611	776.559	34.1836
7612	778.1	34.4186
7618	777.181	34.1954
7621	776.219	34.0879
7624	778.858	34.4748
7627	779.939	34.6103
7639	780.807	34.6456
7648	774.176	33.9203
7649	772.222	33.6081
7659	776.009	34.1378
7661	775.169	33.9935
7668	777.899	34.3575
7673	780.058	34.6137
7679	777.062	34.2012
7687	775.348	34.0949
7693	774.807	34.0017
7695	774.93	34.0018
7706	778.835	34.5385
7708	778.36	34.4075
7711	777.953	34.4048
