1	792.841	37.9125
9	793.015	37.9215
11	793.798	38.0305
27	793.362	37.8672
28	793.356	37.8796
59	790.822	37.6032
62	792.477	37.8488
70	793.259	37.9079
114	790.118	37.4765
117	792.437	37.8349
130	793.435	37.9143
172	788.755	37.2496
174	789.958	37.4138
176	794.616	38.1313
181	792.751	37.8177
199	797.21	38.3821
206	801.557	39.0127
213	788.821	37.3366
236	790.443	37.4807
250	795.896	38.2421
310	795.286	38.1342
315	791.795	37.5873
317	797.694	38.5079
318	795.559	38.153
321	797.37	38.436
347	791.761	37.7194
356	790.264	37.4447
362	791.811	37.6731
371	795.886	38.223
377	799.062	38.6439
397	788.108	37.2092
407	792.703	37.8671
413	792.279	37.7617
417	794.332	38.0644
419	788.782	37.2118
421	794.371	38.0479
460	788.494	37.259
466	789.347	37.3465
468	790.598	37.5172
477	792.252	37.7086
479	793.168	37.8522
481	790.795	37.467
528	791.164	37.646
531	789.783	37.4049
538	789.956	37.3984
543	791.125	37.5341
552	795.004	38.0418
556	798.777	38.6105
558	799.52	38.7115
580	791.705	37.6609
583	793.632	37.9968
596	793.03	37.8162
609	797.999	38.5336
641	788.048	37.1732
651	790.795	37.5602
668	791.325	37.5948
681	796.039	38.2289
686	797.089	38.3472
727	791.849	37.6604
728	790.38	37.4269
735	791.799	37.6204
736	792.441	37.7427
738	794.933	38.0773
747	796.648	38.3193
750	796.14	38.2311
757	798.107	38.4627
764	802.233	39.0334
787	789.971	37.4185
797	793.841	37.9904
800	792.864	37.8138
803	790.769	37.4664
810	793.252	37.7794
811	796.112	38.2387
812	795.332	38.114
823	794.343	37.9135
848	790.131	37.4976
856	791.142	37.6111
862	791.059	37.5831
873	794.668	38.0821
878	791.896	37.6184
880	792.505	37.7176
886	795.86	38.1871
890	797.452	38.4212
900	796.08	38.1536
901	796.682	38.216
906	784.958	36.7774
917	786.474	36.9679
921	786.447	36.9451
931	789.018	37.2967
940	790.966	37.5242
968	784.618	36.6914
969	788.119	37.215
978	788.465	37.1983
993	791.928	37.6771
994	791.522	37.5755
996	790.234	37.375
998	793.53	37.8971
1003	792.303	37.6693
1007	790.681	37.4201
1009	793.738	37.8765
1010	793.775	37.8852
1017	796.216	38.2344
1055	789.858	37.3903
1061	792.087	37.726
1062	789.559	37.3208
1065	792.702	37.7872
1072	792.41	37.7218
1076	792.703	37.7597
1085	793.806	37.8559
1093	795.282	38.0041
1107	784.168	36.6417
1138	789.672	37.3348
1141	789.923	37.3562
1143	791.008	37.5247
1149	793.195	37.8332
1155	793.536	37.8576
1158	795.413	38.1189
1167	799.193	38.6548
1172	798.28	38.4569
1177	782.391	36.3886
1181	783.648	36.5394
1186	787.529	37.1019
1199	792.492	37.7858
1222	792.601	37.7217
1227	791.697	37.5665
1228	792.17	37.6519
1231	796.404	38.2922
1234	793.664	37.8593
1236	793.883	37.8788
1239	795.401	38.0972
1244	795.248	38.0406
1256	784.988	36.7543
1265	787.694	37.1176
1278	785.292	36.7219
1282	789.596	37.3496
1288	789.657	37.3067
1289	791.715	37.6377
1290	791.593	37.6281
1298	794.011	37.8991
1301	795.715	38.1584
1302	793.851	37.8742
1303	796.651	38.3113
1326	786.184	36.9321
1337	788.136	37.1491
1341	786.935	36.9654
1343	787.55	37.0556
1345	790.639	37.5204
1349	792.22	37.7266
1351	790.318	37.4348
1357	792.33	37.7183
1359	791.819	37.647
1362	790.526	37.4168
1363	788.664	37.1378
1368	791.535	37.5586
1369	791.968	37.624
1376	796.702	38.3087
1382	796.398	38.2431
1383	795.468	38.074
1409	789.209	37.3475
1422	789.995	37.3938
1429	790.105	37.3938
1431	791.315	37.5862
1434	791.071	37.5277
1438	789.406	37.2746
1439	793.007	37.8283
1443	793.346	37.8359
1444	791.139	37.5161
1445	789.97	37.3227
1447	793.655	37.8671
1453	792.87	37.7252
1473	799.697	38.6236
1479	781.535	36.2791
1497	787.342	37.0202
1503	790.191	37.4536
1505	788.159	37.1348
1507	788.784	37.209
1509	789.879	37.3742
1510	789.449	37.2837
1511	790.666	37.4763
1514	791.124	37.5287
1516	790.891	37.4921
1519	792.428	37.718
1520	789.916	37.3225
1526	791.805	37.5916
1528	792.076	37.6192
1536	796.181	38.1948
1539	796.494	38.2544
1553	783.464	36.5389
1558	788.071	37.1908
1564	787.423	37.0603
1570	789.063	37.2731
1576	788.816	37.1844
1579	790.634	37.4534
1581	790.689	37.4623
1583	788.521	37.1401
1584	790.778	37.467
1590	791.042	37.4853
1591	790.891	37.4635
1595	792.087	37.6407
1596	793.283	37.8012
1598	793.749	37.8772
1602	794.489	37.9547
1609	791.342	37.4744
1610	793.857	37.8213
1621	799.571	38.6882
1622	792.253	37.564
1623	797.728	38.3858
1640	784.207	36.6172
1645	787.077	37.015
1650	786.81	36.9831
1654	787.554	37.0527
1656	787.507	37.0176
1659	789.901	37.3868
1662	787.681	37.022
1663	788.096	37.1005
1664	789.387	37.3014
1666	791.53	37.6239
1667	789.254	37.2567
1668	792.008	37.7149
1673	788.054	37.0566
1676	789.369	37.2334
1680	792.775	37.7656
1684	793.324	37.8202
1685	792.277	37.6448
1688	795.142	38.0857
1691	792.373	37.6653
1695	796.509	38.2877
1701	795.764	38.1492
1714	800.506	38.7926
1734	785.835	36.8162
1742	787.726	37.0593
1745	789.216	37.2494
1747	788.226	37.1125
1748	789.43	37.3056
1751	789.455	37.2741
1753	787.513	36.9973
1754	790.411	37.4326
1756	790.212	37.3955
1760	791.391	37.5581
1765	790	37.33
1766	790.721	37.4586
1769	792.489	37.6935
1771	793.575	37.8597
1774	791.65	37.5395
1783	795.482	38.1193
1825	786.864	36.9856
1827	787.1	37.0147
1830	786.51	36.8855
1834	787.165	36.9933
1836	790.536	37.5163
1839	788.848	37.2434
1841	790.036	37.4059
1844	791.242	37.5573
1849	790.677	37.4451
1850	790.574	37.4408
1852	791.67	37.5975
1854	788.698	37.1314
1855	792.123	37.6631
1862	791.324	37.5174
1866	793.314	37.7859
1873	792.625	37.6708
1881	797.673	38.3909
1889	800.622	38.7687
1895	785.014	36.7159
1897	789.233	37.3467
1899	786.586	36.9348
1912	788.141	37.1055
1916	787.372	36.9555
1918	789.207	37.2168
1919	789.493	37.2789
1921	790.602	37.4574
1923	791.099	37.5217
1924	791.824	37.6194
1928	791.201	37.5051
1931	792.83	37.7548
1938	789.197	37.1554
1972	787.297	37.0071
1974	788.473	37.1785
1975	787.562	37.0328
1977	788.306	37.1398
1979	788.356	37.1448
1989	788.776	37.1896
1990	790.671	37.4611
1991	789.44	37.2747
1994	789.286	37.247
1995	790.215	37.393
1996	790.305	37.3947
2005	790.164	37.3302
2006	792.406	37.6829
2010	794.216	37.9434
2015	792.777	37.6881
2016	793.706	37.8419
2029	793.026	37.6787
2039	799.594	38.6384
2056	786.007	36.8807
2058	784.908	36.709
2064	787.343	37.0181
2066	785.084	36.7004
2067	787.915	37.1176
2068	785.856	36.7892
2072	789.141	37.2773
2076	788.077	37.1089
2078	788.367	37.1553
2079	788.437	37.1426
2082	789.182	37.2601
2084	788.397	37.136
2087	787.686	37.0014
2090	787.712	37.002
2091	791.17	37.5227
2092	788.975	37.1913
2094	789.687	37.3051
2095	790.489	37.4146
2096	787.933	37.0271
2099	790.429	37.4095
2104	793.67	37.876
2108	794.916	38.0285
2114	795.73	38.1432
2118	794.095	37.8771
2161	787.428	37.0063
2163	788.501	37.1445
2165	788.504	37.1534
2166	789.032	37.2072
2168	789.745	37.3134
2170	790.948	37.4978
2174	788.998	37.1906
2175	789.189	37.2164
2177	790.715	37.4254
2179	790.639	37.4035
2192	791.869	37.5592
2197	794.051	37.8734
2198	793.454	37.7663
2215	783.341	36.5299
2217	784.658	36.6848
2225	785.846	36.8045
2228	786.325	36.8858
2231	783.996	36.5121
2235	788.139	37.1266
2237	786.358	36.8394
2238	786.962	36.9314
2242	788.602	37.1707
2243	788.048	37.0852
2245	788.412	37.1477
2246	789.599	37.3134
2248	789.222	37.2408
2249	789.996	37.3554
2253	789.311	37.2261
2254	792.043	37.6259
2255	789.257	37.1894
2256	789.59	37.2519
2258	791.536	37.5405
2267	793.283	37.7807
2269	791.4	37.4799
2270	793.905	37.8552
2272	790.862	37.3962
2276	791.569	37.4827
2288	796.356	38.1708
2307	784.53	36.6648
2308	779.067	35.8238
2309	783.436	36.46
2310	786.395	36.8872
2312	784.105	36.542
2317	785.757	36.789
2318	786.502	36.9087
2320	786.701	36.9246
2325	786.12	36.8116
2326	788.336	37.1437
2329	789.535	37.3263
2330	786.302	36.819
2332	789.426	37.308
2333	786.746	36.8838
2334	789.576	37.3014
2335	788.649	37.1642
2338	787.943	37.0531
2339	788.391	37.1084
2340	789.044	37.2121
2341	789.39	37.2529
2343	790.138	37.3832
2344	790.176	37.3625
2347	786.954	36.8687
2348	791.213	37.521
2349	788.784	37.1368
2350	788.927	37.1575
2352	790.533	37.4151
2354	792.154	37.6244
2356	791.029	37.4827
2357	791.05	37.4755
2360	791.601	37.554
2362	792.278	37.6548
2370	790.496	37.3322
2373	791.001	37.4156
2375	793.831	37.8491
2380	793.936	37.8202
2383	791.2	37.3954
2384	795.3	38.0299
2403	783.587	36.5251
2407	784.887	36.7124
2408	786.375	36.9031
2411	784.234	36.5566
2414	785.468	36.746
2415	786.824	36.9395
2422	787.857	37.0948
2423	786.133	36.8124
2424	785.837	36.7569
2425	786.814	36.9027
2426	786.465	36.8177
2428	787.788	37.0465
2429	788.377	37.1274
2433	788.676	37.1481
2434	786.985	36.886
2435	789.978	37.3577
2436	789.765	37.292
2438	790.136	37.3384
2442	788.305	37.0761
2443	791.589	37.5696
2444	788.965	37.1463
2445	791.82	37.6002
2448	790.727	37.3916
2451	791.189	37.4662
2452	790.87	37.4099
2456	789.652	37.2248
2459	791.875	37.5504
2473	793.838	37.8118
2475	793.595	37.7495
2490	784.515	36.6479
2494	783.343	36.4268
2495	786.753	36.9389
2496	785.196	36.7352
2498	785.481	36.7379
2503	785.778	36.7776
2506	787.299	36.9902
2510	786.585	36.8651
2511	790.344	37.4408
2512	787.002	36.9186
2513	787.493	36.991
2514	787.822	37.0247
2522	789.417	37.255
2523	787.734	36.9951
2524	789.59	37.2707
2525	786.888	36.8406
2526	790.068	37.3461
2527	787.692	36.9826
2528	789.935	37.3291
2531	789.103	37.1913
2532	789.562	37.2287
2533	789.682	37.247
2536	790.064	37.3045
2538	790.92	37.429
2541	793.387	37.8059
2543	790.443	37.3322
2547	793.458	37.7875
2548	793.984	37.8661
2549	791.946	37.5416
2550	792.664	37.643
2551	796.015	38.1651
2552	793.077	37.6927
2558	792.568	37.6035
2575	781.185	36.1542
2576	782.211	36.3051
2582	785.314	36.7517
2583	783.55	36.4909
2585	786.915	36.9764
2586	783.832	36.5184
2589	784.468	36.5731
2591	785.585	36.7347
2593	786.081	36.8097
2595	786.281	36.8464
2596	787.207	36.9988
2598	786.034	36.7875
2601	786.481	36.8341
2602	786.641	36.8635
2604	787.972	37.0569
2605	789.358	37.2583
2610	789.056	37.2117
2611	789.932	37.3288
2613	787.329	36.9262
2614	789.297	37.214
2618	790.206	37.3546
2625	790.766	37.4193
2626	792.039	37.5871
2632	790.454	37.3221
2636	791.134	37.4131
2660	782.678	36.3715
2664	785.086	36.7303
2668	785.51	36.7494
2672	786.288	36.8466
2673	783.953	36.471
2674	787.011	36.9787
2678	787.396	37.0033
2680	785.623	36.7308
2681	788.349	37.1161
2683	789.118	37.241
2688	787.105	36.9076
2690	787.536	36.9841
2696	789.222	37.2357
2697	790.388	37.404
2698	789.03	37.1905
2705	789.458	37.2285
2706	792.782	37.7168
2709	789.55	37.2127
2711	790.408	37.3408
2713	790.747	37.3996
2715	791.617	37.5179
2719	793.09	37.718
2723	794.171	37.8671
2724	795.601	38.0726
2728	793.897	37.7782
2738	782.835	36.3706
2739	783.843	36.5008
2748	785.832	36.7828
2750	783.523	36.4274
2751	785.449	36.7175
2752	783.595	36.4321
2754	786.314	36.8319
2755	786.235	36.8272
2757	786.9	36.9195
2758	787.843	37.0503
2760	787.804	37.0461
2762	786.511	36.8407
2763	787.597	36.9991
2765	787.401	36.955
2766	786.551	36.8283
2769	790.886	37.4985
2773	786.556	36.7991
2774	789.378	37.2547
2776	788.947	37.1567
2777	790.128	37.3537
2780	787.124	36.8654
2781	790.84	37.445
2789	790.803	37.3939
2791	790.47	37.3551
2793	791.2	37.4486
2799	788.955	37.0716
2813	781.111	36.1501
2825	783.634	36.4859
2828	781.685	36.1541
2835	786.301	36.8357
2836	785.668	36.7386
2839	785.946	36.7726
2840	789.819	37.3598
2842	787.536	37.0115
2843	785.04	36.6116
2844	788.136	37.1114
2850	786.481	36.8234
2852	786.14	36.7493
2854	787.325	36.9467
2855	789.473	37.2821
2856	785.042	36.5981
2857	787.971	37.0291
2858	787.281	36.9097
2860	788.203	37.0622
2861	790.685	37.45
2862	789.102	37.2021
2863	789.252	37.1991
2865	789.223	37.1993
2866	786.39	36.7692
2868	790.294	37.3702
2871	790.103	37.3075
2872	790.61	37.3835
2875	789.655	37.2356
2876	790.027	37.2984
2879	789.143	37.1615
2885	794.033	37.8778
2895	795.685	38.0862
2908	781.167	36.1552
2919	781.529	36.161
2924	786.94	36.9382
2928	785.842	36.7675
2929	785.503	36.7114
2931	786.188	36.8
2932	785.155	36.6527
2933	788.112	37.1169
2934	788.972	37.2262
2935	787.648	37.0302
2938	788.204	37.0874
2939	788.34	37.1168
2940	791.281	37.5628
2941	786.295	36.8221
2942	788.766	37.1793
2944	786.454	36.8101
2945	788.64	37.1259
2946	786.169	36.7488
2948	787.521	36.9698
2949	786.959	36.871
2951	787.17	36.9048
2953	787.556	36.9752
2955	789.498	37.2677
2957	789.711	37.2784
2960	787.161	36.8644
2961	788.153	37.0299
2964	791.255	37.4727
2965	789.516	37.1953
2966	791.088	37.4606
2968	789.458	37.1977
2972	791.161	37.4291
2973	788.117	36.9647
2998	783.317	36.4673
3001	787.31	37.0455
3006	784.215	36.5296
3007	785.385	36.686
3009	785.439	36.7098
3010	786.459	36.8588
3012	787.594	37.0269
3014	786.469	36.8304
3016	786.719	36.8705
3018	786.6	36.843
3019	788.566	37.1532
3022	786.499	36.8394
3025	787.485	36.9553
3026	786.465	36.7923
3027	787.104	36.8847
3028	787.802	36.9805
3029	790.948	37.4618
3030	788.419	37.0856
3031	789.387	37.2405
3034	789.635	37.2603
3035	786.768	36.8296
3036	789.172	37.1806
3037	786.344	36.7579
3038	789.28	37.1827
3039	790.724	37.4221
3046	789.137	37.1666
3049	790.035	37.2802
3051	789.527	37.1905
3055	791.737	37.485
3056	791.822	37.527
3058	794.622	37.9313
3064	781.613	36.2146
3066	780.807	36.0639
3074	784.537	36.6017
3075	785.011	36.6691
3076	782.1	36.2391
3077	786.389	36.8776
3079	786.197	36.8297
3082	784.932	36.6253
3084	785.263	36.6678
3086	785.873	36.7678
3087	789.062	37.2382
3088	786.498	36.8504
3089	786.616	36.8348
3090	788.122	37.1046
3095	786.499	36.8241
3098	786.539	36.8122
3103	788.232	37.0631
3105	786.525	36.7872
3107	789.154	37.1814
3119	790.098	37.2918
3120	789.547	37.1764
3134	779.398	35.9002
3146	782.878	36.3224
3148	783.288	36.3945
3149	783.592	36.4281
3151	782.676	36.2978
3153	784.8	36.5967
3157	784.938	36.5981
3159	786.099	36.7871
3161	785.153	36.6386
3162	789.004	37.2184
3163	785.839	36.7487
3165	786.401	36.8216
3167	787.083	36.9259
3168	787.33	36.9481
3170	786.811	36.8575
3172	787.396	36.942
3173	788.419	37.1026
3174	785.426	36.642
3176	789.321	37.2356
3177	786.529	36.7879
3178	785.333	36.6238
3179	786.374	36.7681
3180	790.858	37.4517
3181	787.441	36.9325
3182	789.971	37.2939
3184	788.598	37.0967
3188	790.313	37.3483
3192	791.18	37.4866
3195	790.378	37.3369
3196	789.16	37.1511
3201	791.732	37.4712
3203	791.204	37.4008
3206	790.05	37.1793
3215	785.161	36.7062
3225	786.411	36.8658
3228	784.062	36.5036
3233	786.017	36.7645
3235	786.302	36.8073
3237	786.824	36.8837
3239	786.235	36.7739
3243	787.965	37.0366
3250	789.715	37.2641
3251	786.823	36.8304
3253	787.279	36.9024
3254	787.931	36.9836
3258	789.04	37.1406
3266	789.994	37.2875
3272	790.101	37.2755
3274	790.979	37.3842
3289	780.449	36.0095
3290	783.346	36.45
3294	782.852	36.3589
3296	782.446	36.2891
3299	784.516	36.6021
3302	782.411	36.2799
3304	786.742	36.8824
3305	784.625	36.585
3309	782.416	36.1978
3312	785.992	36.7289
3313	786.63	36.8396
3314	784.391	36.4962
3320	788.377	37.1077
3322	787.789	37.0004
3323	788.724	37.1339
3324	787.182	36.8866
3328	787.599	36.9453
3332	789.347	37.2006
3335	790.208	37.326
3338	791.223	37.4532
3339	792.005	37.5658
3347	779.683	35.9761
3352	784.683	36.6408
3355	785.094	36.6919
3356	782.624	36.3058
3359	781.564	36.1295
3362	784.906	36.6223
3364	784.693	36.5869
3365	785.514	36.7099
3367	786.288	36.8181
3369	786.741	36.87
3372	786.385	36.8387
3376	785.836	36.7173
3379	785.665	36.672
3383	788.614	37.11
3388	787.825	36.9967
3389	790.027	37.295
3397	790.25	37.2811
3398	791.714	37.5301
3406	779.097	35.8761
3411	780.222	36.0327
3413	781.389	36.1913
3416	783.13	36.4541
3417	783.475	36.4951
3421	784.19	36.5834
3424	785.302	36.7358
3432	784.241	36.5511
3433	785.457	36.7323
3434	785.087	36.6642
3435	785.089	36.6552
3446	786.6	36.8326
3448	786.821	36.9079
3450	787	36.8893
3452	787.621	36.9878
3457	788.212	37.0724
3459	786.3	36.7878
3471	790.52	37.3426
3475	790.017	37.2506
3478	778.521	35.8348
3487	782.519	36.3339
3490	783.867	36.5596
3492	784.187	36.5814
3494	784.765	36.6361
3505	786.126	36.808
3506	783.922	36.4628
3508	786.403	36.8368
3513	787.52	36.9987
3516	785.725	36.7111
3519	787.036	36.908
3520	787.968	37.0405
3522	786.953	36.8832
3531	788.969	37.1387
3534	787.78	36.921
3536	789.13	37.1077
3539	780.456	36.1138
3545	782.781	36.4452
3551	782.9	36.4332
3552	785.568	36.789
3565	784.54	36.615
3576	785.702	36.7597
3578	786.019	36.8173
3579	785.769	36.7494
3582	786.322	36.8214
3583	787.237	36.9544
3584	787.548	36.9981
3585	785.909	36.7504
3591	790.091	37.3502
3592	787.802	36.9866
3594	787.876	36.9982
3597	789.013	37.1737
3616	782.446	36.3841
3619	786.321	36.9354
3628	785.603	36.8196
3632	786.432	36.924
3636	785.213	36.7033
3637	786.967	36.9773
3639	786.956	36.9593
3643	787.219	36.992
3657	779.695	36.088
3659	780.409	36.158
3666	779.206	35.99
3673	782.73	36.4446
3675	782.009	36.3348
3679	783.256	36.4887
3685	782.66	36.413
3686	784.145	36.5881
3687	784.065	36.5706
3694	784.945	36.722
3697	786.17	36.869
3711	787.74	37.055
3724	779.733	36.0526
3734	782.238	36.3836
3735	784.868	36.7775
3737	783.684	36.5931
3747	785.302	36.7694
3760	778.449	36.0164
3764	777.571	35.8244
3769	783.542	36.6565
3770	781.379	36.3271
3772	780.777	36.2444
3773	781.382	36.3001
3782	782.376	36.4136
3789	785.159	36.8031
3795	783.281	36.5306
3797	787.332	37.1054
3800	786.787	37.0212
3805	777.197	35.8416
3812	778.424	35.9758
3818	782.022	36.43
3819	783.659	36.659
3824	783.829	36.6867
3825	781.7	36.3587
3827	785.329	36.9116
3828	783.447	36.6115
3832	784.84	36.7876
3833	785.496	36.8664
3840	792.417	37.7736
3847	796.051	38.2773
3890	793.148	37.8979
3925	795.015	38.1661
3932	791.941	37.6552
3993	791.185	37.6328
4029	800.156	38.8419
4031	800.992	38.9283
4056	790.7	37.5179
4066	797.138	38.4225
4078	798.041	38.5106
4103	792.188	37.7479
4141	790.716	37.5936
4149	793.371	37.9491
4161	795.414	38.1773
4168	792.763	37.7584
4170	797.868	38.5162
4178	800.009	38.7833
4203	791.771	37.7148
4213	792.634	37.7984
4214	795.683	38.2412
4225	796.712	38.3753
4234	797.125	38.3925
4236	798.743	38.6187
4265	793.277	37.896
4326	793.748	37.9381
4334	795.192	38.1083
4368	791.404	37.6217
4372	791.161	37.58
4382	794.597	38.0617
4390	793.68	37.8972
4467	787.447	37.1132
4476	790.7	37.5688
4487	791.082	37.592
4493	794.943	38.1215
4499	793.82	37.9278
4539	790.496	37.4849
4542	790.421	37.477
4545	791.593	37.6513
4547	792.285	37.7203
4558	794.132	37.958
4560	795.121	38.1196
4577	798.925	38.5326
4585	786.476	36.9837
4596	789.083	37.3204
4606	790.141	37.4439
4614	792.02	37.7072
4618	792.982	37.8459
4620	794.067	37.9911
4669	793.038	37.8557
4672	792.394	37.7405
4691	795.76	38.1765
4698	799.118	38.6265
4717	786.161	36.9441
4723	788.466	37.2605
4724	789.067	37.3327
4735	790.608	37.5249
4738	789.473	37.3207
4740	791.124	37.5721
4745	789.768	37.3292
4748	795.499	38.1902
4758	795.903	38.1995
4784	790.152	37.48
4800	789.942	37.3859
4803	791.235	37.5795
4808	790.877	37.4885
4813	791.687	37.5883
4817	792.742	37.7216
4822	794.68	38.0086
4825	796.377	38.2593
4835	798.491	38.5245
4862	790.003	37.4545
4866	789.521	37.3505
4870	791.818	37.6812
4872	789.388	37.2921
4878	791.412	37.5773
4883	789.683	37.3176
4884	792.45	37.7396
4891	795.212	38.1085
4893	793.018	37.7786
4894	795.642	38.1967
4907	794.211	37.9028
4943	789.392	37.2857
4945	793.052	37.8452
4955	793.81	37.9266
4963	793.975	37.8895
4964	795.927	38.1792
4965	795.435	38.0964
4969	796.116	38.1872
4998	788.691	37.238
5003	788.702	37.2277
5005	791.506	37.6328
5006	791.67	37.6451
5008	788.824	37.1867
5012	791.73	37.6457
5018	790.624	37.4198
5024	793.756	37.8823
5025	796.774	38.3627
5029	794.16	37.9293
5045	794.29	37.8752
5065	786.877	37.0058
5075	786.555	36.9261
5085	789.381	37.3229
5088	790.458	37.4936
5089	790.946	37.5328
5093	789.322	37.2824
5098	791.712	37.6114
5099	791.849	37.6354
5103	793.562	37.8813
5107	794.358	37.9893
5109	794.492	37.9845
5118	795.347	38.0855
5119	796.884	38.3085
5149	788.262	37.2075
5150	789.356	37.3231
5159	790.846	37.5376
5165	792.785	37.8122
5175	792.26	37.7014
5179	793.343	37.8117
5182	791.84	37.5799
5183	795.386	38.1206
5194	792.726	37.6691
5219	783.651	36.5226
5223	788.467	37.2481
5233	787.582	37.0294
5234	787.283	36.9763
5240	790.157	37.4069
5241	791.382	37.5989
5242	790.257	37.4207
5248	791.341	37.5456
5249	792.223	37.6756
5252	792.512	37.7118
5254	793.317	37.8279
5256	794.22	37.94
5261	793.907	37.8852
5286	801.023	38.816
5289	784.657	36.716
5303	789.173	37.3357
5314	790.986	37.5381
5319	789.304	37.2973
5320	787.434	36.998
5321	790.04	37.393
5325	787.738	37.0388
5326	790.231	37.3916
5341	790.298	37.3705
5344	794.147	37.9048
5346	795.461	38.1254
5347	792.232	37.6325
5349	796.385	38.2634
5352	796.649	38.3102
5383	785.727	36.834
5386	788.638	37.258
5388	786.574	36.9255
5395	788.505	37.2014
5398	790.03	37.4056
5399	786.652	36.8982
5405	788.443	37.1571
5406	788.511	37.1683
5412	790.69	37.4887
5413	790.849	37.4843
5414	791.158	37.534
5416	790.883	37.4885
5424	790.552	37.4082
5425	794.079	37.96
5433	794.534	37.9964
5435	795.343	38.1092
5438	795.573	38.1519
5441	796.941	38.3248
5443	793.929	37.845
5469	787.136	37.0486
5470	786.292	36.8923
5475	790.455	37.5083
5478	787.665	37.0744
5479	788.279	37.1684
5482	786.885	36.9309
5487	788.426	37.1558
5490	791.922	37.6919
5492	789.379	37.2727
5495	790.119	37.4025
5497	790.953	37.4913
5502	791.085	37.4946
5504	789.67	37.2551
5508	793.178	37.774
5515	794.127	37.9264
5543	782.921	36.4174
5550	787.59	37.0782
5553	786.184	36.8693
5555	790.007	37.4357
5562	789.952	37.3925
5563	790.581	37.4934
5566	788.451	37.1503
5573	789.477	37.2877
5574	791.776	37.6296
5578	789.997	37.3304
5579	790.432	37.3722
5584	794.187	37.9525
5585	790.223	37.3562
5586	791.773	37.5811
5589	792.177	37.6319
5595	794.761	37.9829
5596	794.228	37.9048
5598	795.621	38.0866
5604	796.9	38.2525
5606	795.738	38.0532
5618	782.456	36.3493
5624	786.17	36.8691
5633	786.983	36.9786
5634	787.278	37.011
5636	788.381	37.1662
5641	788.879	37.2263
5644	790.597	37.4795
5648	791.235	37.5776
5651	789.595	37.3035
5655	790.119	37.3877
5657	790.338	37.4228
5659	790.269	37.4145
5671	796.042	38.221
5673	790.813	37.4069
5676	791.393	37.4699
5688	794.381	37.8948
5695	796.291	38.1342
5710	784.812	36.7188
5718	786.51	36.9239
5734	788.523	37.2024
5735	789.576	37.3329
5737	789.7	37.3623
5745	789.714	37.3086
5746	789.298	37.2349
5747	790.965	37.4994
5748	790.581	37.4378
5750	792.702	37.7518
5752	789.33	37.1979
5755	793.469	37.8539
5759	792.085	37.5926
5764	791.16	37.4466
5770	795.489	38.0032
5772	795.942	38.0678
5773	795.248	37.9501
5780	782.791	36.4701
5801	788.012	37.1015
5803	789.091	37.2709
5806	788.795	37.1903
5807	788.594	37.1459
5808	789.152	37.2198
5810	790.603	37.4392
5812	790.83	37.4556
5814	791.317	37.5382
5816	789.933	37.3135
5827	793.548	37.8108
5828	796.515	38.2729
5834	793.739	37.8134
5835	795.245	38.0516
5841	796.845	38.2138
5853	786.724	36.9854
5854	785.384	36.7734
5855	785.096	36.7048
5864	786.943	36.9603
5865	786.176	36.8214
5875	789.419	37.2891
5878	787.287	36.9624
5879	789.803	37.3457
5880	788.56	37.1378
5881	789.816	37.336
5883	788.809	37.1622
5886	788.889	37.1704
5887	787.463	36.9623
5889	791.966	37.6328
5890	791.021	37.4709
5893	787.055	36.8699
5894	789.642	37.2392
5899	790.864	37.4386
5902	791.715	37.533
5906	791.803	37.5288
5907	794.139	37.8839
5910	793.831	37.8179
5911	793.198	37.7093
5924	782.386	36.4343
5931	784.178	36.6224
5937	784.39	36.6068
5938	785.126	36.7123
5939	789.176	37.3197
5941	786.774	36.9485
5945	784.574	36.6112
5949	787.338	37.0087
5950	787.565	37.0475
5951	787.74	37.0533
5953	788.41	37.144
5954	787.784	37.0561
5957	788.908	37.2037
5965	789.277	37.2268
5967	790.214	37.3791
5969	789.709	37.2879
5970	791.891	37.6137
5972	791.761	37.5859
5974	791.595	37.5478
5976	792.16	37.6356
5980	793.633	37.8538
5981	791.157	37.4261
5985	791.992	37.5775
5990	795.684	38.1226
5997	793.489	37.7512
6002	794.594	37.9171
6024	786.481	36.9122
6027	787.086	36.9744
6037	787.605	37.0257
6038	788.087	37.1086
6041	787.673	37.0469
6042	788.845	37.2158
6044	788.876	37.2037
6045	789.493	37.2937
6046	789.732	37.3281
6048	790.387	37.4005
6050	790.951	37.4945
6051	789.583	37.3022
6052	791.358	37.56
6054	789.426	37.2575
6057	789.296	37.2144
6058	789.715	37.2833
6060	790.162	37.3537
6063	790.735	37.4121
6064	791.481	37.5286
6066	791.54	37.5346
6073	791.517	37.5269
6075	789.498	37.1909
6076	792.314	37.6281
6095	797.445	38.3047
6114	786.066	36.8389
6119	785.536	36.7256
6120	785.679	36.7307
6122	786.078	36.7969
6123	787.093	36.9617
6126	789.381	37.323
6128	787.895	37.0721
6131	788.468	37.1451
6132	785.519	36.7106
6135	787.977	37.0749
6137	788.655	37.1702
6139	789.213	37.2474
6140	789.819	37.3264
6143	788.772	37.1561
6148	790.097	37.3508
6152	790.281	37.3522
6153	790.733	37.4302
6155	790.496	37.3791
6157	792.166	37.6176
6159	789.923	37.2727
6162	791.644	37.5455
6168	791.229	37.4418
6170	794.917	37.9843
6180	797.267	38.2753
6198	784.862	36.673
6199	784.035	36.5543
6203	787.913	37.1006
6205	786.628	36.8784
6206	786.524	36.8401
6207	787.494	36.9859
6209	788.257	37.0972
6212	788.279	37.1058
6213	789.706	37.3342
6215	788.839	37.1799
6216	789.248	37.2321
6218	788.705	37.1603
6220	789.868	37.3147
6226	788.762	37.1449
6229	791.017	37.4786
6231	791.303	37.5047
6232	791.487	37.5389
6235	790.554	37.3827
6236	791.277	37.4961
6239	791.727	37.5687
6240	792.286	37.6666
6242	791.779	37.5619
6246	793.383	37.7948
6260	792.534	37.6098
6262	796.855	38.2517
6275	785.489	36.8186
6277	783.405	36.4955
6278	782.455	36.3521
6289	787.704	37.0673
6292	787.918	37.1015
6293	786.187	36.8422
6297	786.943	36.9358
6301	786.781	36.8847
6304	788.366	37.121
6305	787.652	37.0116
6310	786.151	36.763
6311	789.259	37.2344
6312	789.855	37.3445
6315	790.258	37.3879
6316	791.394	37.563
6317	788.336	37.0796
6319	791.316	37.5387
6322	790.171	37.3443
6326	790.008	37.2854
6328	791.485	37.5342
6332	791.495	37.5262
6334	792.86	37.7463
6335	790.308	37.3436
6336	792.436	37.6666
6348	791.71	37.4813
6353	796.194	38.1397
6373	785.581	36.8012
6376	783.729	36.4894
6377	783.981	36.5257
6386	785.927	36.8083
6387	785.973	36.804
6389	787.549	37.0341
6391	785.215	36.6509
6393	786.597	36.8731
6396	788.645	37.1717
6397	789.822	37.3529
6398	788.198	37.1008
6405	788.249	37.0879
6406	789.88	37.3138
6407	787.513	36.9453
6409	787.322	36.925
6412	791.16	37.488
6414	790.31	37.3863
6417	789.931	37.3063
6418	790.161	37.3242
6420	788.364	37.0228
6421	791.121	37.479
6423	793.655	37.8383
6430	793.454	37.7982
6435	795.114	38.0197
6436	793.115	37.7087
6445	795.541	38.0339
6446	780.336	36.1335
6451	779.818	35.9562
6454	783.898	36.5303
6455	784.877	36.6791
6457	784.729	36.6487
6461	784.733	36.6356
6466	786.03	36.7884
6467	785.55	36.7276
6468	784.824	36.6062
6471	788.144	37.1055
6474	788.245	37.1095
6478	787.59	37.0072
6479	788.179	37.0792
6489	789.432	37.2544
6492	789.783	37.2989
6493	785.011	36.5722
6494	787.181	36.9079
6495	789.539	37.2693
6496	787.692	36.9626
6497	787.692	36.971
6499	788.908	37.1373
6500	791.26	37.4933
6503	790.013	37.3034
6507	790.81	37.4266
6512	793.76	37.8513
6524	792.557	37.6159
6527	793.659	37.7584
6538	782.6	36.4079
6540	782.842	36.4218
6541	782.124	36.2929
6546	785.765	36.8133
6548	786.183	36.887
6550	784	36.5164
6551	787.091	36.9807
6553	785.836	36.7976
6555	785.647	36.7464
6557	785.878	36.7778
6558	786.133	36.7986
6559	787.178	36.9708
6560	786.884	36.915
6562	784.295	36.5102
6563	787.858	37.0562
6564	786.021	36.7697
6565	785.842	36.7347
6566	786.51	36.8389
6567	787.099	36.9557
6568	788.949	37.2133
6569	787.169	36.9294
6570	788.333	37.1156
6578	788.308	37.0652
6589	787.838	36.9681
6590	793.218	37.7728
6592	790.321	37.3314
6593	791.554	37.5047
6594	788.309	37.0221
6597	792.415	37.6309
6599	788.695	37.0483
6607	792.26	37.6026
6627	784.637	36.6979
6629	781.501	36.1897
6631	784.509	36.6352
6633	782.502	36.3171
6635	785.104	36.6958
6636	784.33	36.5945
6640	785.641	36.7434
6642	786.161	36.8275
6644	786.063	36.7794
6645	786.938	36.9263
6648	787.2	36.9518
6649	785.337	36.6828
6651	787.705	37.0299
6654	786	36.7385
6655	789.009	37.2258
6657	787.048	36.8943
6659	787.712	37.0198
6660	787.059	36.9062
6665	788.897	37.1599
6668	788.435	37.0952
6669	789.893	37.2968
6670	790.188	37.3309
6671	788.715	37.118
6672	791.263	37.4943
6676	790.559	37.3902
6682	792.316	37.6226
6685	792.866	37.682
6688	790.95	37.3732
6691	795.044	38.0029
6704	782.25	36.2699
6706	784.129	36.5565
6708	783.258	36.4384
6710	786.801	36.9254
6712	787.495	37.0348
6713	784.733	36.5945
6715	785.526	36.7054
6716	785.677	36.7377
6717	786.411	36.8364
6718	786.462	36.85
6719	786.496	36.8508
6720	785.367	36.6709
6721	785.488	36.6777
6726	789.209	37.2536
6728	786.799	36.8737
6729	787.504	36.9813
6731	788.004	37.0156
6733	788.241	37.0683
6735	787.61	36.9688
6737	789.156	37.195
6739	789.16	37.1857
6740	788.964	37.1558
6741	787.521	36.9419
6742	790.098	37.3287
6745	791.015	37.4535
6746	786.748	36.7844
6750	790.164	37.3046
6757	794.48	37.9327
6764	794.202	37.8666
6765	790.742	37.3197
6782	786.597	36.8929
6783	785.277	36.7251
6786	785.352	36.7021
6788	785.909	36.7661
6789	786.03	36.7799
6791	786.568	36.8612
6793	786.975	36.9311
6795	786.626	36.8717
6797	787.652	37.0255
6798	787.238	36.9423
6802	786.13	36.7573
6803	788.522	37.1193
6804	786.878	36.8539
6805	787.345	36.9355
6806	788.028	37.0307
6808	789.221	37.2298
6810	789.522	37.2276
6811	789.113	37.1734
6813	790.758	37.42
6817	790.801	37.4322
6825	789.205	37.1671
6831	790.283	37.2916
6832	792.215	37.601
6838	791.573	37.4359
6845	782.544	36.3992
6854	783.107	36.4036
6859	784.865	36.6527
6862	783.094	36.3685
6863	786.282	36.8565
6866	784.146	36.5322
6867	787.148	36.9756
6872	785.848	36.7592
6873	784.854	36.601
6874	786.112	36.7762
6875	786.553	36.8406
6876	786.878	36.8829
6878	787.733	37.0253
6879	787.162	36.9374
6882	785.239	36.6298
6883	789.015	37.2132
6884	785.578	36.6775
6887	787.491	36.957
6890	787.729	36.9708
6893	787.984	37.0165
6894	788.984	37.1753
6896	789.618	37.2715
6898	789.494	37.2199
6904	791.58	37.5152
6907	792.089	37.5852
6909	790.167	37.2761
6911	788.397	37.0054
6921	793.495	37.7055
6927	781.486	36.1858
6928	782.678	36.3792
6931	781.183	36.1195
6935	783.884	36.5291
6943	783.926	36.4934
6944	786.391	36.8503
6948	784.948	36.611
6949	785.442	36.6902
6950	786.905	36.9156
6951	785.76	36.7251
6953	785.688	36.7195
6955	786.017	36.7629
6957	787.723	37.0006
6958	785.593	36.7074
6959	787.591	36.9997
6960	785.043	36.6003
6962	787.466	36.9798
6965	784.342	36.4736
6970	786.34	36.7625
6971	789.962	37.3091
6973	790.675	37.4279
6977	789.649	37.2479
6980	789.929	37.2929
6985	788.029	36.9678
6990	789.925	37.2682
6994	787.494	36.8578
6995	793.466	37.7763
6998	790.421	37.3009
7011	781.413	36.2052
7017	784.682	36.6665
7023	784.363	36.5658
7028	783.916	36.4679
7032	785.007	36.6431
7034	785.186	36.6633
7035	785.308	36.6506
7036	785.952	36.7451
7037	786.481	36.8292
7038	787.286	36.9565
7039	786.975	36.8954
7041	787.063	36.898
7042	787.882	37.0244
7045	786.056	36.7649
7049	788.831	37.1677
7052	788.159	37.0391
7053	789.658	37.2612
7054	788.462	37.1088
7055	788.208	37.047
7056	788.783	37.1147
7058	786.991	36.8518
7059	788.843	37.1232
7064	788.518	37.0675
7067	787.322	36.8587
7088	782.504	36.3516
7094	782.299	36.2977
7096	784.776	36.6635
7097	782.784	36.3529
7099	784.204	36.5677
7102	782.652	36.2906
7106	785.514	36.7244
7108	786.512	36.8722
7110	784.696	36.5823
7111	784.735	36.5967
7113	785.17	36.6538
7114	788.071	37.0855
7115	785.105	36.6069
7116	784.887	36.5907
7117	785.911	36.7424
7119	785.677	36.7009
7121	786.838	36.8874
7125	787.87	37.0215
7129	788.73	37.1348
7130	785.722	36.6855
7133	788.603	37.0962
7135	787.906	37.0275
7137	787.323	36.9037
7142	788.17	37.0186
7143	789.13	37.1653
7144	790.211	37.3132
7146	790.554	37.3425
7150	790.122	37.2758
7156	790.298	37.2519
7159	778.957	35.8864
7178	782.351	36.2731
7179	785.292	36.73
7184	781.11	36.0652
7185	785.283	36.6985
7191	784.762	36.6154
7200	784.553	36.5461
7201	785.085	36.6242
7203	785.417	36.6634
7205	784.86	36.5622
7206	786.602	36.8296
7208	787.206	36.9282
7209	788.905	37.1707
7210	786.88	36.8689
7211	787.466	36.9553
7212	787.764	37.002
7213	786.258	36.782
7217	787.889	37.0029
7221	787.693	36.9659
7224	788.05	37.0105
7225	791.077	37.4443
7228	788.885	37.0975
7233	791.275	37.4649
7235	791.678	37.5122
7240	777.63	35.7044
7248	781.802	36.2159
7252	780.671	36.0351
7256	781.767	36.1851
7262	784.723	36.592
7266	784.213	36.5127
7267	787.794	37.0454
7275	786.572	36.8345
7276	786.592	36.8198
7277	787.518	36.966
7280	787.32	36.9192
7281	784.954	36.5696
7291	786.823	36.8082
7293	791.235	37.4903
7294	788.725	37.0806
7299	791.301	37.4759
7310	780.345	36.0428
7312	781.661	36.2503
7319	781.503	36.1562
7330	782.116	36.2064
7333	786.861	36.9006
7334	783.759	36.4335
7341	785.882	36.7495
7342	785.684	36.7159
7344	786.443	36.8167
7346	787.622	37.0045
7351	785.887	36.71
7352	787.968	37.0179
7356	786.121	36.7303
7359	788.809	37.1413
7363	787.003	36.848
7369	788.875	37.1253
7370	786.88	36.8119
7395	784.815	36.6487
7397	782.768	36.3137
7399	783.49	36.4405
7402	783.486	36.4156
7407	782.164	36.231
7409	785.638	36.7364
7412	783.488	36.4184
7413	783.702	36.4253
7415	787.024	36.93
7416	784.304	36.5349
7419	785.53	36.6742
7431	788.468	37.1099
7432	786.209	36.755
7433	788.998	37.177
7438	790.136	37.3399
7447	790.301	37.3382
7448	790.268	37.3156
7452	778.828	35.8986
7459	781.436	36.2057
7467	783.034	36.3771
7469	783.985	36.5239
7472	784.822	36.6575
7475	783.236	36.4135
7476	786.042	36.8279
7477	785.365	36.7252
7479	783.079	36.3738
7482	784.218	36.5334
7485	784.761	36.6049
7486	787.875	37.0955
7487	785.812	36.7693
7488	786.421	36.8643
7489	787.244	36.982
7493	787.086	36.9454
7496	785.296	36.659
7502	791.007	37.4705
7520	782.383	36.3865
7522	780.417	36.0649
7525	784.079	36.6265
7529	785.525	36.8137
7531	784.067	36.5769
7532	784.153	36.5876
7534	784.763	36.6702
7543	785.649	36.7681
7549	788.3	37.1571
7553	789.087	37.2475
7554	788.748	37.1933
7564	778.771	35.9009
7567	782.914	36.4959
7571	781.784	36.3064
7574	782.429	36.362
7587	784.031	36.5767
7589	787.533	37.0938
7590	782.882	36.3861
7591	786.588	36.9443
7593	785.138	36.7003
7594	785.876	36.8367
7596	787.671	37.0976
7603	779.485	36.0262
7609	784.062	36.6962
7611	783.194	36.5711
7612	783.046	36.5127
7618	783.011	36.466
7621	782.309	36.3755
7624	784.543	36.6814
7627	786.331	36.9455
7639	787.21	37.0335
7648	779.866	36.1288
7649	779.122	35.9978
7659	783.038	36.5843
7661	781.071	36.2488
7668	783.364	36.5662
7673	785.187	36.8121
7679	784.121	36.6352
7687	780.166	36.2249
7693	782.206	36.5024
7695	780.834	36.2453
7706	786.991	37.1424
7708	782.444	36.4425
7711	784.182	36.6931
