15	789.731	37.5158
45	787.18	37.2402
56	790.715	37.7286
58	789.122	37.447
61	790.082	37.5652
80	788.28	37.4197
81	788.219	37.4245
86	788.107	37.3747
88	789.877	37.6317
105	793.029	37.9928
107	791.044	37.6754
120	777.978	35.9386
139	789.823	37.6414
144	788.693	37.4179
198	792.347	37.9224
205	791.163	37.7267
207	791.281	37.7315
208	789.691	37.4896
257	788.034	37.3169
276	788.616	37.3021
278	791.059	37.6549
301	786.899	37.2073
324	789.395	37.4794
333	790.716	37.6804
338	791.148	37.7102
354	783.395	36.6593
364	786.758	37.1688
367	787.892	37.3122
373	786.115	37.0121
374	788.823	37.4152
383	790.883	37.6799
385	790.846	37.6834
392	791.92	37.8064
393	791.645	37.7557
400	793.356	37.989
404	779.445	36.1612
422	786.692	37.1533
425	785.22	36.9008
432	789.197	37.4541
435	791.546	37.7937
461	784.226	36.873
479	788.533	37.4125
488	788.709	37.4147
492	787.044	37.1275
493	789.17	37.4709
504	788.826	37.3515
508	790.499	37.5907
535	784.876	36.9044
538	783.993	36.7642
541	787.311	37.255
553	788.662	37.4039
565	791.003	37.7313
593	783.696	36.7464
599	784.252	36.7975
608	790.326	37.6529
609	787.525	37.2113
611	786.234	36.9895
613	786.639	37.0665
616	788.322	37.3061
620	790.177	37.5741
627	789.787	37.5022
628	789.887	37.4753
629	789.948	37.4933
644	776.875	35.8412
645	779.317	36.1906
660	783.531	36.7104
666	785.004	36.8979
668	785.288	36.943
689	787.091	37.1366
700	791.089	37.6895
705	790.419	37.5488
713	777.435	35.9573
737	786.231	37.1266
742	784.079	36.7456
743	787.944	37.365
744	785.048	36.9182
748	787.563	37.2734
760	786.02	36.9967
767	789.161	37.4108
768	789.734	37.5032
769	791.7	37.7913
776	790.396	37.5473
780	789.377	37.3562
826	784.134	36.7394
833	785.722	36.9579
836	785.141	36.8613
849	787.672	37.1872
851	786.796	37.0674
862	791.871	37.7633
867	779.188	36.2409
881	778.592	36.0354
887	784.225	36.8296
898	786.262	37.0739
904	784.02	36.7392
910	786.927	37.1233
918	787.787	37.221
919	789.348	37.466
928	788.897	37.3497
932	790.587	37.5781
933	790.951	37.6276
957	782.993	36.6355
962	782.686	36.5317
964	786.305	37.0646
969	785.247	36.8853
976	787.665	37.2034
979	789.241	37.4251
981	790.436	37.6035
986	790.998	37.6956
992	789.03	37.362
994	789.254	37.3896
996	787.331	37.0674
1019	782.09	36.5183
1036	785.106	36.9217
1040	785.701	36.9706
1042	787.251	37.2189
1045	789.602	37.5589
1048	786.3	37.0343
1049	785.469	36.8872
1054	789.005	37.4015
1057	790.222	37.5738
1063	790.457	37.5804
1070	793.105	37.9353
1072	790.171	37.4653
1073	791.69	37.6945
1078	777.569	35.9589
1089	781.568	36.4683
1094	780.782	36.3225
1105	784.703	36.8603
1107	783.498	36.6678
1110	785.077	36.8781
1112	784.848	36.8452
1113	784.997	36.8581
1115	786.053	37.0278
1119	783.989	36.6845
1122	786.03	37.0139
1123	787.937	37.2712
1124	786.599	37.0889
1125	788.479	37.3591
1127	786.869	37.0935
1129	787.056	37.1306
1134	788.902	37.3876
1137	787.101	37.1098
1139	787.159	37.0951
1142	789.151	37.3837
1143	789.408	37.4234
1156	779.451	36.1761
1175	783.376	36.6804
1176	784.077	36.7756
1184	785.277	36.9122
1186	786.584	37.1041
1188	784.652	36.7976
1191	785.603	36.9128
1197	787.214	37.1278
1199	785.085	36.8097
1202	788.718	37.3568
1205	787.323	37.1116
1206	789.787	37.4831
1207	790.239	37.579
1212	788.909	37.3332
1214	789.676	37.4432
1217	791.143	37.6441
1237	782.683	36.624
1251	785.634	36.9832
1253	782.627	36.5249
1256	781.836	36.3825
1259	784.834	36.8259
1260	785.544	36.9421
1264	784.558	36.7649
1270	786.065	36.9765
1271	786.251	36.9877
1272	787.195	37.1412
1275	787.541	37.1787
1277	788.52	37.3359
1282	788.479	37.3033
1283	788.327	37.2669
1286	788.067	37.2128
1290	789.01	37.3571
1293	790.03	37.4908
1296	789.399	37.3744
1317	784.357	36.8339
1328	782.107	36.4419
1329	786.045	37.0033
1332	788.03	37.3267
1333	785.922	37.0046
1334	785.661	36.9346
1338	789.712	37.5574
1342	788.422	37.3284
1346	786.707	37.0427
1348	787.03	37.0754
1350	788.162	37.2642
1351	786.412	36.9918
1360	788.831	37.3441
1361	786.972	37.028
1363	787.395	37.0739
1365	790.584	37.5594
1366	791.528	37.7145
1368	788.449	37.2258
1379	779.592	36.2314
1388	780.462	36.2372
1392	783.569	36.6895
1394	783.975	36.7322
1398	781.893	36.4205
1406	784.659	36.8062
1411	785.994	36.977
1415	786.41	37.033
1417	786.633	37.0664
1418	784.294	36.7078
1424	783.322	36.5765
1425	786.734	37.0771
1427	786.827	37.0604
1428	787.052	37.0957
1430	790.167	37.5689
1431	788.174	37.2582
1434	788.22	37.2816
1436	788.618	37.3236
1439	789.311	37.3992
1447	790.276	37.5119
1448	790.893	37.6004
1449	787.555	37.091
1450	787.759	37.1276
1453	791.911	37.7433
1455	792.346	37.8169
1481	785.108	36.9263
1484	784.398	36.7907
1485	782.067	36.4183
1495	782.848	36.5166
1496	786.412	37.0352
1498	786.562	37.0562
1503	784.665	36.7443
1507	786.077	36.9366
1509	787.364	37.1442
1510	787.458	37.1584
1511	788.089	37.2353
1515	786.653	37.0189
1517	790.093	37.527
1520	787.477	37.1321
1529	790.685	37.5476
1530	791.365	37.6587
1532	788.962	37.2572
1560	783.655	36.6854
1569	786.741	37.113
1571	784.103	36.6874
1572	785.652	36.9379
1574	785.883	36.9678
1575	786.324	37.013
1578	787.013	37.1286
1580	787.487	37.1996
1584	785.632	36.8812
1586	788.802	37.3444
1587	787.944	37.2255
1589	788.814	37.3303
1590	785.833	36.8739
1592	789.655	37.4457
1593	785.098	36.7428
1601	790.08	37.477
1617	781.766	36.4196
1624	784.407	36.799
1626	784.85	36.8628
1627	784.809	36.8328
1628	785.122	36.883
1631	783.023	36.5544
1635	784.54	36.7639
1640	784.923	36.8009
1641	785.526	36.9296
1643	785.192	36.8666
1645	786.945	37.1109
1646	787.345	37.1635
1647	787.64	37.1993
1649	785.181	36.8215
1651	784.636	36.7072
1652	785.408	36.8439
1653	786.83	37.0327
1654	787.476	37.1513
1655	787.614	37.1617
1657	787.852	37.1986
1658	788.174	37.2396
1659	788.71	37.3327
1661	787.47	37.1169
1663	789.548	37.4286
1668	789.292	37.3708
1682	778.671	36.0714
1695	784.164	36.7744
1697	781.998	36.4232
1700	784.429	36.7821
1701	784.446	36.7787
1707	786.033	37.0118
1716	784.903	36.8168
1717	785.575	36.9187
1718	785.353	36.8584
1719	785.889	36.9473
1722	786.453	37.0389
1723	786.278	36.9894
1724	786.596	37.0433
1725	787.654	37.1822
1726	785.94	36.9515
1728	788.964	37.3986
1729	785.379	36.8336
1730	788.234	37.2634
1731	783.466	36.5468
1732	787.299	37.1264
1733	786.515	37.0017
1735	786.734	37.0384
1737	787.467	37.142
1739	788.113	37.2329
1742	789.557	37.4476
1743	789.797	37.4597
1745	789.237	37.337
1747	788.49	37.2291
1748	790.282	37.519
1751	790.672	37.5266
1756	776.074	35.7647
1778	778.231	35.9208
1785	779.838	36.1193
1787	777.91	35.839
1798	783.596	36.6491
1799	784.121	36.7379
1804	783.588	36.6211
1806	784.753	36.791
1808	784.555	36.7425
1812	786.052	36.9857
1813	786.115	36.9852
1814	785.939	36.9532
1815	784.867	36.7993
1816	786.764	37.0411
1819	785.696	36.8645
1821	785.518	36.8581
1823	787.935	37.2314
1824	784.352	36.6466
1825	787.46	37.1354
1829	787.969	37.1965
1832	789.756	37.4505
1833	787.65	37.1414
1837	788.026	37.1735
1838	787.572	37.1092
1843	790.374	37.5029
1873	784.229	36.7359
1874	784.578	36.7847
1878	784.081	36.6658
1880	785.35	36.886
1882	785.656	36.918
1884	783.796	36.626
1886	786.531	37.0547
1887	781.958	36.3335
1889	787.452	37.1515
1891	786.892	37.0804
1893	787.618	37.1631
1894	788.075	37.2441
1897	785.942	36.9216
1902	787.686	37.173
1903	787.586	37.1535
1904	790.017	37.5177
1905	784.848	36.6983
1906	787.737	37.1575
1907	787.936	37.1694
1909	788.31	37.2384
1910	786.221	36.8949
1911	789.383	37.3802
1913	789.837	37.4671
1914	787.703	37.1303
1915	790.606	37.5716
1919	789.205	37.3139
1922	787.369	37.0383
1952	783.019	36.6218
1958	781.964	36.4628
1962	783.249	36.6122
1964	781.84	36.4096
1968	783.303	36.6102
1969	786.705	37.1176
1970	782.921	36.5465
1972	783.948	36.6677
1973	784.93	36.8405
1976	783.876	36.6541
1977	784.889	36.7952
1978	785.614	36.9138
1981	788.627	37.3591
1985	786.258	36.9839
1986	787.265	37.1365
1987	786.69	37.0455
1989	787.624	37.161
1992	787.524	37.1399
1993	786.091	36.9422
1998	787.585	37.1582
1999	787.042	37.0599
2001	789.126	37.3761
2002	788.648	37.2577
2004	788.731	37.2889
2006	789.054	37.3245
2011	788.846	37.28
2012	788.679	37.2662
2015	789.208	37.3202
2018	788.552	37.2047
2034	780.133	36.2265
2043	780.045	36.159
2051	782.612	36.4814
2052	780.624	36.2124
2055	782.842	36.5205
2056	783.64	36.6379
2057	783.96	36.6783
2059	784.995	36.8535
2062	781.077	36.2148
2064	784.268	36.6921
2065	787.63	37.2169
2066	784.675	36.7709
2067	785.028	36.8191
2068	782.439	36.4163
2070	787.266	37.1317
2078	783.39	36.51
2079	786.697	37.0397
2080	786.838	37.0715
2082	788.396	37.2657
2084	785.871	36.8928
2086	787.341	37.1086
2089	787.671	37.1527
2091	787.803	37.1506
2092	788.121	37.2034
2093	788.929	37.3239
2094	788.997	37.3388
2095	786.51	36.9253
2101	786.884	36.9665
2104	788.494	37.1809
2126	777.806	35.8632
2136	782.752	36.5541
2141	782.787	36.5281
2143	781.531	36.3305
2145	785.029	36.8541
2146	784.151	36.706
2147	783.825	36.6526
2149	784.335	36.7417
2150	784.593	36.7649
2152	785.032	36.8352
2153	782.578	36.4575
2156	782.497	36.4221
2157	785.423	36.8734
2158	786.07	36.9753
2161	784.525	36.7407
2162	786.125	36.958
2163	787.947	37.2438
2166	788.954	37.346
2170	786.783	37.0376
2172	786.625	37.0208
2174	784.589	36.6951
2175	788.034	37.2144
2176	785.585	36.8198
2177	788.371	37.2804
2179	787.472	37.098
2181	785.32	36.7583
2182	789.576	37.4113
2186	786.592	36.9422
2207	780.893	36.3103
2219	781.181	36.2787
2221	779.833	36.0895
2225	780.74	36.192
2226	783.351	36.579
2227	781.882	36.326
2228	784.411	36.7335
2232	785.611	36.9086
2233	782.637	36.4437
2234	785.608	36.9125
2235	783.188	36.5504
2242	787.059	37.1098
2248	788.558	37.3301
2252	787.512	37.1508
2253	786.715	37.025
2263	790.549	37.5545
2264	787.791	37.1397
2268	788.486	37.2419
2269	786.858	36.9806
2276	771.004	35.029
2294	777.861	35.8689
2302	783.678	36.6989
2306	780.217	36.1532
2314	782.42	36.4687
2317	783.542	36.6235
2318	782.424	36.4379
2319	782.168	36.4252
2321	783.482	36.6087
2326	783.518	36.6002
2329	785.073	36.8218
2331	785.006	36.8278
2332	786.201	36.9988
2336	784.419	36.6966
2337	784.4	36.6937
2342	782.734	36.4211
2344	785.301	36.8145
2345	786.318	36.9347
2346	784.609	36.6999
2347	787.041	37.0718
2348	787.885	37.1779
2350	787.06	37.0268
2351	788.542	37.2782
2357	787.676	37.1245
2359	785.757	36.8068
2361	786.818	36.9709
2362	789.185	37.3313
2377	779.837	36.1973
2382	780.529	36.2612
2388	779.587	36.0883
2390	780.995	36.2765
2391	782.053	36.4414
2393	784.128	36.7499
2395	782.667	36.4961
2396	780.072	36.1317
2399	782.453	36.462
2404	781.714	36.3462
2409	786.641	37.0762
2414	784.63	36.7708
2417	784.473	36.7221
2419	783.9	36.6223
2421	782.073	36.34
2422	784.404	36.6971
2426	782.424	36.3614
2430	783.456	36.5143
2433	786.371	36.9883
2434	787.074	37.1012
2436	787.818	37.1625
2440	789.6	37.4279
2441	786.897	37.0119
2442	788.168	37.2048
2445	788.144	37.1785
2454	775.123	35.5384
2468	781.32	36.3961
2470	779.98	36.158
2472	777.769	35.825
2474	781.125	36.3299
2477	781.019	36.3068
2478	781.039	36.2604
2479	782.313	36.4627
2482	780.194	36.1224
2483	783.269	36.603
2485	781.112	36.2548
2486	783.46	36.6139
2487	781.425	36.3155
2488	783.755	36.6599
2489	783.975	36.6627
2490	782.999	36.5263
2493	786.582	37.0593
2498	784.007	36.651
2499	785.36	36.8398
2502	785.848	36.913
2504	784.87	36.7701
2505	784.895	36.7498
2508	783.343	36.5048
2509	787.547	37.1539
2510	786.164	36.9139
2511	786.754	37.0273
2512	787.31	37.09
2513	787.591	37.1104
2517	784.066	36.5936
2520	788.131	37.2059
2523	787.464	37.0652
2525	788.116	37.1755
2561	777.648	35.8228
2566	780.07	36.1418
2573	780.634	36.2107
2583	783.897	36.6807
2584	782.041	36.3787
2585	781.772	36.3371
2587	782.188	36.4042
2589	780.524	36.148
2598	784.448	36.7091
2600	782.447	36.3938
2601	786.262	36.9644
2602	780.639	36.1008
2603	784.911	36.7628
2606	785.256	36.7958
2609	786.174	36.947
2611	786.554	36.9946
2612	787.113	37.0592
2614	787.396	37.0964
2618	785.805	36.8524
2620	789.179	37.3466
2621	787.074	37.0112
2647	778.816	35.9889
2651	778.596	35.9077
2655	781.392	36.3171
2656	781.951	36.4008
2658	781.563	36.3385
2660	782.812	36.5208
2661	780.34	36.1606
2664	780.777	36.2208
2665	779.904	36.0806
2666	783.71	36.6439
2667	784.419	36.7465
2669	781.76	36.3368
2670	782.551	36.4539
2672	782.45	36.4209
2677	785.801	36.9081
2683	785.418	36.8701
2684	782.498	36.4043
2685	785.315	36.8171
2686	783.194	36.4982
2687	785.756	36.8602
2688	783.681	36.592
2689	787.504	37.1463
2690	785.072	36.7577
2691	785.867	36.8863
2692	783.472	36.5304
2693	786.061	36.8963
2695	785.373	36.7903
2696	786.463	36.9435
2697	786.857	37.0081
2700	787.835	37.1422
2701	785.181	36.7397
2709	786.909	36.9856
2747	783.118	36.5836
2748	781.481	36.3594
2749	780.827	36.2293
2750	782.371	36.4542
2751	782.171	36.4266
2753	776.555	35.5759
2755	779.347	35.9824
2756	783.182	36.5809
2760	781.445	36.2937
2761	785.076	36.8154
2762	781.896	36.335
2763	782.674	36.4626
2776	785.215	36.801
2778	782.22	36.3378
2779	786.297	36.988
2781	786.24	36.9341
2783	786.039	36.9111
2787	784.166	36.6197
2789	785.221	36.7662
2790	787.646	37.1354
2791	785.819	36.8757
2793	785.891	36.8703
2794	784.724	36.6936
2795	786.073	36.901
2797	787.188	37.0469
2800	785.651	36.8071
2803	787.665	37.1266
2823	774.707	35.4117
2826	779.213	36.0702
2838	779.989	36.1386
2839	778.061	35.8539
2853	781.787	36.3496
2854	782.788	36.5092
2855	782.952	36.5105
2856	781.243	36.2469
2857	781.209	36.2571
2858	784.589	36.7767
2859	781.666	36.3066
2861	781.886	36.3222
2863	782.779	36.4655
2867	780.583	36.1259
2869	786.098	36.9784
2872	784.901	36.7587
2874	783.383	36.5325
2877	786.663	37.0132
2878	784.536	36.6817
2880	784.944	36.7399
2881	789.453	37.4177
2883	787.158	37.0828
2884	784.751	36.6887
2885	786.177	36.9144
2886	785.877	36.8506
2888	786.892	36.9962
2890	786.549	36.9534
2916	779.831	36.1645
2920	779.728	36.1197
2923	780.928	36.2895
2926	778.396	35.8764
2931	783.741	36.6651
2932	781.049	36.2619
2934	781.783	36.3657
2936	782.604	36.484
2938	783.816	36.6621
2940	783.352	36.5803
2941	780.936	36.2201
2944	781.157	36.2574
2945	784.359	36.7155
2948	781.537	36.2712
2950	785.104	36.8106
2952	786.362	37.0121
2958	784.779	36.7353
2960	784.407	36.6702
2961	782.626	36.432
2962	785.36	36.8292
2963	785.598	36.8652
2964	783.409	36.5359
2965	785.92	36.9016
2967	783.639	36.5558
2968	786.664	36.9993
2979	787.897	37.1333
2998	779.679	36.1384
3004	778.566	35.9464
3014	780.548	36.1813
3016	780.504	36.1703
3017	781.192	36.2659
3018	779.168	35.972
3019	781.818	36.3725
3020	781.83	36.3772
3021	781.403	36.2918
3024	782.843	36.5148
3025	781.27	36.2851
3031	783.928	36.6474
3032	782.23	36.3929
3033	782.252	36.3724
3035	782.2	36.3721
3036	785.33	36.8696
3037	784.065	36.656
3042	782.076	36.3559
3043	784.555	36.7163
3045	782.018	36.3139
3046	785.482	36.8464
3048	784.784	36.743
3052	785.845	36.8792
3058	784.893	36.7173
3063	785.479	36.8008
3065	786.625	36.9827
3066	784.154	36.5833
3067	785.924	36.8499
3087	776.01	35.612
3093	778.301	35.9146
3100	779.979	36.1455
3102	783.983	36.7505
3103	781.452	36.3617
3106	778.685	35.8956
3107	776.44	35.5796
3108	780.229	36.1449
3110	779.852	36.0759
3112	782.96	36.5415
3113	781.459	36.3318
3115	781.286	36.2695
3116	781.628	36.3455
3117	784.392	36.7428
3118	781.869	36.3696
3119	783.824	36.6553
3120	783.456	36.5978
3122	781.599	36.3077
3123	784.222	36.7181
3124	781.421	36.2773
3126	782.182	36.3965
3128	779.488	35.9665
3129	781.646	36.2892
3130	784.78	36.7618
3132	782.808	36.4661
3133	785.667	36.8849
3134	783.557	36.5746
3135	786.279	37.0019
3136	783.626	36.5668
3139	783.929	36.6188
3140	783.906	36.6109
3142	784.377	36.6888
3144	784.668	36.7103
3148	784.149	36.62
3156	785.842	36.8518
3173	777.722	35.8481
3175	777.298	35.7895
3177	778.441	35.9247
3183	779.037	35.9841
3186	777.894	35.8138
3190	777.269	35.6974
3191	779.853	36.0884
3196	779.849	36.0641
3198	780.969	36.2267
3201	781.302	36.2734
3202	781.061	36.2458
3205	782.974	36.5017
3209	782.323	36.4187
3210	781.944	36.335
3211	782.505	36.4333
3212	783.734	36.6169
3214	782.563	36.4294
3215	781.889	36.3306
3217	783.365	36.5427
3219	783.693	36.576
3221	784.147	36.6675
3222	784.299	36.6823
3223	783.818	36.5873
3226	785.201	36.7871
3249	773.93	35.3432
3255	776.853	35.7334
3263	777.203	35.7469
3264	777.702	35.8318
3265	775.767	35.5396
3267	778.761	35.9888
3273	777.988	35.8231
3274	781.011	36.2813
3278	780.811	36.2478
3285	780.678	36.1933
3288	780.521	36.1584
3289	783.875	36.6824
3292	782.06	36.3884
3293	782.079	36.3863
3295	782.606	36.4502
3298	783.695	36.6311
3300	783.541	36.5724
3302	781.744	36.3376
3303	783.724	36.6292
3306	783.28	36.556
3307	782.39	36.398
3308	784.878	36.7792
3310	782.91	36.4748
3312	783.256	36.5223
3313	785.662	36.8671
3314	783.687	36.5856
3315	784.037	36.625
3318	784.51	36.6997
3319	783.621	36.5458
3321	785.487	36.8232
3325	785.885	36.8831
3328	785.132	36.7744
3329	782.391	36.3526
3357	777.563	35.8197
3360	778.699	35.9697
3362	777.653	35.8225
3369	780.789	36.2708
3371	777.098	35.7162
3372	779.438	36.0362
3377	783.278	36.6242
3379	778.021	35.8313
3382	778.576	35.8895
3386	779.638	36.0521
3387	782.28	36.4364
3388	779.623	36.0428
3390	780.756	36.2197
3392	781.412	36.2976
3395	781.273	36.2565
3396	781.87	36.3468
3398	782.331	36.4285
3400	782.581	36.4614
3401	784.572	36.7641
3403	782.138	36.3857
3404	783.193	36.5532
3406	783.365	36.5754
3407	780.576	36.1547
3409	785.031	36.8273
3412	782.489	36.4391
3416	782.419	36.3812
3418	785.074	36.7962
3419	782.94	36.4541
3422	784.632	36.7272
3426	783.054	36.4582
3435	770.982	34.969
3452	776.796	35.7026
3453	777.561	35.7965
3459	779.785	36.1172
3460	781.688	36.3823
3467	779.726	36.0583
3468	782.935	36.5253
3469	780.162	36.1133
3473	781.713	36.337
3475	781.83	36.3436
3478	782.184	36.4167
3479	782.431	36.4324
3481	781.886	36.3335
3482	780.24	36.1027
3490	784.43	36.7128
3493	782.113	36.3502
3495	783.238	36.5037
3498	783.497	36.5572
3502	784.752	36.729
3503	785.186	36.7825
3526	777.118	35.7547
3536	779.62	36.1109
3538	781.659	36.4125
3540	778.933	35.9848
3541	780.95	36.2717
3542	779.121	36.011
3551	779.963	36.112
3554	780.556	36.1778
3555	779.292	36.0249
3560	779.962	36.0997
3562	779.477	36.0081
3564	781.113	36.2586
3566	778.515	35.8406
3567	781.859	36.3526
3572	782.172	36.3905
3576	783.948	36.661
3581	781.435	36.2592
3582	779.283	35.9199
3583	783.092	36.5044
3608	778.103	35.9267
3614	777.706	35.7952
3617	779.02	35.9985
3625	777.092	35.6805
3628	780.54	36.1989
3635	779.153	36.0004
3641	780.07	36.1024
3643	780.078	36.1209
3645	783.269	36.5844
3647	780.024	36.0849
3653	781.441	36.2729
3655	783.35	36.56
3661	784.216	36.6638
3662	782.808	36.4786
3664	784.07	36.6341
3672	774.449	35.4941
3680	777.018	35.8117
3687	778.113	35.934
3692	778.225	35.9413
3705	779.342	36.0472
3707	779.882	36.1122
3719	780.499	36.1616
3720	783.141	36.561
3723	781.888	36.3475
3725	783.026	36.5128
3727	783.699	36.5985
3728	781.578	36.285
3731	785.494	36.8738
3733	782.19	36.3571
3763	779.16	36.047
3765	776.765	35.6632
3772	781.434	36.3688
3776	780.6	36.242
3779	780.675	36.2187
3784	780.642	36.1833
3788	781.171	36.261
3789	783.647	36.6295
3792	782.575	36.479
3795	783.13	36.5185
3812	772.462	35.163
3823	775.812	35.6292
3832	776.935	35.7569
3838	775.169	35.4594
3843	775.976	35.5597
3850	781.358	36.3552
3856	780.686	36.201
3858	781.116	36.2678
3860	779.686	36.0749
3862	784.752	36.8024
3865	782.147	36.4204
3866	783.029	36.5319
3869	782.349	36.4285
3870	781.858	36.3427
3890	775.085	35.5189
3899	776.45	35.6688
3905	776.392	35.6183
3908	777.926	35.8402
3911	778.805	35.9533
3913	777.164	35.7311
3919	778.778	35.936
3924	779.758	36.0668
3927	782.87	36.5447
3928	780.607	36.1791
3929	780.866	36.2247
3968	778.118	35.9022
3970	775.182	35.4545
3971	778.467	35.9544
3975	778.61	35.9669
3983	777.33	35.7354
3986	779.837	36.1033
3990	780.109	36.1452
3996	779.409	36.0156
4004	779.454	36.0026
4027	776.754	35.7503
4034	777.106	35.7568
4036	777.502	35.8043
4039	776.17	35.6216
4043	774.267	35.3214
4048	777.959	35.841
4054	781.394	36.3322
4058	781.91	36.3905
4059	780.341	36.1591
4080	773.279	35.2446
4085	772.713	35.1603
4090	774.97	35.4677
4093	775.544	35.5626
4096	777.213	35.8039
4101	777.976	35.8739
4110	777.71	35.8253
4114	778.138	35.88
4115	778.89	35.9799
4116	782.079	36.446
4118	779.746	36.0904
4128	771.423	35.0699
4134	773.569	35.3224
4139	776.865	35.7799
4148	775.106	35.4719
4151	776.045	35.6191
4152	776.73	35.74
4190	773.673	35.3196
4195	776.787	35.7561
4197	775.452	35.5415
4200	773.511	35.2291
4204	774.224	35.3475
4205	778.571	35.9879
4208	782.276	36.5353
4211	781.025	36.295
4213	779.23	36.0278
4235	776.039	35.6841
4242	773.225	35.2033
4243	778.895	36.0252
4250	778.88	36.0185
4254	780.246	36.2204
4265	768.816	34.7015
4294	774.532	35.43
4295	775.565	35.5924
4303	776.742	35.6866
4319	772.587	35.2325
4324	774.385	35.4788
4338	775.214	35.5289
4340	777.53	35.8565
4355	769.874	34.8714
4363	772.185	35.1705
4370	774.953	35.5512
4371	777.884	35.9665
4376	776.398	35.7315
4387	772.339	35.2625
4461	786.604	37.1551
4478	789.043	37.4519
4480	790.91	37.7222
4505	788.399	37.4107
4544	786.564	37.1003
4549	789.816	37.5757
4553	787.254	37.1921
4557	791.064	37.7838
4598	788.667	37.3765
4604	789.385	37.4834
4605	790.21	37.6075
4612	790.449	37.5969
4615	792.523	37.8594
4624	784.449	36.8665
4638	789.225	37.5022
4640	789.127	37.4699
4643	789.359	37.4854
4646	791.293	37.778
4647	788.355	37.3105
4652	790.917	37.7092
4653	793.772	38.1379
4681	785.223	36.9405
4682	785.431	36.975
4685	783.014	36.5989
4703	789.143	37.4413
4705	790.344	37.598
4714	790.607	37.5668
4729	786.948	37.2223
4732	785.27	36.9253
4736	784.81	36.8597
4744	783.757	36.6697
4745	786.968	37.161
4747	790.136	37.6275
4750	787.948	37.2656
4753	788.952	37.4443
4763	792.048	37.8407
4765	792.161	37.8506
4774	779.296	36.1626
4784	783.931	36.8131
4792	787.374	37.288
4794	785.074	36.914
4800	784.035	36.7259
4805	789.061	37.4513
4811	788.909	37.414
4814	790.249	37.594
4847	786.575	37.1048
4864	790.775	37.6921
4897	784.555	36.8523
4899	784.945	36.8876
4916	788.26	37.3096
4920	790.617	37.6431
4926	788.896	37.3565
4938	781.481	36.5218
4952	784.04	36.7686
4954	785.01	36.9281
4965	784.937	36.8599
4968	788.62	37.407
4971	785.244	36.8666
4972	786.68	37.0812
4973	789.023	37.4368
4975	786.615	37.0612
4977	787.469	37.1947
4980	791.112	37.7536
4981	789.238	37.4527
5015	779.175	36.1045
5021	782.283	36.5366
5022	782.828	36.5924
5045	789.586	37.5379
5048	788.713	37.3973
5049	786.145	37.0179
5051	786.408	37.038
5052	789.632	37.5311
5056	790.143	37.6056
5058	788.61	37.3627
5059	788.843	37.3908
5061	789.079	37.4241
5066	789.159	37.4006
5069	790.77	37.6504
5070	786.351	36.9687
5074	790.355	37.5556
5079	778.378	36.1089
5093	781.559	36.4498
5100	784.343	36.805
5102	785.748	37.0167
5104	785.895	36.9834
5114	786.67	37.09
5121	787.935	37.2574
5122	787.51	37.1997
5130	789.86	37.5122
5133	788.846	37.3364
5134	790.082	37.5195
5138	790.694	37.5809
5166	785.694	37.0338
5173	786.164	37.0418
5175	788.26	37.3744
5179	787.646	37.2755
5181	783.012	36.5496
5182	786.132	37.027
5184	786.415	37.081
5194	784.188	36.6888
5196	789.713	37.5331
5197	787.858	37.2202
5200	789.245	37.4249
5202	790.446	37.597
5203	789.143	37.3471
5205	790.638	37.6166
5210	789.418	37.3982
5211	789.956	37.4589
5233	783.508	36.7053
5234	786.282	37.108
5239	788.246	37.3741
5251	787.237	37.1628
5254	786.352	37.0103
5255	788.333	37.3234
5256	787.187	37.1222
5257	788.328	37.3001
5258	791.14	37.7392
5264	791.349	37.7406
5266	789.599	37.4598
5269	790.129	37.5378
5272	792.124	37.8073
5273	793.246	37.957
5295	781.198	36.3502
5304	784.372	36.8015
5316	783.384	36.5813
5319	787.933	37.2944
5321	786.979	37.1191
5330	783.667	36.6023
5331	787.379	37.1546
5333	787.491	37.165
5337	788.924	37.3668
5338	788.716	37.3312
5340	788.974	37.3934
5343	789.931	37.5148
5344	789.414	37.4231
5346	790.85	37.6452
5348	788.32	37.2395
5349	789.971	37.4839
5384	783.04	36.6545
5391	784.533	36.8326
5405	788.91	37.3968
5407	787.143	37.1312
5408	789.532	37.4866
5410	786.927	37.0655
5411	786.889	37.0677
5413	787.77	37.1983
5414	788.584	37.3116
5415	788.353	37.2575
5420	790.888	37.65
5450	783.673	36.7863
5458	782.507	36.5582
5459	783.514	36.6865
5461	782.118	36.4924
5464	786.134	37.0881
5471	782.108	36.4324
5475	784.047	36.7007
5478	787.041	37.1349
5480	787.134	37.1512
5482	787.844	37.2332
5486	789.35	37.468
5488	790.231	37.595
5490	790.346	37.5887
5491	787.709	37.1715
5492	789.381	37.4524
5493	789.38	37.446
5494	791.747	37.8037
5495	786.146	36.9407
5496	789.662	37.4767
5502	787.923	37.1796
5508	788.07	37.1649
5530	783.871	36.7497
5533	784.99	36.9037
5534	782.212	36.4774
5535	785.056	36.9064
5538	783.621	36.6658
5539	785.366	36.929
5542	787.491	37.2421
5548	786.662	37.0672
5550	788.353	37.3245
5552	786.786	37.0816
5555	787.663	37.1987
5561	789.501	37.4231
5575	779.302	36.1805
5580	779.967	36.2122
5585	783.532	36.732
5592	783.869	36.7505
5593	782.552	36.5511
5594	784.162	36.7741
5600	784.549	36.8163
5605	786.699	37.1366
5609	785.655	36.9327
5610	783.546	36.6028
5614	785.034	36.8143
5615	786.494	37.0489
5618	789.168	37.437
5628	787.833	37.1892
5629	788.667	37.3236
5631	790.933	37.6303
5632	790.595	37.5747
5653	779.142	36.0782
5657	783.791	36.7431
5658	781.475	36.4086
5659	782.284	36.5068
5674	784.185	36.7351
5677	785.756	36.9625
5678	786.183	37.0132
5680	783.42	36.6167
5683	787.521	37.1975
5685	784.886	36.7931
5690	785.462	36.8551
5692	787.245	37.1546
5693	784.769	36.7326
5696	786.868	37.0338
5698	789.611	37.4668
5699	786.866	37.0344
5702	787.805	37.1533
5703	790.364	37.544
5719	776.448	35.6929
5740	783.387	36.6038
5742	783.62	36.6412
5743	784.911	36.838
5744	785.71	36.9546
5745	782.59	36.4704
5746	786.182	37.0229
5747	786.658	37.0943
5748	786.16	37.0073
5750	784.844	36.8279
5752	787.541	37.214
5759	787.147	37.1091
5761	788.29	37.3031
5764	786.417	36.9809
5765	786.933	37.0387
5769	788.349	37.2505
5770	788.291	37.2328
5774	789.031	37.3664
5789	775.584	35.5878
5801	784.352	36.8293
5805	783.813	36.7122
5810	782.164	36.457
5811	785.307	36.9298
5813	785.823	36.9845
5819	785.697	36.9842
5820	785.778	36.9631
5822	785.351	36.9008
5825	783.866	36.6673
5827	787.576	37.2215
5828	786.249	37.0057
5829	787.025	37.138
5831	785.607	36.8894
5834	787.371	37.1535
5835	787.181	37.1048
5836	788.338	37.2795
5837	788.704	37.368
5838	788.151	37.24
5839	789.589	37.464
5844	790.622	37.6043
5848	789.412	37.4263
5849	786.759	37.012
5854	789.793	37.449
5857	791.35	37.6591
5860	790.901	37.5839
5891	783.005	36.5861
5896	785.431	36.9287
5903	785.671	36.9344
5905	785.809	36.9549
5906	783.413	36.5703
5908	787.458	37.1812
5911	785.07	36.8123
5912	786.057	36.965
5913	786.468	37.0145
5914	789.128	37.4301
5915	786.024	36.9306
5919	788.562	37.2981
5921	787.641	37.1763
5922	788.41	37.2867
5924	789.264	37.4202
5926	788.24	37.2256
5927	788.439	37.2547
5929	790.701	37.5921
5930	785.793	36.8609
5934	789.26	37.3612
5958	780.366	36.2503
5972	785.662	36.9553
5975	786.36	37.0733
5977	784.545	36.7839
5981	784.94	36.8494
5983	788.538	37.3722
5984	784.039	36.675
5985	786.293	37.0181
5988	786.198	36.9843
5996	786.551	37.0306
5999	787.348	37.1453
6001	787.224	37.1047
6002	787.591	37.1657
6005	788.181	37.2423
6007	789.311	37.405
6009	789.888	37.4957
6010	786.25	36.9295
6012	788.558	37.2498
6013	788.991	37.3098
6015	789.44	37.4051
6017	789.593	37.4211
6019	790.725	37.5706
6021	790.963	37.5711
6022	789.454	37.3358
6035	781.662	36.4632
6037	779.252	36.1018
6045	780.569	36.2316
6047	784.575	36.8483
6049	782.851	36.5691
6050	783.756	36.6919
6051	784.175	36.7543
6052	784.793	36.8465
6054	787.344	37.2208
6055	782.111	36.4276
6059	783.495	36.6033
6062	786.866	37.1116
6064	785.011	36.8465
6067	785.151	36.8402
6069	786.216	37.0041
6070	786.364	37.0356
6071	786.399	37.0126
6074	788.281	37.302
6082	786.955	37.0651
6083	788.24	37.2387
6085	787.327	37.1134
6086	784.767	36.6958
6090	788.175	37.2284
6093	783.921	36.5584
6095	789.722	37.4656
6101	790.132	37.4757
6102	787.797	37.1406
6103	790.285	37.5002
6106	790.118	37.4762
6109	789.942	37.4161
6132	780.132	36.1826
6136	781.481	36.3632
6138	784.932	36.8881
6140	783.639	36.684
6142	784.131	36.745
6153	784.626	36.7781
6155	787.29	37.1684
6156	784.806	36.7875
6157	781.892	36.3213
6158	785.406	36.8739
6159	785.582	36.9017
6161	786.123	36.9726
6162	786.74	37.0766
6164	783.714	36.5933
6165	787.854	37.2231
6166	783.942	36.6214
6167	787.535	37.1705
6168	787.07	37.1034
6172	788.854	37.358
6173	787.267	37.1147
6175	786.769	37.0552
6177	787.576	37.1405
6178	787.467	37.1339
6179	788.238	37.2339
6183	789.008	37.35
6186	788.344	37.2469
6191	786.947	36.987
6193	790.705	37.5702
6206	779.032	36.067
6208	778.205	35.9501
6214	778.535	35.9748
6226	783.737	36.6992
6229	783.694	36.6986
6232	781.784	36.3744
6233	784.43	36.7624
6239	784.221	36.7119
6241	784.118	36.6987
6243	786.073	36.9881
6245	785.819	36.927
6246	785.796	36.922
6247	785.891	36.9494
6250	787.304	37.1705
6251	785.391	36.8423
6253	786.249	36.9779
6254	785.017	36.7756
6256	789.008	37.3842
6257	785.946	36.9107
6258	786.445	36.9948
6259	785.816	36.8761
6261	787.913	37.2055
6264	787.634	37.1404
6266	789.04	37.3287
6268	787.17	37.0546
6271	785.072	36.7063
6272	789.102	37.3237
6289	779.064	36.0719
6298	778.213	35.8956
6308	780.391	36.1822
6311	781.296	36.3315
6312	779.464	36.0618
6313	781.774	36.4082
6314	782.313	36.4762
6319	784.031	36.7165
6321	781.855	36.3465
6322	785.036	36.8543
6323	785.619	36.9158
6324	784.005	36.6969
6326	784.252	36.7016
6327	783.518	36.5945
6328	781.889	36.3389
6329	784.801	36.785
6334	786.227	36.9837
6335	786.88	37.0723
6336	787.139	37.0964
6338	785.685	36.8826
6339	788.062	37.222
6342	783.646	36.5521
6343	786.437	36.9852
6345	787.301	37.1038
6348	788.12	37.2313
6349	788.525	37.275
6353	785.462	36.8008
6354	788.61	37.273
6357	789.16	37.3648
6358	787.208	37.0522
6365	789.508	37.3728
6368	787.723	37.086
6392	780.234	36.1982
6397	782.023	36.4394
6400	783.598	36.6547
6401	784.078	36.7032
6402	785.119	36.877
6405	785.087	36.8422
6407	785.153	36.8525
6409	784.485	36.7354
6410	783.875	36.6301
6411	786.84	37.1046
6412	784.711	36.7709
6413	784.73	36.7563
6418	786.039	36.9488
6419	786.925	37.0946
6422	786.907	37.0628
6428	786.978	37.0569
6430	786.091	36.9037
6432	787.782	37.1671
6433	787.756	37.1568
6435	788.504	37.2772
6444	788.887	37.2723
6447	789.842	37.4149
6476	779.653	36.1323
6479	781.434	36.3877
6485	782.115	36.4655
6488	781.767	36.3897
6489	782.509	36.4842
6492	783.05	36.5619
6499	784.997	36.8243
6500	785.363	36.8983
6501	785.56	36.9251
6502	784.024	36.6727
6512	784.185	36.6726
6513	787.038	37.0778
6515	786.741	37.045
6517	786.206	36.9467
6520	785.88	36.8946
6523	789.331	37.4057
6524	787.027	37.0383
6525	787.964	37.1966
6526	787.993	37.1857
6531	787.333	37.0721
6551	778.911	36.0797
6552	780.096	36.2569
6558	779.801	36.1733
6559	778.9	36.0334
6563	781.129	36.3394
6572	780.927	36.2512
6573	782.143	36.4519
6575	782.57	36.5132
6576	780.082	36.1111
6577	782.689	36.5007
6581	781.706	36.3441
6582	785.192	36.8663
6583	782.133	36.3953
6585	782.266	36.4124
6587	783.869	36.6656
6588	783.938	36.6414
6589	786.841	37.0852
6594	783.839	36.5867
6596	783.639	36.5788
6597	788.066	37.2373
6598	784.478	36.6864
6599	787.712	37.1724
6600	784.9	36.7478
6601	788.399	37.2681
6602	786.885	37.0299
6608	787.48	37.1018
6611	788.075	37.199
6612	788.68	37.2828
6613	785.499	36.8139
6614	786.727	36.9755
6617	788.775	37.2685
6618	789.275	37.352
6620	787.432	37.0482
6643	778.399	35.9587
6651	781.104	36.3317
6652	777.957	35.8694
6656	780.029	36.1707
6658	783.489	36.699
6667	781.419	36.3484
6669	784.194	36.7635
6671	782.32	36.474
6674	782.251	36.4201
6675	782.844	36.514
6676	782.839	36.5101
6677	783.381	36.5781
6678	784.118	36.6997
6679	783.864	36.6313
6680	782.657	36.4635
6681	784.766	36.7903
6682	785.337	36.88
6684	784.959	36.8037
6685	783.054	36.5298
6686	785.683	36.9071
6688	784.432	36.7152
6689	786.881	37.0682
6690	784.71	36.7496
6697	786.347	36.9558
6698	786.752	37.0259
6700	787.604	37.1581
6703	786.079	36.8939
6704	788.227	37.2319
6705	786.254	36.9423
6710	788.474	37.2343
6712	788.535	37.2458
6715	787.106	36.9954
6716	788.945	37.2821
6718	787.899	37.1303
6731	778.577	36.0278
6738	779.589	36.1491
6748	779.601	36.1129
6752	777.152	35.7512
6753	783.167	36.6421
6754	778.535	35.9227
6756	778.763	35.962
6758	781.775	36.3954
6760	778.936	35.9549
6763	780.903	36.2588
6765	782.248	36.4402
6766	784.087	36.7263
6767	783.029	36.5617
6768	782.166	36.3929
6769	785.34	36.8915
6771	782.811	36.516
6772	784.266	36.7327
6773	783.962	36.6635
6775	784.527	36.7554
6776	785.338	36.8715
6778	786.327	37.0143
6780	786.789	37.0752
6781	784.082	36.6479
6783	787.556	37.1878
6790	785.81	36.8655
6791	786.504	36.9912
6793	786.868	37.039
6798	787.64	37.1319
6800	789.742	37.4668
6802	786.28	36.9058
6805	787.3	37.0586
6806	787.958	37.1658
6809	787.04	36.9885
6813	787.946	37.1221
6824	774.685	35.4901
6826	776.755	35.761
6849	780.107	36.1827
6851	780.08	36.1643
6854	783.672	36.6835
6859	783.678	36.6838
6860	781.075	36.2453
6861	781.933	36.4008
6862	783.604	36.6416
6863	781.404	36.3169
6864	784.385	36.7634
6867	781.657	36.3381
6868	781.197	36.2556
6874	782.838	36.4815
6875	785.277	36.8527
6878	785.599	36.8877
6879	785.285	36.8472
6882	784.723	36.7365
6883	783.624	36.5921
6884	786.684	37.0471
6885	787.4	37.15
6886	783.578	36.5887
6892	782.688	36.4385
6897	785.7	36.855
6900	786.924	37.0435
6901	787.319	37.0799
6902	785.207	36.7772
6903	786.791	37.0099
6905	786.296	36.9087
6907	786.508	36.9431
6908	788.968	37.3486
6911	787.881	37.1364
6912	787.619	37.1019
6928	780.535	36.3278
6946	780.715	36.2705
6947	783.204	36.6153
6954	782.261	36.4465
6958	783.111	36.5608
6959	784.259	36.726
6963	781.984	36.3755
6964	784.547	36.7598
6966	782.132	36.3863
6973	781.574	36.2738
6974	783.769	36.6097
6975	785.512	36.9049
6976	782.61	36.4302
6977	785.405	36.8527
6978	785.563	36.8835
6979	783.877	36.6277
6981	784.251	36.6526
6983	784.184	36.6406
6988	786.364	36.9666
6990	786.604	36.9793
6991	786.907	37.0316
6992	786.759	36.9864
6994	786.831	37
6996	786.633	36.9832
6998	788.469	37.2588
6999	788.601	37.2907
7000	785.701	36.8404
7002	786.41	36.9122
7004	788.749	37.2866
7006	787.497	37.0981
7021	773.395	35.2817
7030	778.681	36.0206
7040	778.041	35.8448
7047	781.966	36.4202
7049	782.554	36.5053
7055	784.165	36.7391
7061	781.644	36.3303
7062	782.704	36.4963
7063	781.628	36.2955
7070	780.47	36.1119
7074	784.631	36.7645
7077	786.597	37.0426
7079	782.853	36.4511
7080	785.519	36.8319
7082	786.881	37.05
7083	783.578	36.5609
7084	785.397	36.8254
7087	786.377	36.9629
7089	786.339	36.9493
7090	785.768	36.8597
7091	785.785	36.8514
7093	783.575	36.5283
7094	786.906	37.0204
7095	789.469	37.4031
7096	784.444	36.6362
7098	787.095	37.0472
7099	788.58	37.2909
7100	788.052	37.1767
7104	787.415	37.0419
7105	788.502	37.2384
7122	777.018	35.7112
7123	779.669	36.1271
7125	778.339	35.8963
7131	779.432	36.0504
7135	781.042	36.2629
7136	780.857	36.2322
7137	781.962	36.4049
7140	779.226	35.9928
7141	781.769	36.3832
7142	782.238	36.4347
7149	782.421	36.447
7150	784.314	36.7529
7160	782.556	36.4291
7161	786.513	37.01
7163	783.978	36.6251
7164	786.813	37.0505
7165	784.045	36.6183
7166	784.491	36.6787
7167	786.435	36.9615
7168	789.281	37.4236
7169	784.637	36.7086
7170	786.811	37.0287
7173	784.074	36.6125
7175	785.699	36.8351
7176	783.671	36.5297
7177	786.028	36.9073
7178	786.234	36.91
7179	787.194	37.0861
7181	786.521	36.9337
7183	788.512	37.2663
7185	789.073	37.3195
7186	786.509	36.9234
7187	788.969	37.3117
7190	787.078	37.0098
7209	776.063	35.6236
7220	780.667	36.2475
7227	780.809	36.2348
7230	781.28	36.3229
7231	778.271	35.8644
7233	782.203	36.4439
7235	779.225	35.9733
7236	780.455	36.1678
7239	783.534	36.6312
7240	777.694	35.7364
7241	780.26	36.1178
7242	782.459	36.4611
7243	780.474	36.14
7245	781.24	36.2435
7246	785.029	36.8419
7248	781.384	36.2537
7250	782.437	36.4305
7251	784.799	36.7821
7253	785.027	36.8318
7257	785.906	36.931
7260	781.512	36.2691
7264	784.914	36.7708
7265	785.184	36.8063
7266	786.23	36.9532
7267	786.212	36.9392
7268	783.816	36.5801
7269	787.113	37.0752
7270	784.914	36.7457
7272	785.669	36.8349
7274	784.795	36.7084
7275	783.387	36.5063
7276	786.41	36.9481
7278	786.335	36.9278
7279	786.939	37.0367
7280	787.474	37.0767
7283	787.586	37.0963
7286	788.243	37.1981
7312	778.953	35.9892
7313	779.25	36.0223
7314	775.197	35.4333
7320	780.143	36.1314
7322	780.955	36.2536
7323	783.061	36.5447
7324	777.879	35.7763
7326	782.676	36.4813
7328	783.063	36.5398
7330	780.859	36.1874
7331	784.154	36.6938
7333	782.103	36.383
7340	780.636	36.1225
7342	786.584	37.032
7343	784.934	36.7669
7345	785.702	36.866
7346	785.731	36.8939
7349	785.862	36.9078
7353	783.905	36.5892
7354	784.142	36.6293
7355	784.755	36.7025
7357	784.457	36.6745
7359	785.846	36.8679
7361	785.147	36.7529
7362	786.549	36.9476
7363	788.324	37.2316
7364	785.818	36.8582
7365	787.424	37.1216
7390	778.225	35.9249
7392	779.411	36.1085
7393	781.481	36.4216
7396	777.573	35.8111
7402	779.812	36.1131
7403	777.448	35.7521
7405	783.433	36.6494
7408	779.237	36.0106
7410	779.611	36.0443
7412	782.139	36.4404
7413	783.119	36.5845
7415	780.611	36.1774
7416	780.611	36.1948
7417	782.704	36.4951
7418	782.863	36.5005
7421	780.882	36.1891
7424	783.479	36.5777
7425	781.026	36.2113
7427	782.295	36.394
7438	784.551	36.707
7440	785.137	36.8059
7444	786.118	36.9276
7445	783.077	36.4674
7448	786.373	36.9641
7449	784.329	36.6261
7458	785.878	36.8703
7459	785.444	36.7947
7460	786.227	36.9275
7462	786.8	36.984
7465	786.145	36.8654
7472	775.882	35.6681
7477	775.023	35.5461
7505	780.62	36.2027
7506	779.126	35.9737
7508	781.907	36.3896
7509	782.177	36.4099
7512	783.065	36.5389
7515	783.42	36.5786
7516	780.371	36.1209
7518	784.092	36.676
7519	782.471	36.4204
7527	786.046	36.9349
7532	784.713	36.7348
7534	784.831	36.7181
7536	785.627	36.8747
7538	783.981	36.5929
7540	788.978	37.3658
7544	784.675	36.6924
7546	786.174	36.9
7551	784.984	36.721
7572	777.764	35.8669
7574	776.789	35.7164
7577	778.348	35.9355
7594	778.862	35.9497
7595	779.891	36.0925
7596	782.29	36.4223
7597	780.867	36.2389
7598	783.615	36.6557
7599	780.381	36.1571
7601	780.947	36.2384
7602	783.011	36.5494
7603	781.648	36.3226
7604	784.549	36.7825
7606	780.698	36.2053
7609	782.963	36.5419
7610	782.323	36.4343
7611	783.721	36.6478
7613	784.043	36.6642
7615	780.997	36.1754
7616	782.255	36.4045
7617	784.733	36.7453
7619	782.753	36.4698
7624	784.12	36.6542
7625	784.117	36.6352
7626	784.876	36.7287
7630	786.407	36.9564
7646	778.636	36.049
7665	780.163	36.1665
7670	778.839	35.9795
7671	782.034	36.4262
7673	782.146	36.4305
7674	779.844	36.0833
7678	782.185	36.4362
7680	780.878	36.2489
7682	779.106	35.9505
7683	782.174	36.4173
7684	779.965	36.0868
7685	782.32	36.4328
7692	781.397	36.2617
7693	783.096	36.5249
7695	783.398	36.5513
7696	783.56	36.5854
7699	782.276	36.3878
7700	779.705	35.9884
7701	783.213	36.5251
7703	782.734	36.4291
7705	783.253	36.5141
7708	784.551	36.7134
7710	784.494	36.7238
7711	784.803	36.7417
7713	785.807	36.8741
7715	783.214	36.4917
7719	783.651	36.5224
7722	784.558	36.6911
7723	781.523	36.2078
7750	773.089	35.186
7758	778.188	35.914
7762	778.356	35.9288
7767	779.578	36.1296
7768	778.628	35.9597
7774	780.159	36.1791
7776	782.982	36.5671
7777	779.161	35.9878
7778	780.629	36.2337
7780	781.9	36.4098
7783	779.966	36.0992
7785	781.658	36.3572
7787	780.845	36.2132
7789	781.546	36.313
7790	784.174	36.726
7791	781.366	36.2855
7792	782.437	36.4764
7795	782.331	36.4072
7798	783.102	36.5206
7800	781.638	36.3064
7803	781.764	36.305
7804	783.1	36.4989
7807	784.908	36.76
7808	782.672	36.4438
7811	782.28	36.401
7815	783.773	36.5742
7816	783.063	36.479
7817	784.159	36.6345
7824	785.268	36.8002
7841	778.158	35.9426
7844	777.614	35.8678
7849	775.864	35.562
7850	778.587	35.9463
7851	777.31	35.767
7854	780.261	36.2133
7859	778.7	35.9453
7863	783.475	36.6606
7865	780.822	36.2543
7869	777.816	35.7855
7874	779.083	35.9885
7875	781.051	36.2645
7879	780.389	36.1747
7880	780.848	36.2324
7881	780.134	36.1054
7882	782.048	36.3945
7883	780.972	36.2367
7885	782.665	36.485
7886	782.441	36.4421
7891	781.481	36.2659
7892	783.562	36.5894
7893	784.423	36.7152
7895	782.002	36.3216
7902	784.868	36.768
7904	784.842	36.7397
7906	785.251	36.7841
7917	771.943	35.0549
7926	774.562	35.4216
7929	776.782	35.7461
7933	773.857	35.2857
7939	778.523	35.9511
7942	776.901	35.6969
7945	777.672	35.8199
7949	778.013	35.8493
7951	778.382	35.9022
7956	776.494	35.6114
7960	779.532	36.0594
7961	778.051	35.8646
7968	782.668	36.5052
7970	779.484	35.9794
7971	783.084	36.5506
7972	780.501	36.1739
7975	780.91	36.2257
7977	781.815	36.3439
7979	780.933	36.2391
7981	783.187	36.5424
7982	783.907	36.6369
7984	784.848	36.749
7987	781.3	36.2018
7999	777.158	35.8361
8014	776.27	35.641
8027	777.138	35.7241
8029	776.768	35.6367
8032	780.216	36.1434
8042	779.304	35.9791
8048	781.525	36.304
8050	779.918	36.0811
8052	782.925	36.4962
8053	783.499	36.5782
8054	785.035	36.8065
8057	783.315	36.5529
8058	785.96	36.9507
8059	782.492	36.4117
8060	782.681	36.4313
8061	786.062	36.9402
8093	777.792	35.8769
8097	777.958	35.907
8104	778.766	35.9694
8108	778.314	35.8967
8115	780.273	36.1862
8118	780.714	36.2402
8122	779.341	36.0075
8126	779.438	36.0152
8129	781.227	36.2711
8130	780.67	36.1668
8131	781.452	36.2757
8138	783.454	36.5683
8140	783.833	36.6208
8141	781.61	36.2923
8143	780.954	36.1864
8166	776.837	35.7543
8171	778.918	36.066
8173	776.791	35.7205
8185	780.42	36.228
8186	780.813	36.2747
8189	776.546	35.633
8193	777.798	35.8066
8194	779.735	36.0851
8204	780.23	36.1153
8205	781.019	36.2187
8207	784.165	36.7194
8212	781.834	36.33
8214	782.903	36.4992
8215	783.172	36.5257
8221	783.814	36.6001
8222	784.217	36.654
8250	771.545	34.9615
8254	777.078	35.7573
8257	778.84	35.9977
8259	778.935	36.0207
8261	779.576	36.0887
8264	778.454	35.9255
8268	778.943	35.9838
8274	779.803	36.1009
8275	780.128	36.1557
8276	780.066	36.1466
8279	778.766	35.8912
8285	780.929	36.2422
8288	779.294	35.9718
8291	782.598	36.4586
8292	783.074	36.5199
8293	783.283	36.5466
8313	776.55	35.7286
8321	775.834	35.5742
8329	778.131	35.868
8333	778.445	35.9033
8334	778.694	35.9514
8335	778.727	35.9578
8347	781.678	36.3555
8350	778.916	35.9374
8372	774.803	35.4727
8380	777.977	35.9237
8383	776.486	35.6768
8390	778.337	35.9359
8393	778.715	35.9672
8395	779.11	36.0352
8400	778.21	35.8812
8412	782.005	36.4086
8425	780.741	36.1728
8451	779.321	36.1113
8463	776.951	35.6901
8467	777.785	35.8101
8479	780.634	36.1729
8496	776.003	35.7252
8505	775.05	35.5097
8511	775.709	35.5712
8518	779.232	36.0792
8533	779.299	36.0068
8536	779.561	36.02
8537	780.871	36.2229
8547	771.359	35.0781
8559	775.132	35.5223
8562	776.582	35.7261
8579	777.811	35.8451
8580	780.748	36.2699
8584	779.031	35.9971
8589	779.684	36.0779
8591	778.874	35.9577
8610	776.94	35.8347
8619	777.547	35.8592
8637	778.351	35.918
8638	779.53	36.0805
8643	781.153	36.3211
8644	778.293	35.8669
8645	781.026	36.281
8646	775.719	35.4856
8647	779.491	36.0746
8677	775.394	35.5584
8687	775.396	35.4985
8689	778.263	35.9387
8695	777.222	35.7689
8705	768.781	34.7808
8740	777.649	35.8298
8743	776.581	35.6551
8744	779.383	36.098
8745	779.502	36.1391
8748	777.694	35.8236
8753	770.077	34.8738
8758	774.378	35.4651
8771	776.468	35.7138
8773	781.146	36.4126
8774	775.646	35.5617
8785	767.516	34.5197
8800	778.337	36.0529
8802	775.199	35.5734
8805	776.854	35.7964
8807	774.412	35.3953
8810	777.51	35.8602
8812	777.118	35.7893
8826	775.773	35.666
8837	773.83	35.3452
8838	775.572	35.5977
8857	771.021	35.0359
8871	777.326	35.8585
8896	776.24	35.7362
