1	793.789	48.4352
9	794.911	48.5864
11	795.52	48.6418
27	794.551	48.4121
28	794.773	48.5258
59	792.797	48.1917
62	793.598	48.3999
70	797.735	49.0737
114	788.849	47.4034
117	791.437	47.9345
130	793.454	48.1943
172	789.082	47.4921
174	792.147	47.9657
176	793.529	48.2219
181	790.86	47.7883
199	796.685	48.7264
206	798.371	48.9887
213	787.892	47.3379
236	792.486	48.043
250	795.234	48.5546
310	798.292	49.0179
315	791.438	47.8138
317	797.655	48.9604
318	798.183	49.0596
321	799.788	49.2585
347	792.351	48.0612
356	793.448	48.2834
362	794.1	48.3291
371	798.178	48.9845
377	801.026	49.5442
397	792.157	48.0288
407	793.156	48.2775
413	795.251	48.609
417	792.316	48.0557
419	788.857	47.4096
421	795.38	48.6145
460	791.103	47.795
466	791.215	47.8602
468	793.416	48.2771
477	792.623	48.0484
479	794.041	48.2652
481	789.894	47.5543
528	791.074	47.9236
531	791.078	47.7643
538	788.781	47.3095
543	793.536	48.2762
552	796.603	48.6639
556	798.751	49.0521
558	799.937	49.2837
580	792.676	48.1635
583	795.017	48.5499
596	792.678	48.0813
609	798.349	49.1743
641	789.41	47.5149
651	789.925	47.5915
668	790.008	47.6364
681	795.351	48.5254
686	797.471	48.8988
727	791.82	47.9169
728	791.324	47.7447
735	791.689	47.9026
736	792.33	47.9026
738	794.729	48.4484
747	798.594	49.0482
750	796.803	48.6888
757	800.869	49.354
764	805.663	50.3088
787	789.479	47.4423
797	795.028	48.4926
800	795.474	48.5934
803	792.723	48.1023
810	795.986	48.5369
811	794.976	48.5056
812	796.506	48.7227
823	793.936	48.0273
848	788.951	47.3994
856	791.262	47.88
862	794.885	48.4518
873	794.175	48.3887
878	793.514	48.1292
880	792.472	47.9252
886	795.437	48.4568
890	797.489	48.8381
900	793.625	48.1076
901	799.884	49.158
906	786.978	47.0855
917	787.59	47.2278
921	789.777	47.4838
931	792.891	48.0963
940	791.275	47.7392
968	786.852	46.9751
969	788.89	47.5018
978	788.284	47.2239
993	792.266	47.9846
994	793.048	48.1908
996	790.044	47.5696
998	793.764	48.1797
1003	793.778	48.2062
1007	792.53	47.9346
1009	794.279	48.2384
1010	796.045	48.6616
1017	799.044	49.1557
1055	789.433	47.4647
1061	793.406	48.2824
1062	792.387	47.946
1065	792.018	47.9742
1072	791.941	47.9825
1076	793.633	48.279
1085	792.702	47.9655
1093	799.378	49.1017
1107	786.411	47.0048
1138	788.743	47.2754
1141	792.295	47.9754
1143	791.466	47.8313
1149	791.663	47.8322
1155	792.659	47.9123
1158	793.009	48.1058
1167	797.524	48.8672
1172	801.412	49.5117
1177	785.037	46.8207
1181	784.07	46.5164
1186	786.806	47.0295
1199	793.097	48.1063
1222	794.292	48.2707
1227	792.824	48.0274
1228	793.898	48.1104
1231	797.939	48.8968
1234	791.094	47.6614
1236	795.1	48.4426
1239	798.762	49.1512
1244	797.832	48.7978
1256	787.058	47.1914
1265	786.517	46.9387
1278	785.736	46.8188
1282	790.881	47.6614
1288	791.119	47.8481
1289	792.686	48.0649
1290	793.798	48.2585
1298	795.204	48.5073
1301	796.661	48.7874
1302	793.166	48.1197
1303	798.636	49.0165
1326	786.996	47.078
1337	790.61	47.6499
1341	788.541	47.3658
1343	789.148	47.3771
1345	788.255	47.2948
1349	790.628	47.6806
1351	791.524	47.8314
1357	792.343	47.9395
1359	792.434	48.0339
1362	792.224	47.8751
1363	789.98	47.3939
1368	792.032	47.87
1369	792.062	47.8647
1376	796.927	48.6371
1382	797.171	48.789
1383	797.211	48.7725
1409	786.482	47.0666
1422	790.84	47.7519
1429	792.115	48.0372
1431	792.42	48.0382
1434	792.539	47.9794
1438	790.953	47.7089
1439	793.623	48.1394
1443	795.389	48.4745
1444	793.811	48.2067
1445	793.217	48.1264
1447	794.274	48.3447
1453	791.429	47.7629
1473	799.982	49.2035
1479	782.621	46.3251
1497	788.622	47.4254
1503	791.539	47.8755
1505	788.355	47.2667
1507	792.387	48.0902
1509	791.375	47.8381
1510	791.281	47.7664
1511	790.754	47.6036
1514	791.364	47.8246
1516	792.436	48.0195
1519	793.615	48.2055
1520	790.806	47.6512
1526	793.84	48.2149
1528	791.104	47.7272
1536	797.777	48.9363
1539	795.776	48.5146
1553	785.358	46.7093
1558	788.305	47.3313
1564	787.629	47.1468
1570	789.544	47.4416
1576	787.623	47.154
1579	791.419	47.8413
1581	793.512	48.1221
1583	791.841	47.8226
1584	792.913	48.0105
1590	791.054	47.6283
1591	792.711	48.0376
1595	792.765	48.0401
1596	791.513	47.7496
1598	795.684	48.5233
1602	793.334	48.174
1609	792.02	47.7259
1610	797.188	48.7226
1621	800.668	49.4882
1622	793.67	48.0854
1623	798.994	49.1154
1640	784.4	46.5761
1645	791.218	47.8761
1650	786.973	47.0395
1654	789.753	47.5287
1656	787.955	47.1914
1659	788.543	47.2043
1662	789.17	47.4306
1663	791.228	47.8517
1664	789.883	47.5906
1666	793.784	48.3221
1667	789.92	47.4987
1668	791.259	47.8045
1673	790.246	47.5979
1676	788.888	47.2532
1680	793.162	47.9898
1684	793.439	48.1098
1685	795.138	48.472
1688	794.362	48.2536
1691	792.795	47.9675
1695	796.396	48.7447
1701	794.326	48.2128
1714	800.788	49.4403
1734	787.33	47.0253
1742	788.909	47.3863
1745	788.53	47.3381
1747	787.554	46.9814
1748	786.66	46.9017
1751	789.587	47.5249
1753	786.967	46.9382
1754	789.817	47.5452
1756	791.571	47.8184
1760	793.572	48.1992
1765	789.854	47.4718
1766	792.346	47.9207
1769	792.737	48.0576
1771	795.018	48.3927
1774	792.024	47.9335
1783	795.136	48.3413
1825	785.989	46.8291
1827	788.733	47.4199
1830	787.277	47.1076
1834	787.417	47.0749
1836	791.517	47.7992
1839	787.524	47.1332
1841	792.986	48.0747
1844	790.215	47.502
1849	790.125	47.5245
1850	788.577	47.1886
1852	791.775	47.8472
1854	789.552	47.4166
1855	794.973	48.3923
1862	790.046	47.3904
1866	791.394	47.7762
1873	793.864	48.0556
1881	798.915	48.975
1889	801.631	49.491
1895	786.312	46.8938
1897	789.91	47.6444
1899	787.995	47.2417
1912	789.284	47.4812
1916	787.383	47.0735
1918	791.004	47.6555
1919	790.005	47.5046
1921	791.243	47.6827
1923	792.069	47.9075
1924	794.163	48.2593
1928	791.622	47.8193
1931	793.216	48.052
1938	789.515	47.3774
1972	786.225	46.824
1974	789.777	47.539
1975	786.514	46.9349
1977	789.298	47.3764
1979	789.034	47.3438
1989	787.463	47.0806
1990	790.786	47.6818
1991	789.405	47.4598
1994	789.721	47.4617
1995	790.322	47.5864
1996	791.341	47.7016
2005	791.819	47.7903
2006	793.878	48.2335
2010	793.831	48.1173
2015	792.923	48.0451
2016	793.935	48.2607
2029	792.933	47.9131
2039	801.863	49.5388
2056	787.53	47.2015
2058	785.897	46.8216
2064	788.543	47.3646
2066	786.266	46.8787
2067	790.244	47.6408
2068	785.103	46.6383
2072	789.834	47.6579
2076	788.791	47.2782
2078	787.65	47.0326
2079	788.683	47.2914
2082	790.456	47.6536
2084	789.206	47.3923
2087	790.064	47.5209
2090	785.98	46.7268
2091	791.532	47.8082
2092	788.76	47.2768
2094	791.579	47.7647
2095	790.409	47.6292
2096	787.599	47.021
2099	790.99	47.7087
2104	791.505	47.7273
2108	794.509	48.3226
2114	797.125	48.7588
2118	796.392	48.5587
2161	790.232	47.6185
2163	788.219	47.1288
2165	788.98	47.2691
2166	789.184	47.3561
2168	789.208	47.3644
2170	792.783	48.0658
2174	791.854	47.8084
2175	791.924	47.9031
2177	789.627	47.435
2179	790.125	47.4819
2192	793.808	48.154
2197	795.474	48.4197
2198	796.208	48.4874
2215	783.634	46.5414
2217	784.888	46.6846
2225	785.748	46.7892
2228	786.948	46.9462
2231	785.581	46.7681
2235	788.367	47.2611
2237	789.296	47.3415
2238	785.734	46.6997
2242	789.718	47.4982
2243	788.949	47.3205
2245	789.336	47.4226
2246	790.516	47.6035
2248	792.59	48.0015
2249	789.423	47.4325
2253	792.126	47.8759
2254	794.533	48.3523
2255	788.114	47.0771
2256	790.843	47.6588
2258	793.396	48.0402
2267	793.777	48.2658
2269	793.935	48.1251
2270	793.232	48.0145
2272	789.521	47.3569
2276	791.064	47.6146
2288	796.053	48.4606
2307	781.727	46.1409
2308	780.335	45.8014
2309	784.913	46.7102
2310	787.193	47.1142
2312	785.864	46.7577
2317	787.751	47.1777
2318	784.981	46.6638
2320	785.651	46.7418
2325	784.246	46.4537
2326	787.927	47.1426
2329	788.768	47.36
2330	790.596	47.6259
2332	790.447	47.6602
2333	788.205	47.175
2334	791.996	47.9637
2335	788.869	47.299
2338	788.215	47.1363
2339	790.593	47.6544
2340	789.138	47.3766
2341	790.287	47.611
2343	790.675	47.618
2344	790.17	47.5926
2347	789.858	47.3886
2348	792.765	48.0641
2349	790.627	47.5967
2350	788.304	47.1958
2352	792.802	47.9395
2354	794.864	48.3984
2356	790.08	47.4318
2357	794.339	48.2663
2360	790.944	47.5742
2362	792.768	48.0267
2370	791.199	47.6405
2373	792.255	47.8167
2375	790.287	47.4331
2380	792.094	47.7385
2383	792.111	47.6506
2384	792.147	47.77
2403	785.417	46.7203
2407	787.34	47.1756
2408	786.567	46.965
2411	784.06	46.4463
2414	786.627	46.9185
2415	787.144	47.0717
2422	789.855	47.5807
2423	787.747	47.0303
2424	786.761	46.98
2425	786.442	46.8419
2426	788.721	47.1863
2428	787.813	47.0464
2429	790.087	47.6086
2433	789.359	47.4982
2434	787.263	46.9647
2435	790.348	47.5328
2436	791.132	47.5685
2438	790.672	47.5921
2442	794.049	48.1879
2443	792.929	48.0305
2444	790.199	47.5283
2445	793.186	48.0917
2448	790.144	47.4603
2451	792.483	47.8824
2452	791.861	47.8706
2456	787.823	47.0047
2459	794.503	48.2563
2473	796.255	48.5679
2475	792.921	47.8917
2490	784.48	46.552
2494	782.463	46.195
2495	787.758	47.2682
2496	785.384	46.7047
2498	786.094	46.8395
2503	786.068	46.8851
2506	787.007	47.0075
2510	785.98	46.8387
2511	790.93	47.6562
2512	786.167	46.7484
2513	789.521	47.4381
2514	787.317	47.052
2522	788.231	47.1325
2523	785.353	46.601
2524	791.387	47.7603
2525	788.448	47.1757
2526	792.478	47.9622
2527	789.277	47.4183
2528	792.003	47.9128
2531	789.83	47.3728
2532	787.68	47.0696
2533	791.943	47.8084
2536	789.8	47.3924
2538	791.964	47.7974
2541	794.095	48.1817
2543	790.232	47.395
2547	794.845	48.3754
2548	792.49	47.8974
2549	792.26	47.8147
2550	790.912	47.5863
2551	794.69	48.2297
2552	794.247	48.2114
2558	792.274	47.7453
2575	784.301	46.6194
2576	781.134	45.9936
2582	783.9	46.4705
2583	784.31	46.5044
2585	786.624	46.9812
2586	786.193	46.8986
2589	787.028	46.9621
2591	786.439	46.9405
2593	785.925	46.7478
2595	786.174	46.845
2596	789.187	47.3996
2598	786.336	46.9215
2601	789.44	47.4464
2602	786.944	46.8515
2604	787.329	46.9637
2605	793.405	48.1252
2610	790.049	47.4922
2611	789.703	47.4976
2613	786.315	46.8045
2614	789.28	47.346
2618	791	47.6676
2625	793.028	47.9525
2626	791.674	47.6965
2632	790.976	47.5866
2636	791.12	47.6757
2660	782.703	46.3178
2664	785.016	46.617
2668	787.21	47.1228
2672	787.303	46.9301
2673	784.451	46.5944
2674	788.037	47.1922
2678	786.133	46.8001
2680	785.975	46.796
2681	789.57	47.4217
2683	789.493	47.3233
2688	788.536	47.2512
2690	789.7	47.4687
2696	791.43	47.7507
2697	788.361	47.207
2698	790.447	47.5468
2705	787.823	46.9562
2706	789.386	47.2958
2709	791.169	47.6634
2711	792.694	47.927
2713	791.931	47.8204
2715	792.003	47.8422
2719	795.007	48.2775
2723	796.072	48.5388
2724	800.309	49.3117
2728	794.032	48.1559
2738	785.202	46.701
2739	785.385	46.7547
2748	787.937	47.1743
2750	785.527	46.7075
2751	785.444	46.7759
2752	783.321	46.2708
2754	788.497	47.2038
2755	789.169	47.3265
2757	788.509	47.123
2758	788.711	47.2502
2760	790.408	47.559
2762	788.48	47.169
2763	787.574	46.9679
2765	788.045	47.0511
2766	789.416	47.4337
2769	790.572	47.5592
2773	785.004	46.5028
2774	790.366	47.5505
2776	789.496	47.4306
2777	792.582	47.9705
2780	790.688	47.4367
2781	789.642	47.5247
2789	790.032	47.4202
2791	790.565	47.5687
2793	791.029	47.6848
2799	791.053	47.5543
2813	783.426	46.3576
2825	782.709	46.2275
2828	781.577	46.0065
2835	786.968	46.9593
2836	783.511	46.3649
2839	786.438	46.8362
2840	790.471	47.752
2842	789.585	47.4735
2843	787.055	46.9554
2844	787.631	47.0447
2850	787.369	47.0005
2852	787.358	47.0108
2854	790.935	47.689
2855	786.975	46.9272
2856	784.918	46.5254
2857	786.691	46.9187
2858	788.68	47.2436
2860	789.868	47.4406
2861	792.772	48.016
2862	786.467	46.8305
2863	791.162	47.7278
2865	788.001	47.0582
2866	785.446	46.6652
2868	791.119	47.631
2871	787.877	47.0618
2872	792.101	47.8483
2875	790.026	47.4921
2876	791.14	47.6309
2879	789.398	47.3056
2885	793.196	48.0188
2895	795.551	48.3875
2908	781.773	46.1293
2919	783.314	46.2592
2924	789.158	47.3403
2928	786.603	46.9305
2929	788.161	47.1471
2931	787.861	47.0999
2932	785.084	46.5435
2933	788.341	47.1539
2934	790.109	47.5916
2935	786.572	46.9134
2938	788.735	47.3281
2939	790.008	47.4334
2940	791.365	47.7915
2941	787.404	46.9442
2942	789.771	47.4595
2944	788.715	47.2072
2945	790.435	47.652
2946	787.899	47.1773
2948	787.318	46.9275
2949	789.204	47.3428
2951	787.625	47.0157
2953	789.572	47.3681
2955	788.829	47.1792
2957	790.248	47.4882
2960	789.007	47.2817
2961	788.53	47.0553
2964	792.958	48.0341
2965	789.149	47.3093
2966	793.781	48.0463
2968	791.165	47.5947
2972	793.687	48.0812
2973	788.076	47.036
2998	783.506	46.3142
3001	786.654	47.0547
3006	784.76	46.57
3007	786.09	46.7942
3009	785.515	46.6807
3010	784.534	46.5331
3012	786.039	46.8171
3014	787.225	46.9401
3016	790.368	47.5819
3018	787.674	47.0655
3019	789.125	47.3198
3022	786.732	46.8696
3025	788.539	47.1938
3026	789.395	47.4109
3027	788.368	47.1025
3028	786.675	46.8384
3029	791.356	47.7119
3030	790.48	47.4257
3031	785.61	46.6589
3034	790.066	47.4259
3035	788.073	47.0933
3036	788.859	47.3233
3037	786.661	46.8078
3038	789.985	47.4555
3039	787.374	46.9296
3046	789.656	47.3418
3049	788.186	47.0544
3051	788.515	47.0625
3055	793.923	48.0393
3056	794.698	48.1633
3058	795.923	48.3874
3064	782.775	46.2783
3066	784.138	46.5299
3074	784.606	46.4778
3075	785.156	46.6385
3076	782.748	46.1585
3077	787.55	47.138
3079	787.232	47.0452
3082	786.163	46.8229
3084	784.642	46.4856
3086	785.781	46.6917
3087	791.135	47.7525
3088	787.854	47.1083
3089	786.277	46.7833
3090	787.609	47.0622
3095	789.038	47.2651
3098	786.29	46.7553
3103	788.661	47.3132
3105	787.633	46.9745
3107	790.545	47.4971
3119	790.388	47.4793
3120	792.81	47.9593
3134	781.608	46.1027
3146	782.373	46.0965
3148	784.613	46.5675
3149	784.387	46.3918
3151	784.384	46.4234
3153	784.899	46.6162
3157	785.54	46.632
3159	786.699	46.8575
3161	785.125	46.5978
3162	789.771	47.5499
3163	785.686	46.808
3165	787.253	46.9502
3167	788.526	47.3282
3168	787.078	46.9923
3170	787.211	47.0575
3172	788.35	47.1674
3173	790.895	47.5367
3174	787.714	47.0788
3176	787.203	46.9623
3177	785.374	46.5979
3178	784.15	46.2422
3179	787.438	46.9936
3180	787.375	46.9449
3181	787.158	46.9497
3182	792.009	47.786
3184	791.329	47.6602
3188	789.537	47.3527
3192	792.49	47.9407
3195	789.603	47.3417
3196	787.592	46.9447
3201	793.006	48.0038
3203	790.019	47.4059
3206	790.081	47.3825
3215	786.515	46.928
3225	786.319	46.9212
3228	787.646	47.0489
3233	787.427	47.0068
3235	785.682	46.778
3237	787.523	47.0077
3239	787.542	47.003
3243	786.897	46.9365
3250	792.765	48.0122
3251	787.746	46.9635
3253	787.851	47.0832
3254	788.246	47.1112
3258	790.182	47.4427
3266	790.83	47.5833
3272	787.702	46.9096
3274	791.345	47.6558
3289	782.288	46.2003
3290	783.145	46.3614
3294	782.286	46.0876
3296	783.542	46.4349
3299	784.632	46.6092
3302	782.833	46.2127
3304	787.895	47.1553
3305	783.511	46.2409
3309	784.515	46.3451
3312	785.822	46.697
3313	788.971	47.2646
3314	783.837	46.3592
3320	790.166	47.4842
3322	788.509	47.2127
3323	789.852	47.5315
3324	787.505	47.1112
3328	788.272	47.0444
3332	790.513	47.5176
3335	791.057	47.5183
3338	794.175	48.2259
3339	794.98	48.3577
3347	781.954	46.1847
3352	785.94	46.9185
3355	788.904	47.4175
3356	782.916	46.2159
3359	782.711	46.1775
3362	783.223	46.2677
3364	783.808	46.3448
3365	785.21	46.6029
3367	788.895	47.2518
3369	786.622	46.7712
3372	786.086	46.7671
3376	787.085	46.939
3379	788.542	47.335
3383	790.522	47.6627
3388	788.914	47.197
3389	789.955	47.4438
3397	792.679	47.8224
3398	792.225	47.7833
3406	776.936	45.2093
3411	780.527	45.8845
3413	786.155	46.8777
3416	782.21	46.1151
3417	781.166	45.8959
3421	785.082	46.7036
3424	787.543	47.1283
3432	785.52	46.7838
3433	785.168	46.6012
3434	784.948	46.5882
3435	784.762	46.6575
3446	782.65	46.2005
3448	786.838	46.8557
3450	786.497	46.8062
3452	788.084	47.0833
3457	789.252	47.3986
3459	788.935	47.2544
3471	791.339	47.6075
3475	790.95	47.6569
3478	779.804	45.782
3487	782.872	46.2091
3490	785.513	46.8065
3492	783.301	46.3825
3494	785.78	46.8042
3505	787.985	47.1513
3506	785.338	46.5694
3508	785.337	46.6327
3513	788.249	47.2156
3516	787.323	46.931
3519	786.839	46.9441
3520	787.013	46.9297
3522	788.758	47.1843
3531	789.955	47.4072
3534	788.57	47.1256
3536	789.536	47.2531
3539	780.318	45.925
3545	782.104	46.2407
3551	783.639	46.4888
3552	786.68	46.8875
3565	784.843	46.6575
3576	786.148	46.8272
3578	787.604	47.1305
3579	786.426	46.8166
3582	786.442	46.8235
3583	789.884	47.493
3584	788.753	47.3094
3585	785.468	46.7013
3591	792.1	47.924
3592	788.717	47.2524
3594	789.865	47.4568
3597	788.988	47.3697
3616	783.589	46.435
3619	785.691	46.7497
3628	786.511	46.909
3632	787.505	47.2153
3636	786.601	46.9352
3637	788.219	47.2563
3639	788.463	47.3396
3643	787.536	47.1139
3657	778.368	45.5909
3659	781.825	46.2719
3666	780.071	45.9444
3673	783.73	46.5043
3675	781.057	46.0212
3679	785.911	46.7781
3685	782.548	46.2359
3686	786.823	47.0778
3687	786.31	46.9615
3694	786.395	46.9365
3697	787.511	47.179
3711	788.063	47.2851
3724	780.852	46.1075
3734	784.807	46.8443
3735	787.712	47.3251
3737	783.677	46.5219
3747	786.335	47.0046
3760	780.809	46.2667
3764	779.024	45.7801
3769	784.626	46.8385
3770	779.216	45.8216
3772	784.709	46.7213
3773	781.398	46.2082
3782	784.407	46.6487
3789	785.58	46.8783
3795	783.653	46.5106
3797	789.621	47.6425
3800	788.86	47.5315
3805	777.522	45.5224
3812	780.155	45.9618
3818	782.879	46.4922
3819	785.032	46.8821
3824	783.508	46.5937
3825	781.067	46.0954
3827	786.125	47.044
3828	783.986	46.6961
3832	789.919	47.6765
3833	784.897	46.8407
3840	792.095	47.9621
3847	797.6	49.1183
3890	792.736	48.1029
3925	795.625	48.6619
3932	791.612	47.8564
3993	791.733	47.9246
4029	800.512	49.5651
4031	802.295	49.7757
4056	791.054	47.7103
4066	795.938	48.6803
4078	798.435	49.0243
4103	791.558	47.895
4141	792.402	48.1599
4149	791.624	47.9211
4161	796.063	48.741
4168	794.635	48.3263
4170	796.149	48.5659
4178	799.866	49.2246
4203	794.647	48.4662
4213	794.792	48.441
4214	796.008	48.7785
4225	796.747	48.8901
4234	797.71	48.9887
4236	798.763	49.0904
4265	794.675	48.4147
4326	792.952	48.0933
4334	794.992	48.4571
4368	792.647	48.1112
4372	791.812	47.9308
4382	795.375	48.5699
4390	794.241	48.2664
4467	784.977	46.8205
4476	790.017	47.6188
4487	793.405	48.2124
4493	794.871	48.5573
4499	795.213	48.5121
4539	790.193	47.6862
4542	791.669	47.8592
4545	789.093	47.3826
4547	792.57	48.0244
4558	794.693	48.3851
4560	795.151	48.4781
4577	801.298	49.4292
4585	787.198	47.1783
4596	792.377	48.0787
4606	790.866	47.7856
4614	793.101	48.169
4618	793.083	48.1874
4620	796.153	48.7713
4669	789.694	47.5369
4672	792.778	48.1292
4691	797.585	48.8627
4698	798.021	48.9949
4717	784.242	46.5636
4723	791.346	47.9268
4724	789.953	47.6724
4735	792.477	48.0563
4738	789.046	47.3727
4740	790.203	47.5681
4745	791.917	47.8881
4748	797.492	49.0232
4758	796.648	48.6543
4784	789.755	47.5333
4800	790.201	47.618
4803	790.791	47.7127
4808	792.816	48.0313
4813	792.987	48.0703
4817	790.942	47.6884
4822	794.917	48.4047
4825	795.27	48.4937
4835	800.066	49.3085
4862	791.568	47.9355
4866	791.416	47.9643
4870	793.311	48.1409
4872	788.971	47.2801
4878	793.208	48.1616
4883	792.171	47.8617
4884	793.185	48.145
4891	796.349	48.7317
4893	792.559	47.9306
4894	795.154	48.406
4907	796.403	48.626
4943	790.642	47.631
4945	792.486	48.0172
4955	793.836	48.2003
4963	794.57	48.3107
4964	795.933	48.5667
4965	796.097	48.7262
4969	796.299	48.6975
4998	789.827	47.5673
5003	788.5	47.2524
5005	792.013	47.8976
5006	793.352	48.1321
5008	791.791	47.8607
5012	789.615	47.4813
5018	793.569	48.2257
5024	794.007	48.2255
5025	795.188	48.4369
5029	796.743	48.8021
5045	795.603	48.5039
5065	790.271	47.6928
5075	786.634	46.9138
5085	789.942	47.5174
5088	791.879	47.9353
5089	791.465	47.7692
5093	789.789	47.4942
5098	792.576	48.0123
5099	795.031	48.39
5103	793.064	48.0679
5107	794.181	48.3752
5109	793.903	48.2624
5118	795.459	48.4224
5119	797.115	48.7353
5149	789.07	47.4482
5150	789.204	47.3992
5159	791.135	47.8223
5165	791.276	47.8557
5175	790.254	47.545
5179	794.752	48.3432
5182	790.737	47.6585
5183	795.797	48.5093
5194	793.042	47.9563
5219	783.821	46.5037
5223	788.13	47.2387
5233	787.473	47.0666
5234	789.89	47.611
5240	789.959	47.5833
5241	791.691	47.8857
5242	790.445	47.5912
5248	790.06	47.5692
5249	790.833	47.669
5252	793.953	48.2051
5254	794.339	48.261
5256	796.564	48.7383
5261	793.699	48.0659
5286	801.629	49.4673
5289	784.544	46.7803
5303	788.594	47.3295
5314	792.197	48.0528
5319	790.322	47.6231
5320	786.098	46.8742
5321	789.73	47.4586
5325	787.759	47.1695
5326	790.345	47.6638
5341	790.824	47.5726
5344	793.44	48.059
5346	797.308	48.7788
5347	792.838	47.9784
5349	797.875	48.966
5352	799.023	49.1891
5383	788.287	47.2964
5386	788.461	47.3523
5388	787.325	47.0729
5395	793.149	48.094
5398	790.845	47.7209
5399	788.859	47.3724
5405	788.389	47.2975
5406	789.965	47.6235
5412	790.245	47.6241
5413	791.418	47.77
5414	790.787	47.6849
5416	791.722	47.7218
5424	794.437	48.3012
5425	792.314	47.9468
5433	796.514	48.6387
5435	795.759	48.5467
5438	797.677	48.9096
5441	796.147	48.579
5443	796.387	48.6929
5469	788.8	47.4482
5470	787.621	47.0653
5475	792.358	48.0515
5478	787.763	47.2188
5479	788.201	47.3091
5482	788.506	47.3204
5487	788.11	47.1912
5490	792.058	47.9069
5492	790.375	47.6078
5495	790.178	47.5426
5497	793.338	48.1773
5502	794.468	48.2696
5504	791.475	47.7616
5508	793.189	48.0613
5515	795.045	48.437
5543	782.751	46.3352
5550	790.22	47.6533
5553	787.15	47.0324
5555	790.146	47.6205
5562	792.091	47.9996
5563	791.127	47.7484
5566	791.062	47.7394
5573	789.119	47.2768
5574	793.543	48.1593
5578	790.538	47.6169
5579	792.444	47.95
5584	794.271	48.3083
5585	789.466	47.3612
5586	793.047	48.0688
5589	792.409	47.9347
5595	794.518	48.3427
5596	791.842	47.7537
5598	796.316	48.5595
5604	799.731	49.2002
5606	797.335	48.7763
5618	782.979	46.3418
5624	787.631	47.2455
5633	788.255	47.2389
5634	787.437	47.0553
5636	788.77	47.288
5641	788.603	47.2756
5644	791.334	47.84
5648	791.027	47.7858
5651	791.051	47.6936
5655	790.074	47.4929
5657	792.996	48.1271
5659	793.946	48.3145
5671	798.756	49.1384
5673	790.814	47.5605
5676	792.186	47.8602
5688	794.769	48.2539
5695	795.655	48.4568
5710	785.928	46.9618
5718	786.223	46.9342
5734	789.362	47.3871
5735	790.869	47.6859
5737	787.291	47.0525
5745	790.248	47.6766
5746	790.446	47.588
5747	789.748	47.586
5748	792.695	48.0613
5750	791.434	47.7843
5752	789.987	47.433
5755	794.218	48.2712
5759	794.036	48.2056
5764	791.228	47.6862
5770	795.738	48.4512
5772	799.22	49.0973
5773	796.284	48.5632
5780	784.282	46.5916
5801	788.011	47.1943
5803	791.777	47.797
5806	790.742	47.6711
5807	791.521	47.8125
5808	789.065	47.3644
5810	789.842	47.415
5812	794.765	48.3216
5814	790.775	47.5843
5816	790.457	47.6036
5827	795.394	48.4074
5828	798.009	49.0571
5834	795.974	48.4405
5835	794.433	48.2947
5841	795.391	48.3122
5853	787.951	47.283
5854	785.692	46.7727
5855	784.929	46.6897
5864	785.253	46.6895
5865	787.234	47.0113
5875	790.353	47.6024
5878	787.365	47.1043
5879	791.729	47.7796
5880	790.047	47.5281
5881	789.723	47.4568
5883	792.825	48.002
5886	786.513	46.86
5887	787.401	46.9206
5889	791.844	47.7769
5890	790.393	47.4779
5893	790.697	47.4964
5894	791.316	47.6919
5899	790.269	47.4997
5902	792.64	47.8989
5906	793.59	48.0974
5907	794.879	48.3328
5910	794.222	48.1151
5911	794.942	48.2767
5924	780.873	46.0447
5931	784.916	46.7069
5937	786.454	46.9692
5938	784.793	46.7036
5939	788.683	47.2696
5941	785.207	46.6993
5945	784.512	46.5236
5949	787.415	47.1035
5950	788.53	47.2807
5951	789.51	47.4803
5953	787.188	47.0033
5954	790.057	47.6219
5957	789.265	47.3655
5965	788.148	47.1113
5967	787.037	46.9246
5969	790.76	47.6686
5970	793.32	48.0991
5972	790.279	47.5423
5974	793.211	48.1204
5976	793.068	48.0277
5980	794.993	48.4483
5981	790.147	47.4589
5985	793.675	48.0552
5990	798.346	49.0722
5997	795.146	48.3673
6002	794.146	48.2405
6024	788.007	47.2327
6027	787.538	47.1759
6037	789.461	47.3451
6038	787.36	47.0729
6041	791.715	47.88
6042	790.294	47.6019
6044	789.468	47.4688
6045	790.641	47.6069
6046	789.272	47.4528
6048	793.047	48.0669
6050	791.261	47.7034
6051	791.38	47.7769
6052	791.304	47.7395
6054	787.746	47.0124
6057	788.106	47.1127
6058	789.352	47.4112
6060	788.877	47.3229
6063	791.343	47.6571
6064	791.244	47.6724
6066	792.927	47.9794
6073	793.027	47.9936
6075	790.243	47.4287
6076	792.714	47.9417
6095	800.716	49.2733
6114	787.042	47.0109
6119	787.193	47.0286
6120	785.41	46.7117
6122	788.116	47.2396
6123	788.347	47.2122
6126	791.981	47.8624
6128	788.331	47.2657
6131	789.433	47.3633
6132	786.103	46.8018
6135	789.631	47.4131
6137	789.545	47.4457
6139	790.862	47.6452
6140	788.045	47.1536
6143	787.233	46.9487
6148	792.742	47.8528
6152	789.416	47.4229
6153	791.437	47.75
6155	793.921	48.2002
6157	792.436	47.8728
6159	792.723	48.0311
6162	791.745	47.7024
6168	794.051	48.2371
6170	793.972	48.1698
6180	798.79	48.9084
6198	784.406	46.6135
6199	786.575	46.9101
6203	787.322	47.0907
6205	788.902	47.311
6206	785.791	46.7384
6207	787.26	47.0137
6209	790.129	47.588
6212	790.178	47.5003
6213	789.065	47.4035
6215	790.517	47.6227
6216	790.613	47.6485
6218	788.556	47.1654
6220	790.694	47.6079
6226	788.673	47.2507
6229	789.801	47.3326
6231	790.625	47.6319
6232	791.61	47.7999
6235	790.539	47.4824
6236	793.306	48.0618
6239	791.935	47.8425
6240	792.139	47.8078
6242	790.683	47.5238
6246	796.093	48.4758
6260	794.781	48.3097
6262	798.134	48.858
6275	787.77	47.2097
6277	784.001	46.5246
6278	782.623	46.2408
6289	788.986	47.4162
6292	787.947	47.2648
6293	786.035	46.8878
6297	786.694	46.9054
6301	789.163	47.4047
6304	789.262	47.4254
6305	788.756	47.2912
6310	786.367	46.7669
6311	790.491	47.5897
6312	790.622	47.6881
6315	791.744	47.8241
6316	792.923	48.0039
6317	789.515	47.3958
6319	791.983	47.7557
6322	790.384	47.5076
6326	791.435	47.649
6328	792.331	47.8591
6332	793.623	48.15
6334	792.596	47.9384
6335	792.078	47.7816
6336	795.761	48.4301
6348	793.462	47.9727
6353	801.328	49.4674
6373	786.571	46.9647
6376	783.874	46.4911
6377	783.255	46.3091
6386	786.492	46.9502
6387	788.441	47.215
6389	786.573	46.8838
6391	786.489	46.8287
6393	786.828	46.9869
6396	785.012	46.499
6397	791.02	47.6812
6398	788.537	47.179
6405	788.626	47.2575
6406	790.495	47.6793
6407	791.257	47.6927
6409	790.062	47.434
6412	793.889	48.2399
6414	790.016	47.4759
6417	790.869	47.5885
6418	792.218	47.867
6420	787.514	46.9858
6421	791.542	47.6818
6423	794.552	48.3198
6430	794.885	48.348
6435	796.858	48.6645
6436	792.29	47.7003
6445	798.621	48.9356
6446	782.685	46.2954
6451	782.386	46.2881
6454	783.976	46.4907
6455	784.198	46.4814
6457	785.466	46.7519
6461	783.324	46.3304
6466	787.626	47.1356
6467	788.495	47.2058
6468	787.43	46.9884
6471	788.407	47.1711
6474	788.515	47.1573
6478	787.732	47.0639
6479	787.377	46.9981
6489	790.174	47.4773
6492	791.186	47.6143
6493	786.312	46.7394
6494	787.992	47.1026
6495	790.187	47.5444
6496	787.952	47.095
6497	789.134	47.3131
6499	789.627	47.2844
6500	791.768	47.8062
6503	791.46	47.6899
6507	792.84	47.925
6512	793.655	48.0397
6524	792.614	47.8804
6527	794.916	48.2841
6538	783.306	46.4595
6540	784.139	46.6118
6541	781.468	46.035
6546	787.802	47.136
6548	788.754	47.3849
6550	785.198	46.7532
6551	789.399	47.4629
6553	782.493	46.1399
6555	788.464	47.3023
6557	789.378	47.3279
6558	784.9	46.609
6559	789.898	47.5813
6560	789.363	47.515
6562	787.286	46.9198
6563	788.637	47.2913
6564	784.963	46.5464
6565	787.747	47.0064
6566	788.312	47.1734
6567	788.993	47.3458
6568	789.187	47.3665
6569	785.897	46.7945
6570	787.946	47.068
6578	788.012	47.1249
6589	790.222	47.399
6590	792.672	47.9782
6592	789.397	47.3176
6593	790.21	47.4453
6594	789.654	47.3401
6597	792.206	47.9172
6599	790.487	47.5154
6607	791.424	47.5917
6627	784.129	46.4834
6629	781.719	46.0942
6631	782.999	46.3312
6633	782.978	46.3136
6635	786.21	46.8692
6636	784.317	46.4263
6640	786.836	46.962
6642	785.719	46.735
6644	788.025	47.2603
6645	786.016	46.7951
6648	790.438	47.4868
6649	783.069	46.2262
6651	789.575	47.5203
6654	788.038	47.099
6655	790.753	47.5996
6657	787.833	47.0164
6659	787.06	46.9444
6660	787.2	46.9422
6665	791.316	47.7349
6668	788.421	47.1942
6669	790.954	47.6647
6670	790.978	47.6653
6671	788.79	47.1747
6672	789.451	47.3308
6676	791.225	47.5525
6682	790.918	47.6155
6685	794.983	48.2605
6688	791.92	47.7527
6691	792.984	47.9765
6704	783.704	46.3417
6706	786.335	46.9064
6708	786.037	46.9174
6710	789.206	47.3992
6712	789.032	47.3873
6713	785.555	46.7487
6715	787.005	47.0052
6716	786.464	46.8317
6717	786.551	46.7859
6718	789.104	47.3672
6719	789.391	47.3584
6720	787.788	47.0386
6721	785.003	46.5608
6726	791.592	47.7908
6728	791.023	47.6586
6729	786.815	46.9009
6731	788.789	47.2848
6733	789.019	47.3318
6735	789.399	47.3007
6737	792.818	47.911
6739	788.514	47.1951
6740	789.26	47.3531
6741	787.376	46.9312
6742	789.936	47.5909
6745	790.119	47.4519
6746	788.747	47.2203
6750	792.121	47.7526
6757	795.869	48.4728
6764	791.658	47.7462
6765	789.028	47.1092
6782	788.132	47.1469
6783	785.438	46.6659
6786	783.359	46.3634
6788	786.716	46.9287
6789	786.388	46.8863
6791	790.284	47.5603
6793	789.876	47.4982
6795	787.72	47.1303
6797	790.467	47.6081
6798	786.915	46.9375
6802	786.522	46.8397
6803	792.084	47.8862
6804	786.758	46.895
6805	788.393	47.1798
6806	787.699	47.048
6808	788.247	47.2232
6810	789.495	47.3391
6811	790.07	47.4981
6813	790.429	47.4579
6817	793.362	48.0292
6825	789.243	47.2401
6831	792.417	47.7798
6832	793.216	47.9919
6838	791.528	47.6688
6845	782.589	46.3617
6854	784.227	46.4805
6859	784.749	46.5868
6862	783.054	46.2762
6863	788.712	47.3256
6866	785.581	46.648
6867	790.106	47.484
6872	786.584	46.9519
6873	782.302	46.0629
6874	787.114	46.9108
6875	790.162	47.4348
6876	787.524	46.9675
6878	787.085	47.0213
6879	790.479	47.5656
6882	785.942	46.7114
6883	787.884	47.0912
6884	789.79	47.4458
6887	790.078	47.4205
6890	788.494	47.2219
6893	788.302	47.1219
6894	787.397	46.9747
6896	792.148	47.7701
6898	790.568	47.5653
6904	790.196	47.4606
6907	794.022	48.2338
6909	792.176	47.8535
6911	788.636	47.1415
6921	793.277	47.9253
6927	781.753	46.0995
6928	783.161	46.2897
6931	782.095	46.0796
6935	781.966	46.082
6943	786.781	46.8609
6944	785.707	46.6806
6948	788.321	47.1691
6949	785.946	46.7642
6950	790.303	47.6156
6951	788.576	47.2034
6953	788.44	47.2079
6955	787.74	47.0797
6957	788.419	47.1621
6958	786.672	46.8481
6959	790.294	47.5224
6960	786.251	46.7004
6962	789.163	47.2646
6965	787.03	46.887
6970	786.943	46.9133
6971	791.478	47.7648
6973	793.543	48.1988
6977	790.679	47.5346
6980	789.269	47.3184
6985	789.875	47.327
6990	789.838	47.3277
6994	789.485	47.1695
6995	791.915	47.7787
6998	789.745	47.338
7011	780.492	45.9158
7017	783.815	46.398
7023	785.893	46.8195
7028	784.46	46.4623
7032	783.636	46.3765
7034	787.093	46.9359
7035	788.17	47.1662
7036	788.871	47.2312
7037	787.043	46.9564
7038	789.931	47.3873
7039	788.892	47.1978
7041	788.991	47.3026
7042	787.702	47.0686
7045	786.865	46.9523
7049	791.459	47.7292
7052	786.486	46.7789
7053	791.374	47.7456
7054	788.883	47.2436
7055	790.676	47.5149
7056	788.816	47.2163
7058	787.256	46.8616
7059	789.822	47.343
7064	791.388	47.7194
7067	786.857	46.8291
7088	785.71	46.734
7094	782.121	46.0486
7096	783.264	46.325
7097	784.675	46.6157
7099	783.734	46.4165
7102	781.519	46.0092
7106	786.58	46.8533
7108	785.857	46.8086
7110	787.833	47.0932
7111	784.243	46.3846
7113	786.005	46.7489
7114	787.647	47.063
7115	788.203	47.157
7116	787.809	47.1159
7117	787.054	46.871
7119	784.463	46.4298
7121	789.521	47.5045
7125	789.846	47.4895
7129	789.635	47.3278
7130	787.479	46.9582
7133	791.651	47.7879
7135	789.141	47.2871
7137	789.691	47.328
7142	789.752	47.3486
7143	791.467	47.7215
7144	791.708	47.659
7146	790.28	47.537
7150	791.354	47.6222
7156	792.373	47.823
7159	779.588	45.7227
7178	785.645	46.7289
7179	785.382	46.6028
7184	781.199	45.9529
7185	787.661	47.1192
7191	787.869	47.1824
7200	786.448	46.8759
7201	787.386	47.0165
7203	786.378	46.7703
7205	788.372	47.223
7206	787.267	46.9318
7208	788.392	47.1505
7209	789.314	47.4797
7210	787.143	46.9465
7211	788.302	47.1673
7212	787.26	46.9934
7213	788.244	47.123
7217	788.603	47.1523
7221	788.977	47.1864
7224	787.005	46.8854
7225	792.449	47.9182
7228	791.501	47.6791
7233	791.768	47.7594
7235	793.138	48.0168
7240	778.084	45.3919
7248	779.912	45.779
7252	781.819	46.0985
7256	783.375	46.3464
7262	787.44	46.9742
7266	784.359	46.4512
7267	787.188	46.9904
7275	786.145	46.7914
7276	788.54	47.2164
7277	787.066	46.9327
7280	786.541	46.815
7281	785.731	46.6351
7291	788.691	47.1859
7293	792.491	47.9505
7294	791.932	47.7918
7299	792.053	47.8123
7310	782.448	46.2281
7312	783.444	46.3853
7319	781.885	46.0818
7330	784.585	46.4062
7333	789.911	47.4825
7334	784.647	46.5354
7341	785.125	46.5395
7342	784.798	46.5352
7344	788.575	47.1869
7346	787.034	47.0267
7351	784.925	46.5305
7352	787.779	47.1122
7356	787.821	46.9619
7359	792.191	47.8839
7363	787.723	47.0832
7369	789.964	47.4562
7370	790.98	47.583
7395	785.929	46.8064
7397	782.623	46.1161
7399	784.567	46.6042
7402	785.419	46.6514
7407	785.425	46.6203
7409	786.363	46.86
7412	785.48	46.7058
7413	783.495	46.2546
7415	788.153	47.1416
7416	783.134	46.2377
7419	784.152	46.4286
7431	786.428	46.8371
7432	785.966	46.6583
7433	790.627	47.6202
7438	789.513	47.3925
7447	787.05	46.9055
7448	793.272	48.0342
7452	779.731	45.7768
7459	781.042	45.8592
7467	785.741	46.8525
7469	784.585	46.5049
7472	787.281	47.0968
7475	785.84	46.7357
7476	787.233	47.0168
7477	784.862	46.6131
7479	785.661	46.7195
7482	786.661	46.8806
7485	785.919	46.7589
7486	785.96	46.7357
7487	788.909	47.2689
7488	788.982	47.3661
7489	790.735	47.6148
7493	791.844	47.7478
7496	787.661	47.0981
7502	788.698	47.268
7520	783.597	46.476
7522	782.572	46.2627
7525	786.736	47.1301
7529	785.247	46.7497
7531	783.145	46.4015
7532	783.711	46.4799
7534	784.29	46.4702
7543	785.284	46.7515
7549	789.448	47.3955
7553	789.3	47.3541
7554	791.175	47.7274
7564	777.716	45.4029
7567	782.996	46.3536
7571	783.156	46.3713
7574	781.471	46.0714
7587	788.263	47.2619
7589	788.83	47.4079
7590	784.122	46.4737
7591	786.527	47.0175
7593	785.945	46.8478
7594	787.46	47.0889
7596	789.157	47.5127
7603	779.359	45.8303
7609	786.097	47.0517
7611	784.072	46.6524
7612	786.468	47.1704
7618	783.284	46.358
7621	782.126	46.2197
7624	784.636	46.7426
7627	785.801	46.9295
7639	788.769	47.2532
7648	782.405	46.4131
7649	778.144	45.5941
7659	784.07	46.717
7661	782.773	46.3833
7668	784.071	46.6657
7673	788.231	47.3876
7679	784.112	46.6024
7687	783.033	46.5626
7693	781.833	46.2847
7695	780.878	46.0969
7706	783.086	46.4846
7708	785.239	46.8345
7711	784.837	46.8981
