80	0.602048	55.1853	47	1.17416	0.192815	0.219479	0.0343039	17	165	65	645	3
81	0.60207	63.909	47	1.35977	0.0508038	0.251148	0.0356442	17	165	65	645	3
82	0.602112	53.123	47	1.13028	0.250109	0.339718	0.0409939	17	165	65	645	3
83	0.60213	86.462	47	1.83962	0.000399359	0.223175	0.0371298	17	165	65	645	3
84	0.602138	46.5489	47	0.990403	0.49114	0.302626	0.0408249	17	165	65	645	3
85	0.602037	60.9047	47	1.29584	0.0837456	0.307993	0.047469	17	165	65	645	3
86	0.602106	49.9077	47	1.06187	0.358518	0.166176	0.052669	17	165	65	645	3
87	0.602045	46.2627	47	0.984313	0.503003	0.144365	0.0412346	17	165	65	645	3
88	0.60204	81.2421	47	1.72856	0.00142144	0.219543	0.0383629	17	165	65	645	3
89	0.602054	39.8487	47	0.847845	0.760834	0.286273	0.0411291	17	165	65	645	3
90	0.602058	76.4915	47	1.62748	0.0042064	0.210717	0.0399794	17	165	65	645	3
92	0.602173	65.1659	47	1.38651	0.0407361	0.269725	0.0582667	17	165	65	645	3
94	0.602089	73.0146	47	1.5535	0.00888025	0.0557715	0.0404998	17	165	65	645	3
95	0.602255	95.1207	47	2.02384	4.1525e-05	-0.125398	0.0360502	17	165	65	645	3
96	0.602098	67.3041	47	1.432	0.0275534	0.199399	0.039331	17	165	65	645	3
97	0.602108	52.6814	47	1.12088	0.263665	0.517997	0.055705	17	165	65	645	3
98	0.602068	43.5123	47	0.925793	0.617825	0.387165	0.0471207	17	165	65	645	3
99	0.602082	88.647	47	1.88611	0.000229587	0.0699566	0.0344569	17	165	65	645	3
100	0.602066	74.7271	47	1.58994	0.00617789	0.156885	0.0414526	17	165	65	645	3
102	0.602117	66.3379	47	1.41144	0.0329547	0.21574	0.0490742	17	165	65	645	3
103	0.602114	45.5708	47	0.969592	0.531851	0.276231	0.0504394	17	165	65	645	3
104	0.602091	49.6037	47	1.0554	0.369843	0.330507	0.0421567	17	165	65	645	3
105	0.602074	50.5022	47	1.07451	0.336864	0.366171	0.045162	17	165	65	645	3
106	0.602107	53.8028	47	1.14474	0.230124	0.52363	0.0536492	17	165	65	645	3
108	0.602123	60.1072	47	1.27888	0.0949687	0.365439	0.0485921	17	165	65	645	3
109	0.602072	60.6466	47	1.29035	0.0872534	0.170462	0.0495035	17	165	65	645	3
110	0.602123	58.6147	47	1.24712	0.119206	0.471442	0.0563947	17	165	65	645	3
111	0.602075	56.3872	47	1.19973	0.164009	0.247036	0.0427155	17	165	65	645	3
112	0.602089	40.7213	47	0.866411	0.728833	0.360881	0.0523356	17	165	65	645	3
113	0.602065	81.5149	47	1.73436	0.00133276	0.539328	0.0587823	17	165	65	645	3
114	0.602086	42.5139	47	0.90455	0.6587	0.495053	0.060222	17	165	65	645	3
115	0.60195	44.9403	47	0.956177	0.558253	0.12565	0.0632067	17	165	65	645	3
116	0.602088	95.5235	47	2.03242	3.72123e-05	0.221827	0.0449191	17	165	65	645	3
117	0.602224	43.451	47	0.92449	0.620356	0.416506	0.0502278	17	165	65	645	3
118	0.602078	64.2892	47	1.36786	0.0475547	0.084998	0.0370136	17	165	65	645	3
119	0.602062	43.2409	47	0.920018	0.629027	0.158218	0.0408719	17	165	65	645	3
120	0.602053	43.3337	47	0.921994	0.625201	0.250707	0.0487828	17	165	65	645	3
80	0.597906	50.1386	46	1.08997	0.312686	0.19694	0.0349778	18	175	65	645	3
81	0.59792	58.4666	46	1.27101	0.102738	0.227215	0.0362458	18	175	65	645	3
82	0.597973	51.9592	46	1.12955	0.252968	0.327082	0.0421961	18	175	65	645	3
83	0.598002	76.6949	46	1.66728	0.00301728	0.190199	0.0373888	18	175	65	645	3
84	0.597999	45.7843	46	0.995311	0.481225	0.292356	0.0421217	18	175	65	645	3
85	0.597906	57.8602	46	1.25783	0.112753	0.284597	0.0482918	18	175	65	645	3
86	0.597959	48.7923	46	1.0607	0.361422	0.150567	0.0538978	18	175	65	645	3
87	0.597915	40.5808	46	0.882191	0.697966	0.11645	0.0416732	18	175	65	645	3
88	0.597908	74.7211	46	1.62437	0.00469609	0.19152	0.0388372	18	175	65	645	3
89	0.597918	39.8157	46	0.865558	0.727668	0.284179	0.0427885	18	175	65	645	3
90	0.597937	76.4938	46	1.66291	0.00315825	0.211129	0.0417767	18	175	65	645	3
92	0.598006	63.8948	46	1.38902	0.0413965	0.251335	0.0595109	18	175	65	645	3
94	0.597924	71.9985	46	1.56519	0.00845901	0.0442542	0.0415933	18	175	65	645	3
95	0.598078	92.9589	46	2.02085	5.10364e-05	-0.14074	0.0368527	18	175	65	645	3
96	0.597969	62.7097	46	1.36325	0.0510582	0.175604	0.0399338	18	175	65	645	3
97	0.597953	52.6241	46	1.144	0.23307	0.514641	0.0576636	18	175	65	645	3
98	0.597945	41.2022	46	0.895701	0.673116	0.366862	0.0481227	18	175	65	645	3
99	0.597918	87.5222	46	1.90266	0.000215945	0.0597407	0.0354212	18	175	65	645	3
100	0.597945	68.3004	46	1.48479	0.018025	0.125645	0.0418977	18	175	65	645	3
102	0.597971	66.3057	46	1.44143	0.0265229	0.213334	0.0509005	18	175	65	645	3
103	0.59797	45.5497	46	0.990211	0.491012	0.274343	0.0522744	18	175	65	645	3
104	0.597947	45.5998	46	0.9913	0.488918	0.307169	0.042841	18	175	65	645	3
105	0.597927	49.8166	46	1.08297	0.324008	0.355771	0.0465155	18	175	65	645	3
106	0.597947	50.7097	46	1.10239	0.29315	0.498333	0.0544262	18	175	65	645	3
108	0.597972	58.191	46	1.26502	0.107197	0.346992	0.0496016	18	175	65	645	3
109	0.597933	58.6168	46	1.27428	0.100371	0.150546	0.0504578	18	175	65	645	3
110	0.597967	58.0454	46	1.26186	0.109615	0.459885	0.0579937	18	175	65	645	3
111	0.597928	51.0861	46	1.11057	0.28067	0.220083	0.0431583	18	175	65	645	3
112	0.597943	39.3599	46	0.855651	0.744814	0.344171	0.0535007	18	175	65	645	3
113	0.597923	77.7698	46	1.69065	0.00235876	0.507021	0.0594783	18	175	65	645	3
114	0.597947	40.6603	46	0.883921	0.694818	0.471485	0.0613161	18	175	65	645	3
115	0.597844	41.8963	46	0.910788	0.644744	0.0963707	0.0634707	18	175	65	645	3
116	0.597944	95.2425	46	2.07049	2.72719e-05	0.215007	0.0464822	18	175	65	645	3
117	0.59806	41.8979	46	0.910824	0.644677	0.399591	0.0513348	18	175	65	645	3
118	0.597952	60.7673	46	1.32103	0.0710476	0.0655708	0.0376737	18	175	65	645	3
119	0.597906	42.9753	46	0.934247	0.599699	0.152501	0.0421802	18	175	65	645	3
120	0.597921	41.5012	46	0.9022	0.660967	0.232414	0.0497377	18	175	65	645	3
80	0.593768	46.2021	45	1.02671	0.422387	0.176306	0.035776	19	185	65	645	3
81	0.593779	53.8806	45	1.19735	0.171051	0.204689	0.0369541	19	185	65	645	3
82	0.593833	49.9091	45	1.10909	0.284511	0.30904	0.0433394	19	185	65	645	3
83	0.593828	76.3773	45	1.69727	0.00241208	0.184459	0.0386291	19	185	65	645	3
84	0.593857	45.2683	45	1.00596	0.460753	0.283456	0.043605	19	185	65	645	3
85	0.593768	56.8137	45	1.26253	0.111352	0.27044	0.0496352	19	185	65	645	3
86	0.593812	47.6906	45	1.05979	0.363864	0.134129	0.0552382	19	185	65	645	3
87	0.593781	38.3692	45	0.852649	0.747077	0.0974947	0.0427447	19	185	65	645	3
88	0.593745	72.6975	45	1.6155	0.00554504	0.175777	0.0398012	19	185	65	645	3
89	0.59378	37.0329	45	0.822952	0.794968	0.262879	0.0437827	19	185	65	645	3
90	0.593788	61.1019	45	1.35782	0.0551018	0.165234	0.0414788	19	185	65	645	3
92	0.593831	62.5425	45	1.38983	0.0426848	0.231135	0.0608141	19	185	65	645	3
94	0.593781	71.9539	45	1.59897	0.00652438	0.0415214	0.0433469	19	185	65	645	3
95	0.593925	87.5755	45	1.94612	0.000148773	-0.166295	0.0373067	19	185	65	645	3
96	0.593812	60.7654	45	1.35034	0.0584104	0.159955	0.0408759	19	185	65	645	3
97	0.593816	49.1248	45	1.09166	0.31136	0.483398	0.0583911	19	185	65	645	3
98	0.593807	41.1334	45	0.914076	0.636459	0.37073	0.0502988	19	185	65	645	3
99	0.593778	82.3997	45	1.8311	0.000563437	0.0360977	0.0360214	19	185	65	645	3
100	0.593789	64.1337	45	1.42519	0.0318578	0.101665	0.0424863	19	185	65	645	3
102	0.593824	62.1899	45	1.382	0.0454765	0.183537	0.0514828	19	185	65	645	3
103	0.593817	45.1649	45	1.00366	0.465064	0.283922	0.0549448	19	185	65	645	3
104	0.593779	43.2396	45	0.96088	0.546754	0.28885	0.0437687	19	185	65	645	3
105	0.593796	48.5934	45	1.07985	0.330318	0.371596	0.0493531	19	185	65	645	3
106	0.593784	47.0449	45	1.04544	0.388796	0.469028	0.0551043	19	185	65	645	3
108	0.593819	53.1352	45	1.18078	0.189418	0.316489	0.0500442	19	185	65	645	3
109	0.593798	49.8485	45	1.10774	0.286535	0.107131	0.050282	19	185	65	645	3
110	0.593807	52.2705	45	1.16157	0.212419	0.421875	0.0582124	19	185	65	645	3
111	0.593793	50.5103	45	1.12245	0.264888	0.210361	0.0446332	19	185	65	645	3
112	0.593798	37.4063	45	0.831252	0.782043	0.323517	0.0545236	19	185	65	645	3
113	0.593779	68.8857	45	1.53079	0.0124986	0.4581	0.0591474	19	185	65	645	3
114	0.593803	40.4036	45	0.897857	0.666802	0.462883	0.0633268	19	185	65	645	3
115	0.593699	39.6862	45	0.881915	0.695944	0.0687303	0.0642648	19	185	65	645	3
116	0.593796	94.9703	45	2.11045	1.97739e-05	0.208053	0.0481031	19	185	65	645	3
117	0.593908	39.1718	45	0.870484	0.716319	0.424599	0.0547138	19	185	65	645	3
118	0.593812	55.829	45	1.24064	0.129241	0.0410127	0.0382611	19	185	65	645	3
119	0.593787	42.5447	45	0.945437	0.576524	0.144158	0.0437024	19	185	65	645	3
120	0.593804	40.6588	45	0.90353	0.656259	0.219375	0.0511286	19	185	65	645	3
80	0.589618	43.1111	44	0.979797	0.509631	0.15819	0.0366046	20	195	65	645	3
81	0.589627	45.2018	44	1.02731	0.421543	0.173035	0.0373345	20	195	65	645	3
82	0.589689	42.3362	44	0.962187	0.543113	0.273865	0.0437526	20	195	65	645	3
83	0.589695	60.019	44	1.36407	0.0542615	0.137696	0.038498	20	195	65	645	3
84	0.589706	41.5394	44	0.944077	0.577647	0.25908	0.0444082	20	195	65	645	3
85	0.589633	54.6341	44	1.24168	0.130691	0.248265	0.0508108	20	195	65	645	3
86	0.58966	46.3232	44	1.0528	0.37666	0.114947	0.0565452	20	195	65	645	3
87	0.589628	38.3434	44	0.871441	0.71193	0.0996877	0.0447757	20	195	65	645	3
88	0.589594	64.8872	44	1.47471	0.0218611	0.14337	0.040161	20	195	65	645	3
89	0.589654	36.4608	44	0.828654	0.783068	0.252791	0.0453814	20	195	65	645	3
90	0.589654	59.7583	44	1.35814	0.0568013	0.150376	0.0427991	20	195	65	645	3
92	0.589694	62.2844	44	1.41556	0.0359994	0.221665	0.0631114	20	195	65	645	3
94	0.589663	70.202	44	1.5955	0.00725802	0.0237651	0.0445271	20	195	65	645	3
95	0.589757	81.8295	44	1.85976	0.000463116	-0.192358	0.0376618	20	195	65	645	3
96	0.589664	59.8323	44	1.35982	0.0560703	0.148297	0.042168	20	195	65	645	3
97	0.589656	45.1024	44	1.02505	0.425618	0.450413	0.0590614	20	195	65	645	3
98	0.589657	39.1927	44	0.890743	0.677458	0.350372	0.0514908	20	195	65	645	3
99	0.589647	77.6749	44	1.76534	0.00129959	0.0116403	0.0367313	20	195	65	645	3
100	0.589656	58.7029	44	1.33416	0.0681357	0.0712024	0.0430801	20	195	65	645	3
102	0.589682	61.6844	44	1.40192	0.0402214	0.172666	0.0531942	20	195	65	645	3
103	0.58968	42.4639	44	0.965089	0.537581	0.25792	0.0558369	20	195	65	645	3
104	0.589637	41.9014	44	0.952305	0.56196	0.273366	0.0451423	20	195	65	645	3
105	0.589664	45.5712	44	1.03571	0.406532	0.345818	0.0503862	20	195	65	645	3
106	0.589642	46.8918	44	1.06572	0.354753	0.462752	0.0572652	20	195	65	645	3
108	0.589692	43.4936	44	0.98849	0.493211	0.271295	0.049988	20	195	65	645	3
109	0.589649	49.0465	44	1.11469	0.277877	0.0936675	0.0518008	20	195	65	645	3
110	0.589665	42.5664	44	0.967418	0.533146	0.370108	0.0578603	20	195	65	645	3
111	0.589655	50.4783	44	1.14723	0.232802	0.207997	0.0465331	20	195	65	645	3
112	0.589664	35.2171	44	0.800388	0.825004	0.29893	0.0557477	20	195	65	645	3
113	0.589632	67.5998	44	1.53636	0.0126227	0.438643	0.0606596	20	195	65	645	3
114	0.589663	36.2466	44	0.823785	0.790605	0.425631	0.0638787	20	195	65	645	3
115	0.589592	39.4853	44	0.897392	0.665321	0.0600401	0.0665358	20	195	65	645	3
116	0.589647	94.4773	44	2.14721	1.51407e-05	0.197912	0.0497915	20	195	65	645	3
117	0.589731	37.9505	44	0.862512	0.727432	0.407364	0.0561425	20	195	65	645	3
118	0.589656	54.0898	44	1.22931	0.141693	0.0259665	0.0393004	20	195	65	645	3
119	0.589642	41.8488	44	0.951109	0.564242	0.133133	0.0451894	20	195	65	645	3
120	0.589634	40.5469	44	0.92152	0.620419	0.214681	0.0529604	20	195	65	645	3
80	0.585492	40.4704	43	0.941173	0.581599	0.139988	0.0376164	21	205	65	645	3
81	0.585487	34.023	43	0.791231	0.834401	0.136114	0.0375528	21	205	65	645	3
82	0.585553	40.5126	43	0.942153	0.579753	0.255874	0.0450112	21	205	65	645	3
83	0.585545	59.7777	43	1.39018	0.0458904	0.131984	0.0400465	21	205	65	645	3
84	0.585553	41.2675	43	0.959708	0.546643	0.266486	0.0468837	21	205	65	645	3
85	0.585485	50.5208	43	1.1749	0.200738	0.217871	0.0514845	21	205	65	645	3
86	0.585546	46.2041	43	1.07452	0.341337	0.108629	0.0590547	21	205	65	645	3
87	0.585498	34.5099	43	0.802555	0.81875	0.0730947	0.0455468	21	205	65	645	3
88	0.585479	61.193	43	1.42309	0.0353127	0.119098	0.0410985	21	205	65	645	3
89	0.585522	33.9998	43	0.790693	0.835127	0.230676	0.0465352	21	205	65	645	3
90	0.585536	59.1044	43	1.37452	0.0518176	0.139626	0.0443725	21	205	65	645	3
92	0.585553	62.1784	43	1.44601	0.0292713	0.21571	0.0655052	21	205	65	645	3
94	0.585553	68.4684	43	1.59229	0.00804424	0.00507509	0.0458146	21	205	65	645	3
95	0.585602	81.1526	43	1.88727	0.000389086	-0.202191	0.0390168	21	205	65	645	3
96	0.585544	58.8488	43	1.36858	0.0542334	0.135487	0.0435619	21	205	65	645	3
97	0.585528	45.1028	43	1.0489	0.384061	0.450439	0.0618696	21	205	65	645	3
98	0.585514	39.0843	43	0.908937	0.641794	0.34553	0.0535188	21	205	65	645	3
99	0.585513	68.7073	43	1.59784	0.0076362	-0.0211782	0.0370364	21	205	65	645	3
100	0.585528	55.9471	43	1.3011	0.0890338	0.0489381	0.0441005	21	205	65	645	3
102	0.585569	61.4275	43	1.42855	0.0337834	0.164121	0.055368	21	205	65	645	3
103	0.585545	40.7076	43	0.946688	0.571204	0.23514	0.057175	21	205	65	645	3
104	0.585499	38.8066	43	0.902478	0.65366	0.249696	0.0461053	21	205	65	645	3
105	0.585536	43.8845	43	1.02057	0.43385	0.326552	0.051679	21	205	65	645	3
106	0.585507	42.2108	43	0.981647	0.505405	0.426255	0.057907	21	205	65	645	3
108	0.585546	43.4861	43	1.0113	0.450612	0.270209	0.0520926	21	205	65	645	3
109	0.585526	48.1567	43	1.11992	0.272076	0.0782327	0.0534833	21	205	65	645	3
110	0.585524	41.588	43	0.967163	0.532594	0.354086	0.0593394	21	205	65	645	3
111	0.585508	47.0244	43	1.09359	0.311167	0.182391	0.047375	21	205	65	645	3
112	0.585538	35.2172	43	0.819005	0.794714	0.298552	0.0583116	21	205	65	645	3
113	0.585481	67.6007	43	1.57211	0.00970204	0.439357	0.0632504	21	205	65	645	3
114	0.585522	35.6199	43	0.82837	0.780381	0.410813	0.0658115	21	205	65	645	3
115	0.585495	38.2675	43	0.889941	0.676416	0.0369744	0.0680789	21	205	65	645	3
116	0.585515	84.1692	43	1.95742	0.000176423	0.150097	0.0496033	21	205	65	645	3
117	0.585601	37.8901	43	0.881166	0.692091	0.403401	0.0584715	21	205	65	645	3
118	0.585523	53.914	43	1.25382	0.122935	0.0208184	0.040961	21	205	65	645	3
119	0.585478	40.7543	43	0.947774	0.569156	0.147523	0.0479177	21	205	65	645	3
120	0.585501	40.1125	43	0.932849	0.597254	0.204277	0.0547806	21	205	65	645	3
80	0.581367	37.2389	42	0.88664	0.679747	0.119351	0.0385542	22	215	65	645	3
81	0.581358	33.995	42	0.809406	0.805652	0.134258	0.0392538	22	215	65	645	3
82	0.581442	40.4555	42	0.963225	0.53887	0.252598	0.0470878	22	215	65	645	3
83	0.581423	57.375	42	1.36607	0.0572064	0.112301	0.0412146	22	215	65	645	3
84	0.581446	40.841	42	0.972404	0.521793	0.256727	0.0488176	22	215	65	645	3
85	0.581364	49.8581	42	1.1871	0.189202	0.204769	0.0533361	22	215	65	645	3
86	0.58143	39.9663	42	0.951578	0.56059	0.0638205	0.0589781	22	215	65	645	3
87	0.581378	32.3495	42	0.770227	0.858182	0.052154	0.0467246	22	215	65	645	3
88	0.581357	61.1421	42	1.45576	0.0283191	0.116174	0.0430297	22	215	65	645	3
89	0.581391	29.3266	42	0.698253	0.930323	0.199436	0.0473309	22	215	65	645	3
90	0.581435	58.6696	42	1.39689	0.045255	0.130184	0.0462183	22	215	65	645	3
92	0.581433	61.945	42	1.47488	0.0241802	0.205768	0.0680918	22	215	65	645	3
94	0.581457	63.9108	42	1.52168	0.0162374	-0.0257011	0.0464906	22	215	65	645	3
95	0.58148	76.2171	42	1.81469	0.000967283	-0.229153	0.039547	22	215	65	645	3
96	0.58142	57.7909	42	1.37597	0.0531028	0.121597	0.0450102	22	215	65	645	3
97	0.581427	44.6551	42	1.06322	0.360825	0.437402	0.0642476	22	215	65	645	3
98	0.581416	38.0244	42	0.905343	0.646117	0.328511	0.0552164	22	215	65	645	3
99	0.58139	68.5837	42	1.63295	0.00592577	-0.0253227	0.0386894	22	215	65	645	3
100	0.581397	55.8932	42	1.33079	0.0740831	0.0522078	0.0463652	22	215	65	645	3
102	0.581427	59.1596	42	1.40856	0.04133	0.137963	0.0565824	22	215	65	645	3
103	0.58143	40.6087	42	0.966873	0.532078	0.229571	0.0596721	22	215	65	645	3
104	0.581393	37.3601	42	0.889527	0.674611	0.231823	0.047627	22	215	65	645	3
105	0.581448	41.59	42	0.990237	0.488833	0.301271	0.0530918	22	215	65	645	3
106	0.581407	41.8733	42	0.996984	0.476474	0.415751	0.0602205	22	215	65	645	3
108	0.581444	43.1585	42	1.02758	0.421554	0.280084	0.0553573	22	215	65	645	3
109	0.581429	43.0746	42	1.02559	0.425072	0.0389948	0.0540061	22	215	65	645	3
110	0.581398	41.2067	42	0.981112	0.505653	0.365985	0.0629884	22	215	65	645	3
111	0.581402	46.4847	42	1.10678	0.292838	0.171193	0.0492623	22	215	65	645	3
112	0.581431	35.2138	42	0.838423	0.761369	0.297399	0.0612155	22	215	65	645	3
113	0.581379	62.8896	42	1.49737	0.0200088	0.396117	0.0639125	22	215	65	645	3
114	0.581417	32.2847	42	0.768683	0.860067	0.449614	0.0715209	22	215	65	645	3
115	0.58137	35.9399	42	0.855712	0.733114	0.00526415	0.0688435	22	215	65	645	3
116	0.581421	82.0891	42	1.9545	0.000212386	0.127958	0.0508245	22	215	65	645	3
117	0.581471	36.5352	42	0.869885	0.709061	0.424741	0.0623949	22	215	65	645	3
118	0.581385	53.9168	42	1.28373	0.102838	0.020893	0.0428738	22	215	65	645	3
119	0.581354	39.9585	42	0.951392	0.560937	0.134441	0.0495122	22	215	65	645	3
120	0.581386	40.0649	42	0.953926	0.556209	0.200644	0.0572097	22	215	65	645	3
80	0.577277	34.3483	41	0.837763	0.759214	0.0985373	0.0396334	23	225	65	645	3
81	0.577285	32.6604	41	0.796595	0.820433	0.119628	0.0406724	23	225	65	645	3
82	0.57735	39.3191	41	0.959002	0.545487	0.236579	0.0486959	23	225	65	645	3
83	0.577338	53.8064	41	1.31235	0.0867481	0.08709	0.0422445	23	225	65	645	3
84	0.577352	39.2701	41	0.957808	0.547687	0.236979	0.0503566	23	225	65	645	3
85	0.577264	49.7243	41	1.21279	0.164783	0.211075	0.0563044	23	225	65	645	3
86	0.577336	39.9478	41	0.974337	0.517285	0.0664785	0.0621062	23	225	65	645	3
87	0.577281	32.0463	41	0.781618	0.840483	0.0441552	0.0485647	23	225	65	645	3
88	0.577262	60.4585	41	1.4746	0.0255139	0.104501	0.0447797	23	225	65	645	3
89	0.577282	29.3011	41	0.714661	0.913848	0.197135	0.0495831	23	225	65	645	3
90	0.577328	58.6677	41	1.43092	0.0361933	0.129485	0.0484776	23	225	65	645	3
92	0.577328	61.513	41	1.50032	0.0206316	0.191611	0.0705239	23	225	65	645	3
94	0.577356	62.6625	41	1.52835	0.01628	-0.0421704	0.047906	23	225	65	645	3
95	0.577359	73.3643	41	1.78937	0.00141058	-0.250103	0.0404256	23	225	65	645	3
96	0.577319	56.8427	41	1.38641	0.0509204	0.108368	0.0464436	23	225	65	645	3
97	0.577331	43.5316	41	1.06175	0.364166	0.41679	0.0660598	23	225	65	645	3
98	0.577306	36.2952	41	0.885249	0.679551	0.351743	0.0591745	23	225	65	645	3
99	0.57728	68.5048	41	1.67085	0.00450639	-0.0289499	0.040505	23	225	65	645	3
100	0.577305	55.3148	41	1.34914	0.0669543	0.0639083	0.0494445	23	225	65	645	3
102	0.577338	56.6843	41	1.38254	0.0524137	0.11033	0.0576701	23	225	65	645	3
103	0.57734	39.5312	41	0.964175	0.535958	0.210267	0.0614259	23	225	65	645	3
104	0.577285	33.7745	41	0.823767	0.780966	0.204707	0.0485222	23	225	65	645	3
105	0.577357	41.2958	41	1.00721	0.457692	0.291996	0.0553723	23	225	65	645	3
106	0.577303	41.1969	41	1.0048	0.462006	0.400504	0.0622885	23	225	65	645	3
108	0.577333	43.0987	41	1.05119	0.381586	0.275998	0.0578078	23	225	65	645	3
109	0.577327	42.0254	41	1.02501	0.426276	0.0216204	0.055613	23	225	65	645	3
110	0.577311	39.5868	41	0.965531	0.533463	0.341134	0.0645567	23	225	65	645	3
111	0.577297	44.3169	41	1.0809	0.333568	0.148839	0.0504742	23	225	65	645	3
112	0.577339	35.1059	41	0.856241	0.729193	0.303921	0.0645558	23	225	65	645	3
113	0.577284	62.771	41	1.531	0.0159154	0.38913	0.0667721	23	225	65	645	3
114	0.577304	32.1193	41	0.783397	0.838168	0.458784	0.0753949	23	225	65	645	3
115	0.577302	34.9949	41	0.853535	0.733676	-0.0180366	0.0709095	23	225	65	645	3
116	0.577321	81.9328	41	1.99836	0.000152415	0.134666	0.0538972	23	225	65	645	3
117	0.577364	35.3382	41	0.861907	0.719718	0.40328	0.0642801	23	225	65	645	3
118	0.577283	52.7856	41	1.28745	0.102692	0.00670581	0.0442373	23	225	65	645	3
119	0.577265	33.5625	41	0.818598	0.788765	0.0957239	0.0498736	23	225	65	645	3
120	0.577298	39.9256	41	0.973796	0.518276	0.207534	0.0604499	23	225	65	645	3
80	0.573209	33.9034	40	0.847586	0.740239	0.0897248	0.0414217	24	235	65	645	3
81	0.573214	31.914	40	0.797851	0.81524	0.108251	0.0423063	24	235	65	645	3
82	0.57328	39.3132	40	0.982831	0.500996	0.235516	0.0511232	24	235	65	645	3
83	0.573259	52.5541	40	1.31385	0.0882299	0.0716323	0.043783	24	235	65	645	3
84	0.573272	37.1717	40	0.929293	0.598288	0.213726	0.0517651	24	235	65	645	3
85	0.573196	49.5919	40	1.2398	0.14226	0.204678	0.058763	24	235	65	645	3
86	0.573265	38.2939	40	0.957348	0.547218	0.039597	0.0637577	24	235	65	645	3
87	0.573205	30.1217	40	0.753042	0.871799	0.0225347	0.0498892	24	235	65	645	3
88	0.573189	56.5974	40	1.41494	0.0427361	0.0763348	0.045725	24	235	65	645	3
89	0.573204	26.3252	40	0.658131	0.952746	0.169806	0.0507445	24	235	65	645	3
90	0.573252	58.2116	40	1.45529	0.0313053	0.118854	0.0504765	24	235	65	645	3
92	0.573244	60.8053	40	1.52013	0.0185285	0.174043	0.0724173	24	235	65	645	3
94	0.573288	59.7426	40	1.49357	0.0230515	-0.0691689	0.0489911	24	235	65	645	3
95	0.573282	72.1149	40	1.80287	0.00138194	-0.234453	0.043683	24	235	65	645	3
96	0.57324	53.982	40	1.34955	0.0689377	0.0836913	0.0475103	24	235	65	645	3
97	0.573257	43.5121	40	1.0878	0.324257	0.420023	0.0699327	24	235	65	645	3
98	0.573255	35.2891	40	0.882226	0.682089	0.331836	0.0613367	24	235	65	645	3
99	0.573203	65.9286	40	1.64821	0.00605992	-0.0495279	0.0415675	24	235	65	645	3
100	0.573223	47.5636	40	1.18909	0.191861	0.0207143	0.0495753	24	235	65	645	3
102	0.573261	55.0808	40	1.37702	0.0566206	0.0867827	0.0592061	24	235	65	645	3
103	0.573248	39.5233	40	0.988082	0.491549	0.212133	0.0644789	24	235	65	645	3
104	0.573213	33.5828	40	0.839569	0.75308	0.211934	0.0515646	24	235	65	645	3
105	0.573297	40.5787	40	1.01447	0.444753	0.276716	0.0574872	24	235	65	645	3
106	0.573241	37.0643	40	0.926609	0.603154	0.360585	0.0631166	24	235	65	645	3
108	0.573263	41.6269	40	1.04067	0.399802	0.254197	0.059392	24	235	65	645	3
109	0.573253	40.5152	40	1.01288	0.447532	0.0449643	0.0602228	24	235	65	645	3
110	0.573237	39.353	40	0.983826	0.499203	0.331033	0.0673398	24	235	65	645	3
111	0.573217	42.9661	40	1.07415	0.34534	0.13032	0.0520146	24	235	65	645	3
112	0.573277	34.9189	40	0.872974	0.697997	0.294839	0.0674062	24	235	65	645	3
113	0.573205	62.3733	40	1.55933	0.0133079	0.375939	0.0693016	24	235	65	645	3
114	0.573232	32.1104	40	0.802759	0.808372	0.456614	0.0791757	24	235	65	645	3
115	0.573268	32.9823	40	0.824557	0.776396	-0.0514573	0.0722167	24	235	65	645	3
116	0.573261	79.4019	40	1.98505	0.000207382	0.106351	0.0552073	24	235	65	645	3
117	0.573281	34.2787	40	0.856967	0.724893	0.383054	0.0661582	24	235	65	645	3
118	0.573212	52.6502	40	1.31625	0.0868055	0.00128097	0.0464014	24	235	65	645	3
119	0.573186	32.2157	40	0.805393	0.804633	0.0776208	0.051347	24	235	65	645	3
120	0.573221	37.3691	40	0.934227	0.589327	0.177791	0.061523	24	235	65	645	3
80	0.569168	33.7792	39	0.866133	0.706553	0.0849155	0.0434539	25	245	65	645	3
81	0.569184	31.656	39	0.811692	0.792041	0.101043	0.0443368	25	245	65	645	3
82	0.569225	38.8324	39	0.995704	0.47743	0.247283	0.0544253	25	245	65	645	3
83	0.569219	51.0886	39	1.30996	0.0930431	0.0538395	0.0453792	25	245	65	645	3
84	0.569236	37.1718	39	0.953124	0.553478	0.214005	0.0545846	25	245	65	645	3
85	0.569161	49.4441	39	1.2678	0.122018	0.21232	0.0624162	25	245	65	645	3
86	0.569206	37.8145	39	0.969602	0.523863	0.0255857	0.0659674	25	245	65	645	3
87	0.569154	29.8753	39	0.766034	0.853086	0.0138291	0.0522134	25	245	65	645	3
88	0.569168	54.099	39	1.38715	0.0545964	0.0511817	0.0472026	25	245	65	645	3
89	0.569153	25.2293	39	0.646906	0.956849	0.152306	0.052575	25	245	65	645	3
90	0.569219	57.6253	39	1.47757	0.027633	0.105692	0.052658	25	245	65	645	3
92	0.56918	60.7387	39	1.5574	0.0144567	0.167916	0.0758277	25	245	65	645	3
94	0.569249	53.8634	39	1.38111	0.0570164	-0.107296	0.0493476	25	245	65	645	3
95	0.569222	69.8559	39	1.79118	0.00174026	-0.25511	0.0446996	25	245	65	645	3
96	0.569181	53.6755	39	1.37629	0.0590124	0.0751252	0.0495719	25	245	65	645	3
97	0.569225	42.047	39	1.07813	0.34035	0.448204	0.075467	25	245	65	645	3
98	0.569223	35.2773	39	0.904546	0.640403	0.329751	0.0645136	25	245	65	645	3
99	0.569153	65.8831	39	1.68931	0.00454537	-0.0525586	0.0436469	25	245	65	645	3
100	0.569164	44.9017	39	1.15133	0.238264	-0.00661667	0.0508571	25	245	65	645	3
102	0.569218	54.4225	39	1.39545	0.0514174	0.0711049	0.0613454	25	245	65	645	3
103	0.569189	39.2256	39	1.00578	0.459762	0.200927	0.0670706	25	245	65	645	3
104	0.569165	32.0345	39	0.821396	0.77771	0.191443	0.0531506	25	245	65	645	3
105	0.569232	40.2297	39	1.03153	0.415593	0.26605	0.0598015	25	245	65	645	3
106	0.569183	37.0084	39	0.948934	0.561022	0.365699	0.0667689	25	245	65	645	3
108	0.569236	41.6085	39	1.06689	0.35786	0.251408	0.0624957	25	245	65	645	3
109	0.569209	40.5131	39	1.0388	0.403425	0.0461449	0.0639681	25	245	65	645	3
110	0.569188	38.8262	39	0.995543	0.477713	0.315794	0.0697107	25	245	65	645	3
111	0.569189	40.9425	39	1.04981	0.385273	0.105659	0.0535315	25	245	65	645	3
112	0.569236	34.7505	39	0.891038	0.664056	0.285318	0.0707	25	245	65	645	3
113	0.569157	60.2761	39	1.54554	0.0159593	0.344859	0.0706799	25	245	65	645	3
114	0.569188	32.0124	39	0.82083	0.778559	0.44863	0.0828489	25	245	65	645	3
115	0.569226	32.8811	39	0.843105	0.744147	-0.0437526	0.076848	25	245	65	645	3
116	0.569211	77	39	1.97436	0.000272511	0.0785131	0.0564937	25	245	65	645	3
117	0.569228	33.8248	39	0.867304	0.704594	0.368633	0.0687798	25	245	65	645	3
118	0.569174	48.8972	39	1.25377	0.133092	-0.0288123	0.0474223	25	245	65	645	3
119	0.569144	27.583	39	0.707256	0.914419	0.0427451	0.0519943	25	245	65	645	3
120	0.569193	35.97	39	0.922307	0.608849	0.153762	0.0633435	25	245	65	645	3
80	0.565144	33.3198	38	0.876837	0.68554	0.0948474	0.0463036	26	255	65	645	3
81	0.565172	31.3278	38	0.824415	0.769634	0.0922672	0.0465287	26	255	65	645	3
82	0.565219	37.6357	38	0.990414	0.486155	0.268321	0.0587815	26	255	65	645	3
83	0.565195	51.0571	38	1.34361	0.0765519	0.0566623	0.048092	26	255	65	645	3
84	0.565219	36.3356	38	0.9562	0.546544	0.197165	0.0567598	26	255	65	645	3
85	0.565169	49.0229	38	1.29008	0.108547	0.226424	0.0669471	26	255	65	645	3
86	0.565193	37.7972	38	0.994663	0.478748	0.0226216	0.0694634	26	255	65	645	3
87	0.565135	29.8605	38	0.785804	0.824361	0.0117405	0.0550172	26	255	65	645	3
88	0.565161	53.7696	38	1.41499	0.0464652	0.0608477	0.0506072	26	255	65	645	3
89	0.565155	24.8874	38	0.654931	0.949945	0.141759	0.0550647	26	255	65	645	3
90	0.565204	51.5136	38	1.35562	0.0705679	0.0625484	0.0531593	26	255	65	645	3
92	0.565169	60.6732	38	1.59666	0.0111502	0.161323	0.0796117	26	255	65	645	3
94	0.565209	52.8959	38	1.392	0.0547935	-0.123589	0.0511225	26	255	65	645	3
95	0.565207	63.3808	38	1.66792	0.00602935	-0.294213	0.0450225	26	255	65	645	3
96	0.565173	48.6103	38	1.27922	0.116195	0.0374863	0.0503782	26	255	65	645	3
97	0.565211	41.9037	38	1.10273	0.305291	0.457983	0.080256	26	255	65	645	3
98	0.565204	35.1205	38	0.924224	0.60333	0.321705	0.0673528	26	255	65	645	3
99	0.565129	58.9801	38	1.55211	0.016133	-0.0904336	0.0441265	26	255	65	645	3
100	0.56515	40.9894	38	1.07867	0.340761	-0.0392004	0.0516864	26	255	65	645	3
102	0.565211	52.8147	38	1.38986	0.0556295	0.0443281	0.0631628	26	255	65	645	3
103	0.565185	38.3645	38	1.00959	0.452963	0.222723	0.0725274	26	255	65	645	3
104	0.565132	31.1146	38	0.818806	0.778015	0.20872	0.0570296	26	255	65	645	3
105	0.565212	40.2229	38	1.0585	0.372067	0.264647	0.0628191	26	255	65	645	3
106	0.565166	36.8027	38	0.968492	0.524735	0.376118	0.0711523	26	255	65	645	3
108	0.565206	41.5882	38	1.09443	0.317287	0.248665	0.0656231	26	255	65	645	3
109	0.565203	39.7497	38	1.04604	0.392049	0.0268237	0.0663599	26	255	65	645	3
110	0.565167	38.5652	38	1.01487	0.44394	0.304434	0.0725872	26	255	65	645	3
111	0.565179	40.899	38	1.07629	0.344383	0.101776	0.0564778	26	255	65	645	3
112	0.565227	32.367	38	0.851764	0.726946	0.247503	0.072281	26	255	65	645	3
113	0.565129	59.6834	38	1.57062	0.013858	0.327833	0.0730883	26	255	65	645	3
114	0.565165	31.6621	38	0.833212	0.756223	0.433443	0.0858425	26	255	65	645	3
115	0.565215	32.3246	38	0.850648	0.728742	-0.0627867	0.0793538	26	255	65	645	3
116	0.565201	74.6536	38	1.96457	0.000352855	0.0486808	0.0580084	26	255	65	645	3
117	0.565193	33.1033	38	0.871139	0.695113	0.350269	0.0710714	26	255	65	645	3
118	0.565164	46.0463	38	1.21174	0.173569	-0.0563348	0.0486873	26	255	65	645	3
119	0.565152	21.1861	38	0.55753	0.987493	-0.00222889	0.0524675	26	255	65	645	3
120	0.565169	35.9113	38	0.945033	0.566398	0.158911	0.0670289	26	255	65	645	3
80	0.561167	33.1481	37	0.895895	0.650267	0.101682	0.0494666	27	265	65	645	3
81	0.561193	27.6033	37	0.746036	0.8691	0.0617288	0.0476992	27	265	65	645	3
82	0.561234	37.0288	37	1.00078	0.467744	0.284338	0.0631396	27	265	65	645	3
83	0.561208	49.0049	37	1.32446	0.0895242	0.0333484	0.0496152	27	265	65	645	3
84	0.561246	35.5256	37	0.960152	0.538188	0.179073	0.0592357	27	265	65	645	3
85	0.561203	48.918	37	1.32211	0.0908885	0.234153	0.0715029	27	265	65	645	3
86	0.561202	37.3876	37	1.01047	0.45128	0.00744881	0.0722645	27	265	65	645	3
87	0.561163	27.4041	37	0.740652	0.875009	-0.0178777	0.0563635	27	265	65	645	3
88	0.561188	53.369	37	1.4424	0.0398002	0.0493876	0.0531528	27	265	65	645	3
89	0.56117	24.3359	37	0.657726	0.945693	0.128578	0.0572051	27	265	65	645	3
90	0.561216	49.1328	37	1.32791	0.0875465	0.0920875	0.0581989	27	265	65	645	3
92	0.561188	60.2418	37	1.62816	0.00923916	0.179532	0.0857468	27	265	65	645	3
94	0.561209	52.5285	37	1.41969	0.0468774	-0.134063	0.0533186	27	265	65	645	3
95	0.561209	62.8187	37	1.6978	0.00507736	-0.282224	0.0485507	27	265	65	645	3
96	0.561189	48.4901	37	1.31054	0.097855	0.0437463	0.0538311	27	265	65	645	3
97	0.561231	40.844	37	1.10389	0.305303	0.430548	0.0827668	27	265	65	645	3
98	0.561219	34.7577	37	0.939398	0.574611	0.335913	0.0721957	27	265	65	645	3
99	0.56114	58.8473	37	1.59047	0.0126338	-0.0849698	0.0469369	27	265	65	645	3
100	0.561165	37.7255	37	1.01961	0.435943	-0.0715527	0.0528604	27	265	65	645	3
102	0.561216	52.7643	37	1.42606	0.0447896	0.0492787	0.0671679	27	265	65	645	3
103	0.561198	34.0668	37	0.920724	0.607309	0.173693	0.0729208	27	265	65	645	3
104	0.561155	31.0418	37	0.838968	0.743784	0.203533	0.0600265	27	265	65	645	3
105	0.561225	40.1685	37	1.08564	0.331645	0.269911	0.0668906	27	265	65	645	3
106	0.561177	35.7376	37	0.965882	0.528154	0.351232	0.0736002	27	265	65	645	3
108	0.561213	41.5732	37	1.1236	0.278264	0.251559	0.0696718	27	265	65	645	3
109	0.561207	39.7495	37	1.07431	0.348579	0.0276192	0.0704139	27	265	65	645	3
110	0.561172	37.2114	37	1.00571	0.459343	0.276857	0.0745756	27	265	65	645	3
111	0.561217	37.6363	37	1.0172	0.439972	0.0671944	0.0576497	27	265	65	645	3
112	0.561251	31.6904	37	0.856496	0.715981	0.227209	0.0750462	27	265	65	645	3
113	0.561151	56.3318	37	1.52248	0.0217595	0.283904	0.0740314	27	265	65	645	3
114	0.561189	31.595	37	0.85392	0.720132	0.441331	0.0915799	27	265	65	645	3
115	0.561237	32.1817	37	0.869775	0.694272	-0.0735777	0.083334	27	265	65	645	3
116	0.561204	74.6537	37	2.01767	0.000241175	0.0491104	0.0611574	27	265	65	645	3
117	0.561223	30.6074	37	0.827227	0.761788	0.311391	0.0727184	27	265	65	645	3
118	0.561208	44.3217	37	1.19788	0.190218	-0.0794033	0.0504959	27	265	65	645	3
119	0.561153	21.1321	37	0.571137	0.983123	0.00191085	0.0556525	27	265	65	645	3
120	0.56119	35.8916	37	0.970044	0.520881	0.155752	0.0706563	27	265	65	645	3
80	0.557207	32.7298	36	0.90916	0.62493	0.0910613	0.0516266	28	275	65	645	3
81	0.557224	27.5374	36	0.764927	0.843275	0.065912	0.0505795	28	275	65	645	3
82	0.557268	35.6813	36	0.991148	0.483624	0.30997	0.0684018	28	275	65	645	3
83	0.557272	48.1905	36	1.33862	0.0842277	0.0172414	0.051694	28	275	65	645	3
84	0.557283	31.4766	36	0.874351	0.683563	0.140524	0.0600787	28	275	65	645	3
85	0.557249	48.2317	36	1.33977	0.0836105	0.255534	0.0775045	28	275	65	645	3
86	0.557236	37.0561	36	1.02934	0.420056	-0.00686486	0.0753443	28	275	65	645	3
87	0.557212	27.3821	36	0.760613	0.848483	-0.0202261	0.0594354	28	275	65	645	3
88	0.557226	52.155	36	1.44875	0.0398593	0.0690523	0.0572136	28	275	65	645	3
89	0.55721	24.2931	36	0.674807	0.931245	0.12459	0.0602675	28	275	65	645	3
90	0.55728	48.5053	36	1.34737	0.0796117	0.075505	0.0608782	28	275	65	645	3
92	0.55724	58.3692	36	1.62137	0.0105855	0.140595	0.0871294	28	275	65	645	3
94	0.557252	52.5089	36	1.45858	0.0371393	-0.131547	0.0564873	28	275	65	645	3
95	0.557257	57.4709	36	1.59641	0.0129582	-0.319626	0.0488784	28	275	65	645	3
96	0.557251	44.8987	36	1.24719	0.146826	0.00868164	0.0549312	28	275	65	645	3
97	0.557289	40.6223	36	1.1284	0.273953	0.444468	0.0888416	28	275	65	645	3
98	0.557281	34.6615	36	0.962818	0.532213	0.344298	0.0776187	28	275	65	645	3
99	0.557183	56.5384	36	1.57051	0.0159277	-0.108843	0.0482444	28	275	65	645	3
100	0.557203	37.5705	36	1.04363	0.397104	-0.0645232	0.05629	28	275	65	645	3
102	0.557274	52.6556	36	1.46266	0.0360599	0.0572343	0.071913	28	275	65	645	3
103	0.557259	34.0668	36	0.9463	0.560807	0.173744	0.0772467	28	275	65	645	3
104	0.557218	30.605	36	0.850138	0.722733	0.217473	0.0644249	28	275	65	645	3
105	0.557256	37.5179	36	1.04216	0.399428	0.307154	0.0730726	28	275	65	645	3
106	0.557223	35.738	36	0.992723	0.480951	0.351527	0.0777468	28	275	65	645	3
108	0.557256	39.9483	36	1.10967	0.298996	0.284077	0.0763388	28	275	65	645	3
109	0.557261	39.7321	36	1.10367	0.307303	0.0243475	0.0743102	28	275	65	645	3
110	0.55721	37.2101	36	1.03361	0.41313	0.276199	0.0784549	28	275	65	645	3
111	0.55726	34.6426	36	0.962296	0.533116	0.033991	0.0588097	28	275	65	645	3
112	0.557301	31.3616	36	0.871155	0.688824	0.212309	0.0784276	28	275	65	645	3
113	0.557214	56.2827	36	1.56341	0.0168435	0.278051	0.0782577	28	275	65	645	3
114	0.557224	31.5854	36	0.877373	0.678566	0.444618	0.0970456	28	275	65	645	3
115	0.557279	32.1482	36	0.893005	0.652409	-0.0683471	0.0886279	28	275	65	645	3
116	0.557256	74.4061	36	2.06684	0.000174394	0.059629	0.065399	28	275	65	645	3
117	0.557284	30.1212	36	0.8367	0.743704	0.330112	0.0787736	28	275	65	645	3
118	0.557261	42.748	36	1.18744	0.203864	-0.101697	0.0522655	28	275	65	645	3
119	0.557198	21.0228	36	0.583968	0.977935	0.00818308	0.0592983	28	275	65	645	3
120	0.557235	35.7472	36	0.992977	0.48052	0.146491	0.0741599	28	275	65	645	3
80	0.553297	32.5246	35	0.929273	0.588187	0.0994688	0.0552809	29	285	65	645	3
81	0.553323	26.0034	35	0.742954	0.864919	0.0430939	0.0526417	29	285	65	645	3
82	0.553338	35.3692	35	1.01055	0.450781	0.297365	0.0713932	29	285	65	645	3
83	0.553366	47.9765	35	1.37076	0.0707826	0.00884052	0.0546135	29	285	65	645	3
84	0.553355	31.4659	35	0.899024	0.639474	0.142747	0.0635564	29	285	65	645	3
85	0.553335	48.2091	35	1.3774	0.0677838	0.25997	0.0823459	29	285	65	645	3
86	0.553347	36.1057	35	1.03159	0.416688	-0.0326474	0.0778096	29	285	65	645	3
87	0.553313	26.6839	35	0.762397	0.842388	-0.038593	0.06217	29	285	65	645	3
88	0.553305	51.6313	35	1.47518	0.0346854	0.0541195	0.0599596	29	285	65	645	3
89	0.553286	23.5354	35	0.672439	0.929894	0.107367	0.0624658	29	285	65	645	3
90	0.553368	48.2199	35	1.37771	0.067647	0.0643482	0.0637221	29	285	65	645	3
92	0.553351	58.3526	35	1.66722	0.00790636	0.136383	0.09232	29	285	65	645	3
94	0.553346	52.1814	35	1.4909	0.0309724	-0.143657	0.059501	29	285	65	645	3
95	0.553351	56.4231	35	1.61209	0.0123362	-0.337471	0.0507128	29	285	65	645	3
96	0.553343	44.4618	35	1.27034	0.131209	-0.00412134	0.0575553	29	285	65	645	3
97	0.553361	40.1384	35	1.14681	0.252928	0.423159	0.0924728	29	285	65	645	3
98	0.553358	33.4555	35	0.955872	0.542727	0.31525	0.0800508	29	285	65	645	3
99	0.553281	48.2494	35	1.37855	0.0672746	-0.159307	0.0485698	29	285	65	645	3
100	0.553284	37.0713	35	1.05918	0.37363	-0.0779102	0.0585667	29	285	65	645	3
102	0.553368	51.8991	35	1.48283	0.032831	0.0348303	0.0747267	29	285	65	645	3
103	0.55333	33.7342	35	0.963835	0.529146	0.158919	0.0804063	29	285	65	645	3
104	0.553309	30.5252	35	0.872149	0.683971	0.211267	0.0678442	29	285	65	645	3
105	0.553332	37.4975	35	1.07136	0.35531	0.310914	0.0773056	29	285	65	645	3
106	0.553301	34.8817	35	0.996619	0.473827	0.326557	0.0806212	29	285	65	645	3
108	0.553336	34.3972	35	0.982778	0.497033	0.351462	0.0864348	29	285	65	645	3
109	0.553339	38.2848	35	1.09385	0.322707	-0.00876249	0.0766129	29	285	65	645	3
110	0.553291	36.3039	35	1.03725	0.40769	0.251231	0.0809301	29	285	65	645	3
111	0.553333	34.5797	35	0.987991	0.488262	0.028693	0.0621032	29	285	65	645	3
112	0.553387	29.4631	35	0.841803	0.73218	0.174787	0.0802484	29	285	65	645	3
113	0.55331	55.9391	35	1.59826	0.0137583	0.294647	0.0843927	29	285	65	645	3
114	0.553313	30.9121	35	0.883204	0.665834	0.417956	0.100258	29	285	65	645	3
115	0.553371	30.7072	35	0.877349	0.675473	-0.0261043	0.0996258	29	285	65	645	3
116	0.553348	74.3528	35	2.12437	0.000117967	0.065113	0.0698919	29	285	65	645	3
117	0.553367	27.4682	35	0.784806	0.814082	0.286119	0.0801815	29	285	65	645	3
118	0.553347	41.9853	35	1.19958	0.193907	-0.118356	0.0546388	29	285	65	645	3
119	0.553296	21.0116	35	0.600332	0.970265	0.00595191	0.0628003	29	285	65	645	3
120	0.553336	34.8604	35	0.996011	0.474842	0.121043	0.0770663	29	285	65	645	3
80	0.549425	31.1375	34	0.915808	0.608668	0.0756429	0.0575384	30	295	65	645	3
81	0.549441	25.0874	34	0.737863	0.866527	0.0252918	0.0548702	30	295	65	645	3
82	0.549474	34.6175	34	1.01816	0.438306	0.276316	0.0741194	30	295	65	645	3
83	0.549489	43.9969	34	1.29403	0.117103	-0.0306979	0.0558483	30	295	65	645	3
84	0.549483	31.3487	34	0.92202	0.598238	0.150961	0.0684318	30	295	65	645	3
85	0.54948	44.7492	34	1.31615	0.102754	0.206063	0.0831815	30	295	65	645	3
86	0.549468	35.9847	34	1.05837	0.375728	-0.0423953	0.0818631	30	295	65	645	3
87	0.549443	26.3905	34	0.776192	0.821144	-0.0508239	0.0653176	30	295	65	645	3
88	0.549439	48.0564	34	1.41342	0.0556486	0.0146667	0.0610021	30	295	65	645	3
89	0.549404	22.4301	34	0.659709	0.935798	0.131209	0.0679874	30	295	65	645	3
90	0.549486	46.2144	34	1.35925	0.0789042	0.097194	0.0700357	30	295	65	645	3
92	0.549466	54.5566	34	1.60461	0.0141244	0.0770641	0.0918795	30	295	65	645	3
94	0.549476	52.161	34	1.53415	0.0239745	-0.146972	0.0631967	30	295	65	645	3
95	0.549483	48.8007	34	1.43531	0.0480745	-0.391555	0.0508098	30	295	65	645	3
96	0.549465	44.2013	34	1.30004	0.113054	-0.0150559	0.060499	30	295	65	645	3
97	0.549498	39.0784	34	1.14937	0.252191	0.459432	0.101931	30	295	65	645	3
98	0.549476	33.2121	34	0.976826	0.506057	0.301417	0.0839316	30	295	65	645	3
99	0.549411	47.7984	34	1.40584	0.0585032	-0.171283	0.0510344	30	295	65	645	3
100	0.549433	35.0971	34	1.03227	0.415903	-0.107681	0.0603494	30	295	65	645	3
102	0.549487	50.923	34	1.49774	0.0311817	0.00960966	0.076991	30	295	65	645	3
103	0.54943	29.0591	34	0.854678	0.708485	0.219577	0.0900985	30	295	65	645	3
104	0.549436	29.976	34	0.881646	0.665277	0.192941	0.0710635	30	295	65	645	3
105	0.549447	36.8881	34	1.08494	0.336811	0.290963	0.0801487	30	295	65	645	3
106	0.549429	32.5877	34	0.958461	0.536835	0.283542	0.0823829	30	295	65	645	3
108	0.549464	34.3832	34	1.01127	0.449399	0.355323	0.0922293	30	295	65	645	3
109	0.549446	35.8395	34	1.0541	0.382175	0.034943	0.0852519	30	295	65	645	3
110	0.549415	36.2311	34	1.06562	0.364901	0.243677	0.0852608	30	295	65	645	3
111	0.549459	34.341	34	1.01003	0.451407	0.039819	0.066856	30	295	65	645	3
112	0.549504	28.2533	34	0.830981	0.744856	0.143948	0.0826561	30	295	65	645	3
113	0.549445	55.5714	34	1.63445	0.0112013	0.276562	0.0881918	30	295	65	645	3
114	0.549414	30.6096	34	0.900283	0.634584	0.39931	0.104407	30	295	65	645	3
115	0.549506	30.5691	34	0.89909	0.636564	-0.0406171	0.105312	30	295	65	645	3
116	0.549469	71.3475	34	2.09846	0.000185067	0.023207	0.0709761	30	295	65	645	3
117	0.54949	27.3584	34	0.80466	0.78302	0.277175	0.0841721	30	295	65	645	3
118	0.549475	40.1083	34	1.17966	0.217598	-0.145587	0.0564512	30	295	65	645	3
119	0.549416	20.3217	34	0.597698	0.969296	0.025104	0.0682155	30	295	65	645	3
120	0.549471	34.7394	34	1.02175	0.43257	0.131525	0.0835556	30	295	65	645	3
80	0.545594	29.8302	33	0.903945	0.625732	0.101135	0.0632273	31	305	65	645	3
81	0.545604	24.3086	33	0.736624	0.863762	0.00845364	0.0571332	31	305	65	645	3
82	0.545635	34.4	33	1.04242	0.400582	0.263878	0.0780087	31	305	65	645	3
83	0.545651	43.9965	33	1.33323	0.0955806	-0.0298321	0.0596791	31	305	65	645	3
84	0.54565	31.3342	33	0.949521	0.550165	0.154021	0.0729794	31	305	65	645	3
85	0.545625	42.9471	33	1.30143	0.115145	0.247544	0.09211	31	305	65	645	3
86	0.54562	35.1686	33	1.06572	0.365781	-0.0152914	0.0897972	31	305	65	645	3
87	0.545579	26.3696	33	0.799079	0.786587	-0.0476673	0.069175	31	305	65	645	3
88	0.545616	46.7245	33	1.41589	0.0571543	-0.0109912	0.0633511	31	305	65	645	3
89	0.545567	22.3698	33	0.677872	0.91904	0.137075	0.0723517	31	305	65	645	3
90	0.545627	46.0541	33	1.39558	0.0651063	0.10733	0.0751635	31	305	65	645	3
92	0.545646	53.6668	33	1.62627	0.0129459	0.110071	0.101467	31	305	65	645	3
94	0.545629	52.1364	33	1.57989	0.0183231	-0.150801	0.0670393	31	305	65	645	3
95	0.545644	48.5118	33	1.47005	0.0399072	-0.402194	0.0537186	31	305	65	645	3
96	0.545611	39.3808	33	1.19336	0.205888	-0.0600591	0.0610808	31	305	65	645	3
97	0.545647	38.449	33	1.16512	0.236345	0.488541	0.110842	31	305	65	645	3
98	0.545639	32.1073	33	0.972949	0.511378	0.269244	0.0869154	31	305	65	645	3
99	0.545575	45.5816	33	1.38126	0.0712605	-0.19837	0.0525744	31	305	65	645	3
100	0.545599	34.274	33	1.03861	0.406421	-0.127815	0.0629316	31	305	65	645	3
102	0.545641	50.9222	33	1.5431	0.0239518	0.00846745	0.0816589	31	305	65	645	3
103	0.545576	28.5129	33	0.864027	0.690198	0.24333	0.0977144	31	305	65	645	3
104	0.545595	29.9725	33	0.908259	0.61863	0.19462	0.0756731	31	305	65	645	3
105	0.545613	36.505	33	1.10621	0.309057	0.309246	0.0867337	31	305	65	645	3
106	0.545602	32.5788	33	0.987237	0.487955	0.280735	0.0876091	31	305	65	645	3
108	0.545631	34.2945	33	1.03923	0.405467	0.365286	0.0987436	31	305	65	645	3
109	0.545631	28.3435	33	0.858893	0.698266	-0.0477626	0.0832308	31	305	65	645	3
110	0.545555	35.8842	33	1.0874	0.334772	0.261379	0.0918052	31	305	65	645	3
111	0.54561	33.4984	33	1.0151	0.4431	0.0169412	0.0695815	31	305	65	645	3
112	0.545653	28.2428	33	0.855841	0.703033	0.14096	0.0872865	31	305	65	645	3
113	0.545607	53.2384	33	1.61329	0.0142831	0.326699	0.0982694	31	305	65	645	3
114	0.545565	28.972	33	0.877938	0.668045	0.44828	0.115752	31	305	65	645	3
115	0.545692	29.7153	33	0.900464	0.63145	-0.0802447	0.109144	31	305	65	645	3
116	0.54562	69.7649	33	2.11409	0.000193217	-0.00799471	0.0728887	31	305	65	645	3
117	0.545667	26.8922	33	0.814916	0.764375	0.299513	0.0920551	31	305	65	645	3
118	0.545639	39.612	33	1.20036	0.198776	-0.160456	0.0592781	31	305	65	645	3
119	0.54557	20.0501	33	0.607578	0.962768	0.0124654	0.071376	31	305	65	645	3
120	0.54563	34.4682	33	1.04449	0.397435	0.116006	0.0874954	31	305	65	645	3
80	0.541789	29.0781	32	0.908691	0.615194	0.0814124	0.065981	32	315	65	645	3
81	0.5418	23.9749	32	0.749215	0.845323	-0.00334048	0.0600527	32	315	65	645	3
82	0.541841	34.3746	32	1.0742	0.354673	0.258994	0.0831507	32	315	65	645	3
83	0.541862	42.7004	32	1.33439	0.0979192	-0.0555473	0.0621478	32	315	65	645	3
84	0.541856	31.3126	32	0.97852	0.501172	0.149933	0.077899	32	315	65	645	3
85	0.541826	37.2585	32	1.16433	0.239851	0.171106	0.0911041	32	315	65	645	3
86	0.541829	34.5214	32	1.07879	0.348199	0.0133143	0.0993429	32	315	65	645	3
87	0.541787	24.705	32	0.772032	0.817796	-0.0809164	0.0713429	32	315	65	645	3
88	0.541797	46.2665	32	1.44583	0.0492741	0.00410261	0.068171	32	315	65	645	3
89	0.541768	21.6744	32	0.677325	0.915825	0.160008	0.0790553	32	315	65	645	3
90	0.54184	43.5529	32	1.36103	0.0836549	0.0646734	0.0767046	32	315	65	645	3
92	0.541838	53.5951	32	1.67485	0.00974301	0.120299	0.109303	32	315	65	645	3
94	0.541822	50.2343	32	1.56982	0.0211612	-0.182302	0.0684417	32	315	65	645	3
95	0.541845	46.484	32	1.45263	0.0471431	-0.42972	0.055105	32	315	65	645	3
96	0.541802	38.1033	32	1.19073	0.211453	-0.0845401	0.0631997	32	315	65	645	3
97	0.541865	33.6559	32	1.05175	0.387202	0.400045	0.109934	32	315	65	645	3
98	0.541818	32.0996	32	1.00311	0.461812	0.266642	0.0921126	32	315	65	645	3
99	0.541764	45.5808	32	1.4244	0.0565468	-0.199345	0.0558448	32	315	65	645	3
100	0.541807	33.9577	32	1.06118	0.373374	-0.141376	0.066404	32	315	65	645	3
102	0.541842	48.3926	32	1.51227	0.0316424	0.0594735	0.0922089	32	315	65	645	3
103	0.541781	28.494	32	0.890438	0.644727	0.238884	0.103009	32	315	65	645	3
104	0.541781	29.9351	32	0.935472	0.571414	0.199981	0.0807341	32	315	65	645	3
105	0.54182	35.7339	32	1.11669	0.297221	0.281738	0.090117	32	315	65	645	3
106	0.541821	32.4245	32	1.01326	0.445836	0.267941	0.0925086	32	315	65	645	3
108	0.541826	34.2593	32	1.0706	0.359794	0.372324	0.105993	32	315	65	645	3
109	0.541817	27.8408	32	0.870024	0.677213	-0.0697753	0.0868636	32	315	65	645	3
110	0.541749	35.3392	32	1.10435	0.31332	0.287359	0.10046	32	315	65	645	3
111	0.541814	33.4307	32	1.04471	0.397666	0.0241719	0.0748577	32	315	65	645	3
112	0.541854	27.5244	32	0.860137	0.692669	0.113529	0.0907767	32	315	65	645	3
113	0.541822	53.2205	32	1.66314	0.0106498	0.331961	0.105965	32	315	65	645	3
114	0.541753	28.9649	32	0.905153	0.620945	0.451965	0.122912	32	315	65	645	3
115	0.541871	28.1614	32	0.880045	0.661353	-0.127906	0.110021	32	315	65	645	3
116	0.541828	66.4912	32	2.07785	0.00032761	-0.0538976	0.0737166	32	315	65	645	3
117	0.541859	26.8553	32	0.839227	0.724606	0.306161	0.0985758	32	315	65	645	3
118	0.541831	37.0572	32	1.15804	0.246976	-0.196128	0.0609133	32	315	65	645	3
119	0.541765	18.1109	32	0.565966	0.976867	-0.022326	0.073141	32	315	65	645	3
120	0.541828	33.6354	32	1.05111	0.388148	0.146969	0.0965889	32	315	65	645	3
80	0.538032	28.7408	31	0.927122	0.582731	0.0672636	0.0694385	33	325	65	645	3
81	0.538034	23.531	31	0.759064	0.829207	-0.017982	0.0627905	33	325	65	645	3
82	0.538058	34.2074	31	1.10346	0.316265	0.247195	0.0873448	33	325	65	645	3
83	0.538099	37.3506	31	1.20486	0.200269	-0.107423	0.0626448	33	325	65	645	3
84	0.538083	30.8437	31	0.994958	0.474108	0.170468	0.0850397	33	325	65	645	3
85	0.53806	35.8465	31	1.15634	0.251488	0.211709	0.100936	33	325	65	645	3
86	0.538058	34.5195	31	1.11353	0.303234	0.0151614	0.105715	33	325	65	645	3
87	0.538029	24.6743	31	0.795947	0.782092	-0.0762923	0.0764844	33	325	65	645	3
88	0.538038	46.267	31	1.49248	0.038285	0.00453473	0.0731668	33	325	65	645	3
89	0.538033	21.094	31	0.680453	0.909408	0.137093	0.0828549	33	325	65	645	3
90	0.53807	42.6738	31	1.37657	0.0790592	0.0387809	0.0795666	33	325	65	645	3
92	0.538069	53.2995	31	1.71934	0.00763981	0.142849	0.119337	33	325	65	645	3
94	0.538054	49.6326	31	1.60105	0.0182324	-0.162425	0.0747706	33	325	65	645	3
95	0.538069	46.48	31	1.49935	0.0365917	-0.428411	0.0588627	33	325	65	645	3
96	0.538043	37.7336	31	1.21721	0.188498	-0.0992488	0.0666383	33	325	65	645	3
97	0.538095	33.3616	31	1.07618	0.353125	0.422239	0.119319	33	325	65	645	3
98	0.538053	32.0833	31	1.03495	0.412717	0.262343	0.0976435	33	325	65	645	3
99	0.537996	45.4149	31	1.465	0.045766	-0.20778	0.058901	33	325	65	645	3
100	0.538045	30.2287	31	0.975118	0.505511	-0.0914513	0.0751531	33	325	65	645	3
102	0.538071	45.7679	31	1.47638	0.0425243	0.118222	0.104751	33	325	65	645	3
103	0.538027	25.4057	31	0.819539	0.749282	0.310796	0.117896	33	325	65	645	3
104	0.538036	27.581	31	0.889711	0.642702	0.154721	0.0825449	33	325	65	645	3
105	0.538069	35.6765	31	1.15086	0.257776	0.273528	0.0958406	33	325	65	645	3
106	0.538044	32.353	31	1.04365	0.399791	0.259255	0.0974032	33	325	65	645	3
108	0.538076	34.2451	31	1.10468	0.314673	0.367889	0.112504	33	325	65	645	3
109	0.538047	27.8212	31	0.897458	0.63038	-0.0651768	0.0933377	33	325	65	645	3
110	0.53801	34.7168	31	1.1199	0.29516	0.257018	0.104745	33	325	65	645	3
111	0.538056	32.8413	31	1.0594	0.376854	0.0465133	0.0820814	33	325	65	645	3
112	0.538096	24.0046	31	0.774342	0.810357	0.0527162	0.0910256	33	325	65	645	3
113	0.538062	47.3869	31	1.52861	0.0301022	0.431805	0.12349	33	325	65	645	3
114	0.537996	28.8901	31	0.931938	0.574958	0.439358	0.130121	33	325	65	645	3
115	0.538108	28.0024	31	0.903305	0.621039	-0.111733	0.119451	33	325	65	645	3
116	0.538079	66.4915	31	2.14489	0.000216586	-0.0537378	0.0794126	33	325	65	645	3
117	0.538104	25.9782	31	0.838005	0.72237	0.273151	0.101859	33	325	65	645	3
118	0.538084	31.4981	31	1.01607	0.441327	-0.249632	0.0612411	33	325	65	645	3
119	0.538022	17.9687	31	0.579637	0.969961	-0.0120342	0.0791298	33	325	65	645	3
120	0.538059	33.3218	31	1.0749	0.354912	0.167045	0.104926	33	325	65	645	3
80	0.534334	25.563	30	0.852102	0.697234	0.0185635	0.0710956	34	335	65	645	3
81	0.534321	19.867	30	0.662233	0.919959	-0.0632095	0.0642361	34	335	65	645	3
82	0.534333	33.2912	30	1.10971	0.310044	0.27871	0.0958581	34	335	65	645	3
83	0.53438	36.8672	30	1.22891	0.181044	-0.123932	0.0658436	34	335	65	645	3
84	0.534368	30.7623	30	1.02541	0.427157	0.179709	0.091665	34	335	65	645	3
85	0.534354	35.8413	30	1.19471	0.213321	0.214747	0.108407	34	335	65	645	3
86	0.534324	33.997	30	1.13323	0.280953	0.0438926	0.116025	34	335	65	645	3
87	0.534315	24.6746	30	0.822487	0.740686	-0.0756961	0.0820008	34	335	65	645	3
88	0.534331	44.8824	30	1.49608	0.0395854	-0.0280175	0.0758036	34	335	65	645	3
89	0.534337	20.8223	30	0.694075	0.893363	0.120299	0.0875681	34	335	65	645	3
90	0.534361	42.6739	30	1.42246	0.0625866	0.0394501	0.0858691	34	335	65	645	3
92	0.534344	51.8247	30	1.72749	0.00795477	0.200141	0.135118	34	335	65	645	3
94	0.534333	49.6174	30	1.65391	0.0135863	-0.158801	0.0803709	34	335	65	645	3
95	0.53434	45.6796	30	1.52265	0.0333299	-0.408393	0.0647611	34	335	65	645	3
96	0.534315	35.7172	30	1.19057	0.217483	-0.13343	0.0683836	34	335	65	645	3
97	0.53437	32.7785	30	1.09262	0.332234	0.45634	0.13086	34	335	65	645	3
98	0.53434	32.0512	30	1.06837	0.365149	0.269324	0.105125	34	335	65	645	3
99	0.534286	42.26	30	1.40867	0.0679845	-0.16542	0.0665693	34	335	65	645	3
100	0.534323	30.2199	30	1.00733	0.454435	-0.0942697	0.0799732	34	335	65	645	3
102	0.53436	44.7448	30	1.49149	0.0407633	0.163915	0.118875	34	335	65	645	3
103	0.534324	25.3929	30	0.846431	0.70572	0.316111	0.127378	34	335	65	645	3
104	0.534323	27.2769	30	0.909229	0.608699	0.138457	0.0864666	34	335	65	645	3
105	0.534354	34.7821	30	1.1594	0.250656	0.308249	0.10569	34	335	65	645	3
106	0.534333	23.6549	30	0.788496	0.787409	0.157256	0.0944701	34	335	65	645	3
108	0.534369	34.0996	30	1.13665	0.27687	0.384812	0.122533	34	335	65	645	3
109	0.534322	27.8199	30	0.927331	0.579978	-0.0668329	0.100392	34	335	65	645	3
110	0.534308	31.2758	30	1.04253	0.401943	0.180046	0.105339	34	335	65	645	3
111	0.534321	27.5995	30	0.919983	0.591652	-0.0198994	0.081514	34	335	65	645	3
112	0.534385	22.1142	30	0.73714	0.849857	0.0076891	0.0926361	34	335	65	645	3
113	0.534353	45.7588	30	1.52529	0.0327594	0.374192	0.125595	34	335	65	645	3
114	0.5343	28.8876	30	0.962918	0.52351	0.436898	0.139076	34	335	65	645	3
115	0.534375	27.9938	30	0.933127	0.570764	-0.116135	0.126617	34	335	65	645	3
116	0.534356	62.8547	30	2.09516	0.000409835	-0.109297	0.0799316	34	335	65	645	3
117	0.534376	24.1455	30	0.804849	0.765404	0.221962	0.103958	34	335	65	645	3
118	0.534356	31.4011	30	1.0467	0.395888	-0.242743	0.0659483	34	335	65	645	3
119	0.534293	17.9478	30	0.598261	0.959372	-0.00781404	0.0843634	34	335	65	645	3
120	0.534355	32.6469	30	1.08823	0.338068	0.201644	0.11661	34	335	65	645	3
80	0.530663	22.737	29	0.784033	0.788441	-0.0271572	0.0729718	35	345	65	645	3
81	0.530663	17.7081	29	0.610626	0.950004	-0.099371	0.0663237	35	345	65	645	3
82	0.530667	32.932	29	1.13559	0.280491	0.302497	0.105828	35	345	65	645	3
83	0.530694	36.6518	29	1.26385	0.155342	-0.111907	0.0717325	35	345	65	645	3
84	0.530689	30.6257	29	1.05606	0.383277	0.166874	0.0970375	35	345	65	645	3
85	0.530682	35.1319	29	1.21144	0.200243	0.252125	0.120995	35	345	65	645	3
86	0.53066	33.3865	29	1.15126	0.262427	0.0102556	0.119779	35	345	65	645	3
87	0.530654	24.1777	29	0.833712	0.720124	-0.0522547	0.0906156	35	345	65	645	3
88	0.530664	44.7273	29	1.54232	0.0312683	-0.0391404	0.0799567	35	345	65	645	3
89	0.530659	19.0295	29	0.656191	0.920528	0.0765594	0.0897944	35	345	65	645	3
90	0.530707	40.4587	29	1.39513	0.0767115	-0.0121852	0.0880694	35	345	65	645	3
92	0.530657	38.3064	29	1.32091	0.115673	0.412889	0.17559	35	345	65	645	3
94	0.530651	48.6307	29	1.67692	0.0126309	-0.188109	0.0829709	35	345	65	645	3
95	0.530674	38.9127	29	1.34182	0.103348	-0.473023	0.0639339	35	345	65	645	3
96	0.530638	35.715	29	1.23155	0.182015	-0.134898	0.0733884	35	345	65	645	3
97	0.530695	31.4953	29	1.08605	0.342455	0.399323	0.134095	35	345	65	645	3
98	0.530662	31.9616	29	1.10212	0.321563	0.282006	0.114446	35	345	65	645	3
99	0.530611	39.6031	29	1.36563	0.090638	-0.206425	0.0680972	35	345	65	645	3
100	0.530655	29.7315	29	1.02523	0.427494	-0.115577	0.0837297	35	345	65	645	3
102	0.530694	43.7648	29	1.50913	0.038629	0.119896	0.122014	35	345	65	645	3
103	0.530654	24.696	29	0.851587	0.693921	0.274088	0.132245	35	345	65	645	3
104	0.530651	26.1972	29	0.903351	0.614934	0.103455	0.0899025	35	345	65	645	3
105	0.530687	32.267	29	1.11265	0.308278	0.376811	0.120816	35	345	65	645	3
106	0.530664	23.5107	29	0.810713	0.752671	0.143621	0.0999335	35	345	65	645	3
108	0.530689	33.9073	29	1.16922	0.242668	0.406963	0.134879	35	345	65	645	3
109	0.53064	27.475	29	0.947415	0.546092	-0.0461114	0.109297	35	345	65	645	3
110	0.530626	30.4837	29	1.05116	0.39016	0.215428	0.116189	35	345	65	645	3
111	0.530628	27.3249	29	0.942237	0.554182	-0.00366813	0.0883103	35	345	65	645	3
112	0.53071	22.1127	29	0.762506	0.815494	0.00603775	0.0993039	35	345	65	645	3
113	0.530658	45.7304	29	1.57691	0.0249538	0.366741	0.132877	35	345	65	645	3
114	0.530649	28.8336	29	0.994263	0.473756	0.449976	0.15154	35	345	65	645	3
115	0.530706	27.1165	29	0.935051	0.56542	-0.162701	0.129572	35	345	65	645	3
116	0.530687	62.4746	29	2.1543	0.000301047	-0.128845	0.0842671	35	345	65	645	3
117	0.530686	23.7588	29	0.819268	0.740734	0.198187	0.108627	35	345	65	645	3
118	0.530686	30.7431	29	1.06011	0.377633	-0.26302	0.0689487	35	345	65	645	3
119	0.530639	17.0397	29	0.587576	0.961561	-0.0401037	0.0881128	35	345	65	645	3
120	0.530674	32.1598	29	1.10896	0.312902	0.233313	0.128645	35	345	65	645	3
80	0.527041	22.7146	28	0.811234	0.747189	-0.0227008	0.0791904	36	355	65	645	3
81	0.527029	17.6395	28	0.629982	0.934868	-0.105897	0.0703161	36	355	65	645	3
82	0.527026	26.7853	28	0.956617	0.529962	0.409456	0.124698	36	355	65	645	3
83	0.527051	33.8458	28	1.20878	0.205997	-0.158174	0.0732833	36	355	65	645	3
84	0.527047	30.4289	28	1.08675	0.343013	0.150737	0.102285	36	355	65	645	3
85	0.52705	28.1214	28	1.00434	0.458029	0.395551	0.149055	36	355	65	645	3
86	0.52702	33.0823	28	1.18151	0.232726	-0.0126155	0.123995	36	355	65	645	3
87	0.527037	22.4532	28	0.801899	0.759892	-0.101192	0.0932947	36	355	65	645	3
88	0.527037	44.4909	28	1.58896	0.024827	-0.054727	0.0848208	36	355	65	645	3
89	0.527028	18.5187	28	0.66138	0.912328	0.100696	0.0985873	36	355	65	645	3
90	0.527065	40.3239	28	1.44014	0.0618592	0.000889864	0.096031	36	355	65	645	3
92	0.527039	38.2468	28	1.36596	0.0938205	0.395038	0.187251	36	355	65	645	3
94	0.527023	47.5343	28	1.69765	0.0120216	-0.222174	0.085894	36	355	65	645	3
95	0.52705	38.4802	28	1.37429	0.0896535	-0.490716	0.0677504	36	355	65	645	3
96	0.527017	35.2217	28	1.25792	0.163505	-0.154951	0.0771068	36	355	65	645	3
97	0.527049	31.4726	28	1.12402	0.296502	0.391811	0.142627	36	355	65	645	3
98	0.527022	31.8693	28	1.13819	0.279863	0.269709	0.120258	36	355	65	645	3
99	0.526978	39.5008	28	1.41074	0.0731982	-0.19815	0.0738657	36	355	65	645	3
100	0.527043	24.6946	28	0.881951	0.644401	-0.188107	0.0831977	36	355	65	645	3
102	0.52707	43.5613	28	1.55576	0.030692	0.0980448	0.127881	36	355	65	645	3
103	0.527029	23.6106	28	0.843236	0.701912	0.332057	0.150537	36	355	65	645	3
104	0.527023	26.191	28	0.935394	0.562544	0.0994525	0.0968958	36	355	65	645	3
105	0.527057	30.6882	28	1.09601	0.3311	0.320602	0.123129	36	355	65	645	3
106	0.527039	23.0467	28	0.823098	0.730697	0.170915	0.110323	36	355	65	645	3
108	0.527051	30.2964	28	1.08202	0.34919	0.509853	0.157532	36	355	65	645	3
109	0.527012	26.7916	28	0.956841	0.529619	-0.0794462	0.113157	36	355	65	645	3
110	0.527005	27.5746	28	0.984807	0.487152	0.297691	0.134901	36	355	65	645	3
111	0.527019	27.0341	28	0.965504	0.516391	-0.023552	0.0932623	36	355	65	645	3
112	0.527098	20.9544	28	0.748371	0.827246	-0.0376247	0.102855	36	355	65	645	3
113	0.527025	45.6713	28	1.63112	0.018843	0.379206	0.143456	36	355	65	645	3
114	0.52701	28.516	28	1.01843	0.437374	0.482714	0.166412	36	355	65	645	3
115	0.527076	26.9637	28	0.962989	0.520225	-0.184584	0.137827	36	355	65	645	3
116	0.527052	62.0643	28	2.21658	0.000220457	-0.150764	0.088905	36	355	65	645	3
117	0.52704	22.2678	28	0.795278	0.768746	0.248897	0.12157	36	355	65	645	3
118	0.527046	23.6636	28	0.84513	0.699159	-0.333855	0.0681653	36	355	65	645	3
119	0.527024	15.3867	28	0.549527	0.974058	-0.0867091	0.0909651	36	355	65	645	3
120	0.527038	32.1421	28	1.14793	0.268767	0.226807	0.13704	36	355	65	645	3
80	0.523458	22.5665	27	0.835795	0.708069	-0.0103008	0.086735	37	365	65	645	3
81	0.523448	17.3596	27	0.64295	0.921875	-0.120907	0.0746739	37	365	65	645	3
82	0.523442	26.0768	27	0.965809	0.514339	0.369343	0.129415	37	365	65	645	3
83	0.523473	32.8517	27	1.21673	0.202008	-0.186797	0.0763768	37	365	65	645	3
84	0.523453	28.5498	27	1.0574	0.383063	0.206746	0.115731	37	365	65	645	3
85	0.523461	27.0774	27	1.00287	0.459625	0.335489	0.152755	37	365	65	645	3
86	0.523421	32.5804	27	1.20668	0.211271	-0.0452716	0.1278	37	365	65	645	3
87	0.523434	21.6815	27	0.803018	0.753381	-0.13212	0.0966382	37	365	65	645	3
88	0.523451	42.9419	27	1.59044	0.0265143	-0.0104073	0.0961166	37	365	65	645	3
89	0.523443	18.2715	27	0.676721	0.895004	0.0823195	0.104361	37	365	65	645	3
90	0.523491	39.5049	27	1.46315	0.0569602	0.0377241	0.108028	37	365	65	645	3
92	0.523438	37.9625	27	1.40602	0.0784566	0.434635	0.207697	37	365	65	645	3
94	0.523451	47.5323	27	1.76046	0.00865501	-0.219912	0.093496	37	365	65	645	3
95	0.523453	37.64	27	1.39408	0.0837267	-0.51573	0.0706467	37	365	65	645	3
96	0.523438	34.8412	27	1.29041	0.142935	-0.174208	0.0815104	37	365	65	645	3
97	0.523478	28.3259	27	1.04911	0.394323	0.504743	0.170424	37	365	65	645	3
98	0.523444	31.498	27	1.16659	0.251186	0.300747	0.133874	37	365	65	645	3
99	0.523404	39.4994	27	1.46294	0.0570275	-0.196344	0.0804702	37	365	65	645	3
100	0.523443	24.6037	27	0.911246	0.596663	-0.198236	0.0879638	37	365	65	645	3
102	0.523474	41.5921	27	1.54045	0.0360918	0.0334928	0.128316	37	365	65	645	3
103	0.523435	23.6105	27	0.874465	0.65182	0.332887	0.160948	37	365	65	645	3
104	0.523444	26.0464	27	0.964682	0.516025	0.0860911	0.102847	37	365	65	645	3
105	0.523474	29.9945	27	1.11091	0.314399	0.362676	0.137695	37	365	65	645	3
106	0.523436	22.6293	27	0.838121	0.70476	0.143697	0.11538	37	365	65	645	3
108	0.523465	29.3055	27	1.08539	0.346245	0.450966	0.161035	37	365	65	645	3
109	0.523438	26.1626	27	0.968986	0.50959	-0.0405439	0.128175	37	365	65	645	3
110	0.52342	27.2556	27	1.00947	0.450073	0.329655	0.150144	37	365	65	645	3
111	0.523434	26.2653	27	0.972791	0.503914	0.0118425	0.10488	37	365	65	645	3
112	0.523522	20.1169	27	0.745072	0.825813	-0.0762822	0.107059	37	365	65	645	3
113	0.523425	45.607	27	1.68915	0.0140191	0.365779	0.151595	37	365	65	645	3
114	0.523417	25.2338	27	0.934583	0.561364	0.593868	0.193019	37	365	65	645	3
115	0.523495	23.7697	27	0.88036	0.643057	-0.275628	0.133161	37	365	65	645	3
116	0.523465	59.315	27	2.19685	0.000324141	-0.208692	0.0898863	37	365	65	645	3
117	0.523451	21.8578	27	0.809548	0.744567	0.28066	0.134764	37	365	65	645	3
118	0.523444	22.2976	27	0.825837	0.722105	-0.299387	0.0773193	37	365	65	645	3
119	0.523438	13.8535	27	0.513091	0.982644	-0.131689	0.0935983	37	365	65	645	3
120	0.52348	30.5282	27	1.13068	0.290949	0.152919	0.139648	37	365	65	645	3
80	0.519931	22.0831	26	0.84935	0.684141	-0.0356615	0.0919404	38	375	65	645	3
81	0.519923	17.3564	26	0.667555	0.89792	-0.122805	0.0815961	38	375	65	645	3
82	0.519895	25.9681	26	0.998773	0.46486	0.352927	0.13712	38	375	65	645	3
83	0.51994	32.7832	26	1.26089	0.168481	-0.195168	0.0818927	38	375	65	645	3
84	0.519912	26.8119	26	1.03123	0.419247	0.271528	0.132829	38	375	65	645	3
85	0.519927	26.1316	26	1.00506	0.455888	0.278525	0.156224	38	375	65	645	3
86	0.519875	32.5436	26	1.25168	0.175754	-0.0538381	0.13562	38	375	65	645	3
87	0.519895	21.6818	26	0.833915	0.705975	-0.133027	0.103797	38	375	65	645	3
88	0.519922	42.7659	26	1.64484	0.0204391	-0.0273064	0.102721	38	375	65	645	3
89	0.519895	18.2646	26	0.702483	0.865937	0.0858955	0.112775	38	375	65	645	3
90	0.51995	36.8117	26	1.41583	0.0777207	0.114883	0.126671	38	375	65	645	3
92	0.519895	35.9502	26	1.3827	0.0925888	0.3267	0.203001	38	375	65	645	3
94	0.51991	47.4226	26	1.82395	0.00629602	-0.23216	0.0989603	38	375	65	645	3
95	0.519935	34.0684	26	1.31032	0.133312	-0.571646	0.0711938	38	375	65	645	3
96	0.519899	34.7943	26	1.33824	0.11617	-0.181478	0.0872863	38	375	65	645	3
97	0.51994	24.3493	26	0.936511	0.556001	0.657561	0.208737	38	375	65	645	3
98	0.519912	31.0664	26	1.19486	0.225807	0.26637	0.139696	38	375	65	645	3
99	0.519866	39.4944	26	1.51901	0.0436994	-0.199618	0.0866472	38	375	65	645	3
100	0.519887	23.8819	26	0.918536	0.582716	-0.22589	0.091277	38	375	65	645	3
102	0.519928	40.256	26	1.54831	0.0368129	0.0928102	0.146064	38	375	65	645	3
103	0.519882	23.2943	26	0.895936	0.616247	0.367844	0.17741	38	375	65	645	3
104	0.519906	25.0326	26	0.962793	0.51713	0.0440187	0.106835	38	375	65	645	3
105	0.519924	29.7299	26	1.14346	0.278953	0.391023	0.151602	38	375	65	645	3
106	0.519884	20.9506	26	0.805793	0.744508	0.202847	0.130729	38	375	65	645	3
108	0.519925	28.8674	26	1.11029	0.317145	0.408061	0.16806	38	375	65	645	3
109	0.519891	25.2067	26	0.969488	0.507301	-0.0926964	0.131928	38	375	65	645	3
110	0.519887	26.8622	26	1.03316	0.416587	0.293145	0.156441	38	375	65	645	3
111	0.51989	26.2645	26	1.01017	0.448642	0.0132184	0.113328	38	375	65	645	3
112	0.519972	20.1175	26	0.773749	0.785956	-0.0762252	0.114805	38	375	65	645	3
113	0.519896	40.9695	26	1.57575	0.0312543	0.234087	0.146684	38	375	65	645	3
114	0.519896	24.369	26	0.937268	0.554876	0.678175	0.225989	38	375	65	645	3
115	0.519969	23.4097	26	0.900373	0.609679	-0.307104	0.137978	38	375	65	645	3
116	0.519938	59.2893	26	2.28036	0.000208805	-0.202496	0.0982799	38	375	65	645	3
117	0.519914	21.8577	26	0.840679	0.69646	0.2818	0.146686	38	375	65	645	3
118	0.519923	17.9344	26	0.689786	0.878146	-0.363417	0.0772912	38	375	65	645	3
119	0.519882	13.178	26	0.506847	0.982323	-0.160548	0.0970562	38	375	65	645	3
120	0.519919	26.9127	26	1.0351	0.413924	0.256447	0.16406	38	375	65	645	3
80	0.516416	22.0834	25	0.883336	0.630923	-0.0354172	0.0991623	39	385	65	645	3
81	0.516434	17.3311	25	0.693245	0.869435	-0.128241	0.0878593	39	385	65	645	3
82	0.516396	25.5004	25	1.02002	0.434628	0.39117	0.15259	39	385	65	645	3
83	0.516436	32.7356	25	1.30942	0.137812	-0.187621	0.0897277	39	385	65	645	3
84	0.516415	26.3254	25	1.05302	0.390402	0.311549	0.149378	39	385	65	645	3
85	0.516408	25.384	25	1.01536	0.441025	0.327246	0.172913	39	385	65	645	3
86	0.516397	31.1546	25	1.24619	0.183949	0.0206043	0.16055	39	385	65	645	3
87	0.516393	20.7057	25	0.828228	0.708899	-0.172435	0.106814	39	385	65	645	3
88	0.516438	42.3164	25	1.69265	0.0166152	0.00130085	0.114388	39	385	65	645	3
89	0.516425	18.2632	25	0.73053	0.831014	0.0879729	0.123983	39	385	65	645	3
90	0.516445	36.1066	25	1.44426	0.0699982	0.0743676	0.131471	39	385	65	645	3
92	0.516409	34.9007	25	1.39603	0.090016	0.41834	0.238434	39	385	65	645	3
94	0.516438	47.2057	25	1.88823	0.00463651	-0.211791	0.110503	39	385	65	645	3
95	0.51643	29.5855	25	1.18342	0.240183	-0.630214	0.0705219	39	385	65	645	3
96	0.516404	31.2783	25	1.25113	0.17997	-0.247324	0.0877697	39	385	65	645	3
97	0.516455	24.1645	25	0.966578	0.509888	0.697539	0.234869	39	385	65	645	3
98	0.516416	30.7211	25	1.22885	0.19842	0.232466	0.147034	39	385	65	645	3
99	0.516382	38.719	25	1.54876	0.0392984	-0.230587	0.090707	39	385	65	645	3
100	0.516391	21.3726	25	0.854905	0.671658	-0.284647	0.0925555	39	385	65	645	3
102	0.51643	39.4293	25	1.57717	0.0333477	0.0392968	0.150008	39	385	65	645	3
103	0.516398	23.0214	25	0.920857	0.576312	0.40867	0.20014	39	385	65	645	3
104	0.516428	24.0497	25	0.961988	0.516503	-0.000218746	0.11114	39	385	65	645	3
105	0.516418	28.4103	25	1.13641	0.289316	0.462435	0.173192	39	385	65	645	3
106	0.516376	20.6156	25	0.824623	0.713837	0.233021	0.144398	39	385	65	645	3
108	0.516417	27.5059	25	1.10023	0.331097	0.492716	0.195309	39	385	65	645	3
109	0.516396	23.8842	25	0.955368	0.526073	-0.0309627	0.151764	39	385	65	645	3
110	0.516388	26.823	25	1.07292	0.364783	0.305102	0.168952	39	385	65	645	3
111	0.516381	26.2629	25	1.05052	0.393678	0.015157	0.122532	39	385	65	645	3
112	0.516479	20.103	25	0.80412	0.741401	-0.0820467	0.123333	39	385	65	645	3
113	0.516411	37.1528	25	1.48611	0.0558378	0.370461	0.181277	39	385	65	645	3
114	0.516408	23.9277	25	0.957109	0.523552	0.744472	0.258661	39	385	65	645	3
115	0.516483	22.2158	25	0.888634	0.623251	-0.371597	0.13945	39	385	65	645	3
116	0.516425	51.3908	25	2.05563	0.00143068	-0.304659	0.0937743	39	385	65	645	3
117	0.516413	21.5642	25	0.862569	0.660765	0.314903	0.163208	39	385	65	645	3
118	0.516417	17.9345	25	0.717381	0.845157	-0.363497	0.0832891	39	385	65	645	3
119	0.516392	12.4097	25	0.496386	0.982949	-0.196888	0.101654	39	385	65	645	3
120	0.516433	26.531	25	1.06124	0.379712	0.216715	0.170577	39	385	65	645	3
80	0.512975	22.0782	24	0.919925	0.574599	-0.0321057	0.108611	40	395	65	645	3
81	0.512974	17.2446	24	0.718524	0.838045	-0.117393	0.09646	40	395	65	645	3
82	0.51294	24.872	24	1.03633	0.412742	0.443006	0.172753	40	395	65	645	3
83	0.512991	26.5197	24	1.10499	0.327333	-0.282093	0.0882051	40	395	65	645	3
84	0.512967	26.3231	24	1.09679	0.336979	0.314929	0.162725	40	395	65	645	3
85	0.512969	21.3957	24	0.891487	0.615287	0.196054	0.165925	40	395	65	645	3
86	0.512938	29.4797	24	1.22832	0.202597	0.105294	0.187435	40	395	65	645	3
87	0.512939	20.2446	24	0.843526	0.682784	-0.20256	0.11182	40	395	65	645	3
88	0.512978	42.273	24	1.76138	0.0120254	-0.00824291	0.121808	40	395	65	645	3
89	0.512981	13.4473	24	0.560305	0.958165	-0.0214213	0.120703	40	395	65	645	3
90	0.512984	35.2984	24	1.47077	0.0640967	0.122285	0.148751	40	395	65	645	3
92	0.51296	32.285	24	1.34521	0.120081	0.263698	0.227058	40	395	65	645	3
94	0.512994	43.6531	24	1.81888	0.0083698	-0.301805	0.109339	40	395	65	645	3
95	0.512971	29.1216	24	1.2134	0.215588	-0.65142	0.0747842	40	395	65	645	3
96	0.512954	23.3338	24	0.972243	0.500169	-0.352512	0.0849817	40	395	65	645	3
97	0.513006	23.5896	24	0.982902	0.485252	0.773965	0.269174	40	395	65	645	3
98	0.512972	30.6014	24	1.27506	0.165612	0.254324	0.162892	40	395	65	645	3
99	0.51294	37.1657	24	1.54857	0.0421221	-0.277319	0.0934067	40	395	65	645	3
100	0.512936	20.9706	24	0.873776	0.640458	-0.306938	0.0963451	40	395	65	645	3
102	0.512979	38.7137	24	1.61307	0.0292584	-0.00926838	0.1535	40	395	65	645	3
103	0.512959	23.0205	24	0.959189	0.518586	0.411489	0.218727	40	395	65	645	3
104	0.512975	23.7479	24	0.989494	0.476089	0.0248617	0.123679	40	395	65	645	3
105	0.512963	28.3699	24	1.18208	0.244749	0.476045	0.187138	40	395	65	645	3
106	0.512951	20.1591	24	0.839961	0.687696	0.27735	0.164528	40	395	65	645	3
108	0.512987	27.2227	24	1.13428	0.294182	0.540705	0.22293	40	395	65	645	3
109	0.512931	23.8756	24	0.994815	0.468732	-0.0244291	0.165283	40	395	65	645	3
110	0.512937	26.7281	24	1.11367	0.317285	0.326155	0.185171	40	395	65	645	3
111	0.512927	24.3028	24	1.01262	0.444398	0.0911142	0.14353	40	395	65	645	3
112	0.513034	19.8401	24	0.826669	0.705834	-0.108978	0.130536	40	395	65	645	3
113	0.512955	37.1093	24	1.54622	0.0426737	0.354563	0.194317	40	395	65	645	3
114	0.512946	22.5595	24	0.93998	0.545909	0.629151	0.25515	40	395	65	645	3
115	0.513015	20.5782	24	0.857424	0.663467	-0.443876	0.13823	40	395	65	645	3
116	0.512971	50.9935	24	2.12473	0.00105649	-0.329095	0.0986905	40	395	65	645	3
117	0.51297	19.4199	24	0.809162	0.729242	0.219195	0.162498	40	395	65	645	3
118	0.512988	17.7569	24	0.73987	0.814641	-0.378761	0.0891044	40	395	65	645	3
119	0.512955	12.3191	24	0.513297	0.976068	-0.210276	0.109341	40	395	65	645	3
120	0.512991	24.9293	24	1.03872	0.409609	0.124253	0.170746	40	395	65	645	3
80	0.509577	21.9745	23	0.955411	0.521794	-0.0485299	0.11664	41	405	65	645	3
81	0.509568	17.1671	23	0.746395	0.800972	-0.129095	0.103969	41	405	65	645	3
82	0.509529	22.9516	23	0.997898	0.463598	0.351646	0.172359	41	405	65	645	3
83	0.509584	25.6603	23	1.11567	0.317163	-0.248371	0.0992432	41	405	65	645	3
84	0.50956	24.3171	23	1.05727	0.386427	0.222371	0.162617	41	405	65	645	3
85	0.50958	17.6496	23	0.767376	0.776206	0.0649334	0.159914	41	405	65	645	3
86	0.509534	29.4802	23	1.28175	0.164913	0.108206	0.204437	41	405	65	645	3
87	0.509542	19.7717	23	0.859638	0.655643	-0.169772	0.125622	41	405	65	645	3
88	0.509559	42.2605	23	1.83741	0.0084643	-0.0142421	0.13071	41	405	65	645	3
89	0.509575	12.6322	23	0.549224	0.959521	-0.0683378	0.126063	41	405	65	645	3
90	0.509576	32.6772	23	1.42075	0.0868586	0.0285309	0.146885	41	405	65	645	3
92	0.50956	26.0675	23	1.13337	0.297691	0.03516	0.200531	41	405	65	645	3
94	0.509611	32.4776	23	1.41207	0.0906114	-0.455206	0.0995253	41	405	65	645	3
95	0.509585	62.708	23	2.72644	1.53678e-05	0	14.9388	41	405	65	645	1
96	0.509541	23.2559	23	1.01113	0.445914	-0.362857	0.0913177	41	405	65	645	3
97	0.509601	22.3725	23	0.972716	0.497871	0.910266	0.323738	41	405	65	645	3
98	0.509561	30.4716	23	1.32485	0.136337	0.232341	0.171129	41	405	65	645	3
99	0.509539	36.6558	23	1.59373	0.0353143	-0.306401	0.0985937	41	405	65	645	3
100	0.509552	20.8123	23	0.904881	0.592551	-0.324064	0.103503	41	405	65	645	3
102	0.509581	37.5386	23	1.63211	0.0285289	-0.0776314	0.155586	41	405	65	645	3
103	0.509566	22.0276	23	0.957722	0.518586	0.506419	0.256286	41	405	65	645	3
104	0.50957	23.6851	23	1.02979	0.421415	0.039751	0.137469	41	405	65	645	3
105	0.509561	26.3626	23	1.1462	0.284047	0.591208	0.222054	41	405	65	645	3
106	0.509553	19.2462	23	0.836791	0.686847	0.354047	0.194379	41	405	65	645	3
108	0.509581	27.0763	23	1.17723	0.252735	0.505813	0.23535	41	405	65	645	3
109	0.509531	23.8703	23	1.03784	0.411017	-0.0182311	0.18265	41	405	65	645	3
110	0.509535	26.5542	23	1.15453	0.27541	0.358369	0.205716	41	405	65	645	3
111	0.509538	23.6717	23	1.0292	0.422169	0.144379	0.165904	41	405	65	645	3
112	0.509637	19.27	23	0.837825	0.685449	-0.0658313	0.148686	41	405	65	645	3
113	0.509548	35.7248	23	1.55325	0.0439983	0.449941	0.226727	41	405	65	645	3
114	0.509545	22.552	23	0.980521	0.487173	0.620023	0.275508	41	405	65	645	3
115	0.509624	18.9795	23	0.825194	0.702416	-0.524177	0.137992	41	405	65	645	3
116	0.509568	27.0221	23	1.17487	0.255029	-0.105728	0.13719	41	405	65	645	3
117	0.509564	16.8992	23	0.734749	0.814167	0.115163	0.15987	41	405	65	645	3
118	0.509587	17.6046	23	0.765419	0.778567	-0.39429	0.0961813	41	405	65	645	3
119	0.509549	12.2585	23	0.532977	0.966287	-0.221729	0.117196	41	405	65	645	3
120	0.509583	17.3373	23	0.753796	0.792378	0.348596	0.227433	41	405	65	645	3
