80	0.602048	58.2095	47	1.2385	0.126559	0.239664	0.0350264	17	165	65	645	3
81	0.60207	64.9928	47	1.38283	0.0420105	0.265804	0.0361281	17	165	65	645	3
82	0.602112	44.8128	47	0.953463	0.563596	0.256563	0.037663	17	165	65	645	3
83	0.60213	67.9205	47	1.44512	0.0245314	0.286058	0.039544	17	165	65	645	3
84	0.602138	57.7374	47	1.22845	0.135565	0.246881	0.0385307	17	165	65	645	3
85	0.602037	51.4567	47	1.09482	0.303554	0.243115	0.0443665	17	165	65	645	3
86	0.602106	47.429	47	1.00913	0.45506	0.234561	0.056956	17	165	65	645	3
87	0.602045	42.6218	47	0.906846	0.65433	0.265717	0.0468058	17	165	65	645	3
88	0.60204	67.4353	47	1.43479	0.0268837	0.265442	0.0401887	17	165	65	645	3
89	0.602054	41.525	47	0.883511	0.698025	0.279486	0.0407884	17	165	65	645	3
90	0.602058	76.252	47	1.62238	0.00443438	0.209074	0.0398759	17	165	65	645	3
92	0.602173	59.6712	47	1.2696	0.101601	0.249527	0.056992	17	165	65	645	3
94	0.602089	63.3961	47	1.34885	0.0554873	0.23071	0.049014	17	165	65	645	3
95	0.602255	61.8572	47	1.31611	0.0717877	0.154888	0.0501751	17	165	65	645	3
96	0.602098	59.1407	47	1.25831	0.110162	0.276182	0.0423134	17	165	65	645	3
97	0.602108	84.4711	47	1.79726	0.00065402	0.317948	0.0459278	17	165	65	645	3
98	0.602068	35.1045	47	0.746903	0.899492	0.276937	0.0420687	17	165	65	645	3
99	0.602082	58.0493	47	1.23509	0.129562	0.229811	0.040898	17	165	65	645	3
100	0.602066	64.8504	47	1.3798	0.043085	0.261314	0.0461797	17	165	65	645	3
102	0.602117	65.5058	47	1.39374	0.0383293	0.220216	0.0491615	17	165	65	645	3
103	0.602114	51.0495	47	1.08616	0.317538	0.201638	0.0465017	17	165	65	645	3
104	0.602091	58.812	47	1.25132	0.115747	0.281146	0.0400204	17	165	65	645	3
105	0.602074	53.7243	47	1.14307	0.232377	0.230045	0.0392144	17	165	65	645	3
106	0.602107	66.8454	47	1.42224	0.0300114	0.343906	0.0451584	17	165	65	645	3
108	0.602123	68.4644	47	1.45669	0.0221136	0.228692	0.0422036	17	165	65	645	3
109	0.602072	58.8197	47	1.25148	0.115615	0.244683	0.0534778	17	165	65	645	3
110	0.602123	67.5003	47	1.43618	0.0265578	0.280898	0.0467248	17	165	65	645	3
111	0.602075	58.7095	47	1.24914	0.117534	0.252929	0.0428356	17	165	65	645	3
112	0.602089	48.2304	47	1.02618	0.422892	0.303193	0.0492459	17	165	65	645	3
113	0.602065	78.9476	47	1.67974	0.00242183	0.341913	0.0486817	17	165	65	645	3
114	0.602086	51.041	47	1.08598	0.31783	0.288681	0.0491797	17	165	65	645	3
115	0.60195	47.2898	47	1.00617	0.460719	0.217995	0.0696622	17	165	65	645	3
116	0.602088	87.2254	47	1.85586	0.0003296	0.267401	0.0469922	17	165	65	645	3
117	0.602224	53.1813	47	1.13152	0.248356	0.267514	0.0431606	17	165	65	645	3
118	0.602078	49.2764	47	1.04843	0.382216	0.232904	0.0432996	17	165	65	645	3
119	0.602062	46.7366	47	0.994396	0.483392	0.239224	0.0443741	17	165	65	645	3
120	0.602053	50.8324	47	1.08154	0.32513	0.211217	0.0466235	17	165	65	645	3
80	0.597906	52.7101	46	1.14587	0.230572	0.215269	0.0356816	18	175	65	645	3
81	0.59792	59.1155	46	1.28512	0.0928225	0.240407	0.0367308	18	175	65	645	3
82	0.597973	42.0934	46	0.915074	0.636586	0.238294	0.0385731	18	175	65	645	3
83	0.598002	59.3447	46	1.2901	0.0895095	0.252679	0.0398837	18	175	65	645	3
84	0.597999	56.3644	46	1.22531	0.140739	0.23347	0.0396701	18	175	65	645	3
85	0.597906	49.7772	46	1.08211	0.32541	0.22639	0.0454744	18	175	65	645	3
86	0.597959	46.5851	46	1.01272	0.448186	0.220036	0.058358	18	175	65	645	3
87	0.597915	38.915	46	0.845979	0.761115	0.239716	0.0475101	18	175	65	645	3
88	0.597908	59.9162	46	1.30253	0.0816693	0.233368	0.0405808	18	175	65	645	3
89	0.597918	41.5237	46	0.902689	0.660048	0.278997	0.04256	18	175	65	645	3
90	0.597937	76.2542	46	1.6577	0.0033342	0.209439	0.0417311	18	175	65	645	3
92	0.598006	58.3498	46	1.26847	0.104609	0.230727	0.0582437	18	175	65	645	3
94	0.597924	62.9295	46	1.36803	0.0491329	0.221338	0.0505301	18	175	65	645	3
95	0.598078	61.5607	46	1.33828	0.0622059	0.147042	0.0518554	18	175	65	645	3
96	0.597969	55.638	46	1.20952	0.156107	0.25326	0.0431198	18	175	65	645	3
97	0.597953	84.4013	46	1.83481	0.000477827	0.314639	0.0476333	18	175	65	645	3
98	0.597945	32.9231	46	0.71572	0.926194	0.258748	0.0431034	18	175	65	645	3
99	0.597918	58.0493	46	1.26194	0.10955	0.229434	0.042553	18	175	65	645	3
100	0.597945	56.8012	46	1.23481	0.132067	0.222035	0.046406	18	175	65	645	3
102	0.597971	65.4865	46	1.42362	0.0309383	0.21831	0.0510932	18	175	65	645	3
103	0.59797	50.8025	46	1.1044	0.290045	0.195184	0.0480612	18	175	65	645	3
104	0.597947	51.0527	46	1.10984	0.281766	0.249778	0.0403729	18	175	65	645	3
105	0.597927	51.7616	46	1.12525	0.259082	0.214249	0.0402231	18	175	65	645	3
106	0.597947	62.0314	46	1.34851	0.0574127	0.316606	0.0457156	18	175	65	645	3
108	0.597972	66.1998	46	1.43913	0.0270608	0.210662	0.0431501	18	175	65	645	3
109	0.597933	54.8698	46	1.19282	0.173677	0.21454	0.0540008	18	175	65	645	3
110	0.597967	65.0491	46	1.41411	0.0335516	0.260042	0.0476695	18	175	65	645	3
111	0.597928	53.5979	46	1.16517	0.205834	0.225687	0.0433496	18	175	65	645	3
112	0.597943	45.1804	46	0.982183	0.506495	0.279087	0.0500322	18	175	65	645	3
113	0.597923	73.3345	46	1.59423	0.0063578	0.308192	0.0491775	18	175	65	645	3
114	0.597947	47.1089	46	1.02411	0.426954	0.260476	0.0498607	18	175	65	645	3
115	0.597844	46.4159	46	1.00904	0.455114	0.200223	0.0710225	18	175	65	645	3
116	0.597944	87.2117	46	1.89591	0.000233968	0.265816	0.0489524	18	175	65	645	3
117	0.59806	50.9521	46	1.10766	0.285076	0.249409	0.0441054	18	175	65	645	3
118	0.597952	48.3202	46	1.05044	0.379331	0.220902	0.044541	18	175	65	645	3
119	0.597906	46.7375	46	1.01603	0.441974	0.239563	0.0461645	18	175	65	645	3
120	0.597921	46.962	46	1.02091	0.432876	0.185366	0.0472489	18	175	65	645	3
80	0.593768	48.7916	45	1.08426	0.323178	0.194197	0.0364999	19	185	65	645	3
81	0.593779	55.4418	45	1.23204	0.136855	0.219626	0.0375459	19	185	65	645	3
82	0.593833	40.7462	45	0.905471	0.652633	0.224734	0.0398185	19	185	65	645	3
83	0.593828	57.5363	45	1.27858	0.0995135	0.237754	0.0408418	19	185	65	645	3
84	0.593857	55.2781	45	1.2284	0.140178	0.221163	0.0409506	19	185	65	645	3
85	0.593768	48.0025	45	1.06672	0.352093	0.208851	0.0465973	19	185	65	645	3
86	0.593812	45.9761	45	1.02169	0.431569	0.206693	0.0600925	19	185	65	645	3
87	0.593781	37.7937	45	0.83986	0.768251	0.224291	0.0489925	19	185	65	645	3
88	0.593745	58.4703	45	1.29934	0.0857351	0.219433	0.0416977	19	185	65	645	3
89	0.59378	38.4991	45	0.855535	0.742194	0.256752	0.0435319	19	185	65	645	3
90	0.593788	60.8318	45	1.35182	0.0577449	0.163181	0.0414409	19	185	65	645	3
92	0.593831	56.5372	45	1.25638	0.116166	0.20781	0.0593987	19	185	65	645	3
94	0.593781	62.9204	45	1.39823	0.0398592	0.219832	0.0527418	19	185	65	645	3
95	0.593925	57.9299	45	1.28733	0.0935033	0.118048	0.0524945	19	185	65	645	3
96	0.593812	53.9456	45	1.19879	0.169513	0.237219	0.0441744	19	185	65	645	3
97	0.593816	76.4063	45	1.69792	0.00239587	0.275866	0.0478211	19	185	65	645	3
98	0.593807	32.9185	45	0.731522	0.909465	0.257943	0.0449291	19	185	65	645	3
99	0.593778	53.6625	45	1.1925	0.176286	0.203157	0.0432721	19	185	65	645	3
100	0.593789	55.5218	45	1.23382	0.135255	0.207283	0.0475869	19	185	65	645	3
102	0.593824	61.9872	45	1.37749	0.0471508	0.190463	0.0518235	19	185	65	645	3
103	0.593817	50.7459	45	1.12769	0.257431	0.198696	0.0502898	19	185	65	645	3
104	0.593779	49.2962	45	1.09547	0.305373	0.234461	0.0413999	19	185	65	645	3
105	0.593796	51.6695	45	1.14821	0.229486	0.218153	0.0422968	19	185	65	645	3
106	0.593784	59.3439	45	1.31875	0.0742977	0.295292	0.0466421	19	185	65	645	3
108	0.593819	58.7582	45	1.30574	0.0818165	0.177905	0.0433999	19	185	65	645	3
109	0.593798	49.2999	45	1.09555	0.305245	0.177055	0.0542751	19	185	65	645	3
110	0.593807	57.1333	45	1.26963	0.105984	0.22209	0.047777	19	185	65	645	3
111	0.593793	53.0009	45	1.1778	0.19287	0.215596	0.0448727	19	185	65	645	3
112	0.593798	43.1221	45	0.958269	0.551786	0.258832	0.0510483	19	185	65	645	3
113	0.593779	62.7694	45	1.39488	0.0409677	0.263578	0.0489835	19	185	65	645	3
114	0.593803	46.764	45	1.0392	0.39987	0.251985	0.0515635	19	185	65	645	3
115	0.593699	44.7668	45	0.994818	0.481752	0.173272	0.0721381	19	185	65	645	3
116	0.593796	86.791	45	1.92869	0.000182869	0.256652	0.0505787	19	185	65	645	3
117	0.593908	50.4288	45	1.12064	0.267497	0.259079	0.0464685	19	185	65	645	3
118	0.593812	44.2217	45	0.982704	0.504817	0.194397	0.0452644	19	185	65	645	3
119	0.593787	46.5631	45	1.03474	0.407866	0.233706	0.0480265	19	185	65	645	3
120	0.593804	46.4997	45	1.03333	0.410401	0.175942	0.0488264	19	185	65	645	3
80	0.589618	46.7901	44	1.06341	0.358624	0.179261	0.0374899	20	195	65	645	3
81	0.589627	45.8203	44	1.04137	0.39653	0.1857	0.0378635	20	195	65	645	3
82	0.589689	30.5549	44	0.69443	0.93814	0.187118	0.0400583	20	195	65	645	3
83	0.589695	47.6876	44	1.08381	0.325172	0.199202	0.041112	20	195	65	645	3
84	0.589706	52.0979	44	1.18404	0.187958	0.199831	0.0418344	20	195	65	645	3
85	0.589633	45.3452	44	1.03057	0.415691	0.185748	0.0476488	20	195	65	645	3
86	0.58966	45.5724	44	1.03574	0.406483	0.195121	0.0621587	20	195	65	645	3
87	0.589628	37.7929	44	0.85893	0.733561	0.225017	0.0512175	20	195	65	645	3
88	0.589594	52.6311	44	1.19616	0.174629	0.189967	0.0422481	20	195	65	645	3
89	0.589654	37.6592	44	0.85589	0.738722	0.244539	0.0450406	20	195	65	645	3
90	0.589654	59.3673	44	1.34926	0.0607984	0.147609	0.0427458	20	195	65	645	3
92	0.589694	56.3648	44	1.28102	0.100059	0.200221	0.0617708	20	195	65	645	3
94	0.589663	62.9165	44	1.42992	0.0319764	0.218659	0.0552059	20	195	65	645	3
95	0.589757	57.9045	44	1.31601	0.0779193	0.115603	0.0546092	20	195	65	645	3
96	0.589664	53.6712	44	1.2198	0.150624	0.230475	0.0458073	20	195	65	645	3
97	0.589656	69.442	44	1.57823	0.00855343	0.239553	0.0480891	20	195	65	645	3
98	0.589657	30.0826	44	0.683696	0.94565	0.235592	0.045873	20	195	65	645	3
99	0.589647	50.9812	44	1.15866	0.218174	0.18144	0.0443326	20	195	65	645	3
100	0.589656	51.3462	44	1.16696	0.207955	0.177387	0.0483711	20	195	65	645	3
102	0.589682	61.2507	44	1.39206	0.0435347	0.177195	0.0534364	20	195	65	645	3
103	0.58968	47.8812	44	1.08821	0.318178	0.173888	0.05116	20	195	65	645	3
104	0.589637	47.8412	44	1.0873	0.319616	0.219146	0.0427063	20	195	65	645	3
105	0.589664	48.3011	44	1.09775	0.303296	0.194598	0.0432293	20	195	65	645	3
106	0.589642	58.4983	44	1.32951	0.0705398	0.282348	0.0481811	20	195	65	645	3
108	0.589692	49.7713	44	1.13117	0.254429	0.139399	0.0435725	20	195	65	645	3
109	0.589649	49.0337	44	1.1144	0.278302	0.168731	0.0562403	20	195	65	645	3
110	0.589665	39.2735	44	0.89258	0.674117	0.164153	0.0469818	20	195	65	645	3
111	0.589655	52.9776	44	1.20404	0.166339	0.213559	0.0468211	20	195	65	645	3
112	0.589664	41.4756	44	0.942628	0.580409	0.238483	0.0524132	20	195	65	645	3
113	0.589632	59.3136	44	1.34804	0.0613655	0.23653	0.0498067	20	195	65	645	3
114	0.589663	39.623	44	0.900522	0.659566	0.211669	0.0516923	20	195	65	645	3
115	0.589592	44.7357	44	1.01672	0.440761	0.169429	0.075096	20	195	65	645	3
116	0.589647	86.4459	44	1.96468	0.000139113	0.247674	0.0524624	20	195	65	645	3
117	0.589731	49.296	44	1.12036	0.269663	0.244648	0.0478087	20	195	65	645	3
118	0.589656	43.4151	44	0.986707	0.496571	0.182421	0.0466945	20	195	65	645	3
119	0.589642	46.3629	44	1.0537	0.375111	0.227268	0.0499199	20	195	65	645	3
120	0.589634	45.9354	44	1.04399	0.391944	0.165592	0.0502995	20	195	65	645	3
80	0.585492	43.1529	43	1.00356	0.464774	0.157481	0.0383825	21	205	65	645	3
81	0.585487	36.2981	43	0.844143	0.755254	0.151033	0.0381917	21	205	65	645	3
82	0.585553	29.0111	43	0.674677	0.949323	0.171859	0.0413144	21	205	65	645	3
83	0.585545	47.2477	43	1.09878	0.303217	0.191039	0.0426519	21	205	65	645	3
84	0.585553	51.8286	43	1.20532	0.167396	0.206775	0.0441709	21	205	65	645	3
85	0.585485	41.2346	43	0.958945	0.548084	0.157107	0.0483551	21	205	65	645	3
86	0.585546	45.0438	43	1.04753	0.386413	0.180576	0.0644008	21	205	65	645	3
87	0.585498	36.707	43	0.853651	0.739551	0.208846	0.0527503	21	205	65	645	3
88	0.585479	48.3328	43	1.12402	0.266274	0.162551	0.0431114	21	205	65	645	3
89	0.585522	35.1607	43	0.817692	0.796687	0.222421	0.0461862	21	205	65	645	3
90	0.585536	58.6774	43	1.36459	0.0559073	0.136586	0.0443017	21	205	65	645	3
92	0.585553	56.2582	43	1.30833	0.0845893	0.194364	0.0641195	21	205	65	645	3
94	0.585553	61.8802	43	1.43907	0.0309954	0.201028	0.0569172	21	205	65	645	3
95	0.585602	55.5497	43	1.29185	0.0949854	0.0904407	0.0556001	21	205	65	645	3
96	0.585544	52.4512	43	1.21979	0.153027	0.214842	0.047269	21	205	65	645	3
97	0.585528	69.2851	43	1.61128	0.00672673	0.245907	0.0507852	21	205	65	645	3
98	0.585514	29.9794	43	0.697195	0.933672	0.231297	0.0477394	21	205	65	645	3
99	0.585513	45.2182	43	1.05159	0.379471	0.149558	0.0448706	21	205	65	645	3
100	0.585528	49.7429	43	1.15681	0.222638	0.158435	0.0497292	21	205	65	645	3
102	0.585569	60.9969	43	1.41853	0.0366374	0.168654	0.0556276	21	205	65	645	3
103	0.585545	46.3864	43	1.07875	0.334507	0.15457	0.0525641	21	205	65	645	3
104	0.585499	45.6274	43	1.0611	0.363412	0.200036	0.0438256	21	205	65	645	3
105	0.585536	45.6004	43	1.06047	0.364461	0.173421	0.0442237	21	205	65	645	3
106	0.585507	53.0514	43	1.23375	0.14007	0.248671	0.0487523	21	205	65	645	3
108	0.585546	48.72	43	1.13302	0.253791	0.126284	0.0448682	21	205	65	645	3
109	0.585526	47.7903	43	1.1114	0.28439	0.14908	0.0578294	21	205	65	645	3
110	0.585524	38.1379	43	0.886928	0.681823	0.149763	0.0482513	21	205	65	645	3
111	0.585508	49.1244	43	1.14243	0.241159	0.186316	0.0475993	21	205	65	645	3
112	0.585538	41.4004	43	0.962799	0.540816	0.234154	0.0546453	21	205	65	645	3
113	0.585481	59.1073	43	1.37459	0.051791	0.230063	0.0516174	21	205	65	645	3
114	0.585522	38.0949	43	0.885928	0.683613	0.192457	0.0530252	21	205	65	645	3
115	0.585495	43.2013	43	1.00468	0.462707	0.140603	0.076417	21	205	65	645	3
116	0.585515	78.0274	43	1.81459	0.000859717	0.201862	0.0524445	21	205	65	645	3
117	0.585601	48.5624	43	1.12936	0.258829	0.232166	0.0493984	21	205	65	645	3
118	0.585523	43.3771	43	1.00877	0.455231	0.185395	0.0490846	21	205	65	645	3
119	0.585478	44.8886	43	1.04392	0.392637	0.245882	0.0531133	21	205	65	645	3
120	0.585501	45.4072	43	1.05598	0.372015	0.154569	0.0520146	21	205	65	645	3
80	0.581367	40.5338	42	0.965092	0.535394	0.138621	0.0394026	22	215	65	645	3
81	0.581358	36.2618	42	0.863376	0.720199	0.148891	0.0398927	22	215	65	645	3
82	0.581442	28.2185	42	0.671869	0.948894	0.160398	0.0428379	22	215	65	645	3
83	0.581423	45.7161	42	1.08848	0.320471	0.174472	0.0440278	22	215	65	645	3
84	0.581446	51.2949	42	1.22131	0.154032	0.196506	0.0459449	22	215	65	645	3
85	0.581364	39.9	42	0.949999	0.563536	0.139661	0.0498299	22	215	65	645	3
86	0.58143	40.8546	42	0.972728	0.521192	0.141477	0.064676	22	215	65	645	3
87	0.581378	35.4032	42	0.842934	0.754121	0.190254	0.0542778	22	215	65	645	3
88	0.581357	48.2969	42	1.14993	0.233494	0.165265	0.0453783	22	215	65	645	3
89	0.581391	30.4514	42	0.725033	0.907237	0.191438	0.0469606	22	215	65	645	3
90	0.581435	58.3079	42	1.38828	0.048355	0.12795	0.0461542	22	215	65	645	3
92	0.581433	55.955	42	1.33226	0.0733034	0.183298	0.0665471	22	215	65	645	3
94	0.581457	58.2233	42	1.38627	0.0491061	0.167477	0.0576804	22	215	65	645	3
95	0.58148	54.3947	42	1.29511	0.0951687	0.0722279	0.0570844	22	215	65	645	3
96	0.58142	52.1758	42	1.24228	0.135028	0.207178	0.0491846	22	215	65	645	3
97	0.581427	64.1294	42	1.52689	0.0155188	0.209791	0.0514256	22	215	65	645	3
98	0.581416	28.5832	42	0.680553	0.943222	0.213865	0.0491897	22	215	65	645	3
99	0.58139	45.0201	42	1.07191	0.346668	0.155931	0.0473461	22	215	65	645	3
100	0.581397	49.4467	42	1.1773	0.200253	0.166935	0.0525195	22	215	65	645	3
102	0.581427	58.9194	42	1.40284	0.0432148	0.143592	0.0568959	22	215	65	645	3
103	0.58143	46.1448	42	1.09869	0.304885	0.1465	0.0546891	22	215	65	645	3
104	0.581393	42.0827	42	1.00197	0.467391	0.173933	0.0448411	22	215	65	645	3
105	0.581448	37.8415	42	0.900987	0.654022	0.134044	0.044668	22	215	65	645	3
106	0.581407	51.164	42	1.21819	0.157018	0.22747	0.0501203	22	215	65	645	3
108	0.581444	48.4683	42	1.15401	0.228317	0.13371	0.0475873	22	215	65	645	3
109	0.581429	43.1855	42	1.02823	0.420426	0.108873	0.0584028	22	215	65	645	3
110	0.581398	38.118	42	0.907572	0.642059	0.147645	0.0505219	22	215	65	645	3
111	0.581402	48.5994	42	1.15713	0.224413	0.17531	0.0494696	22	215	65	645	3
112	0.581431	41.3799	42	0.985236	0.498038	0.231659	0.0572627	22	215	65	645	3
113	0.581379	55.43	42	1.31976	0.0801425	0.198501	0.0525912	22	215	65	645	3
114	0.581417	38.0688	42	0.9064	0.644193	0.195264	0.0557628	22	215	65	645	3
115	0.58137	40.0221	42	0.952908	0.558109	0.0998569	0.076593	22	215	65	645	3
116	0.581421	76.1021	42	1.81195	0.000995437	0.17954	0.0537254	22	215	65	645	3
117	0.581471	47.0829	42	1.12102	0.272326	0.251137	0.0526942	22	215	65	645	3
118	0.581385	43.2779	42	1.03043	0.416569	0.190254	0.0515547	22	215	65	645	3
119	0.581354	43.6632	42	1.0396	0.400632	0.228069	0.054595	22	215	65	645	3
120	0.581386	45.2796	42	1.07809	0.336774	0.148881	0.0541695	22	215	65	645	3
80	0.577277	37.6758	41	0.918923	0.619168	0.117522	0.0404944	23	225	65	645	3
81	0.577285	35.5886	41	0.868015	0.709376	0.138301	0.0415227	23	225	65	645	3
82	0.57735	26.3588	41	0.642898	0.96303	0.141799	0.044174	23	225	65	645	3
83	0.577338	43.8186	41	1.06875	0.352826	0.154798	0.0454307	23	225	65	645	3
84	0.577352	48.5281	41	1.18361	0.195462	0.172024	0.0471467	23	225	65	645	3
85	0.577264	39.8833	41	0.972763	0.520172	0.137698	0.0521742	23	225	65	645	3
86	0.577336	40.6917	41	0.99248	0.484199	0.149986	0.0685475	23	225	65	645	3
87	0.577281	35.3968	41	0.863336	0.717311	0.188969	0.0568103	23	225	65	645	3
88	0.577262	47.633	41	1.16178	0.220914	0.153161	0.0472151	23	225	65	645	3
89	0.577282	30.429	41	0.742172	0.887002	0.189304	0.0492017	23	225	65	645	3
90	0.577328	58.307	41	1.42212	0.0387669	0.128674	0.0484807	23	225	65	645	3
92	0.577328	55.389	41	1.35095	0.0660873	0.167464	0.0687913	23	225	65	645	3
94	0.577356	58.2247	41	1.42011	0.0393759	0.167851	0.0605843	23	225	65	645	3
95	0.577359	53.5749	41	1.30671	0.0901736	0.0562482	0.0588166	23	225	65	645	3
96	0.577319	49.1496	41	1.19877	0.17905	0.181801	0.0501162	23	225	65	645	3
97	0.577331	63.7996	41	1.55609	0.0128108	0.200642	0.0534527	23	225	65	645	3
98	0.577306	28.4891	41	0.694856	0.930338	0.218761	0.0518516	23	225	65	645	3
99	0.57728	44.8732	41	1.09447	0.312739	0.161863	0.0500401	23	225	65	645	3
100	0.577305	48.9896	41	1.19487	0.183179	0.178668	0.0559255	23	225	65	645	3
102	0.577338	56.5655	41	1.37965	0.0535577	0.116474	0.0580291	23	225	65	645	3
103	0.57734	43.7519	41	1.06712	0.355448	0.120013	0.0558489	23	225	65	645	3
104	0.577285	38.4486	41	0.93777	0.584622	0.148038	0.0457219	23	225	65	645	3
105	0.577357	37.803	41	0.922026	0.613506	0.13117	0.0469277	23	225	65	645	3
106	0.577303	50.0425	41	1.22055	0.157252	0.210909	0.0517411	23	225	65	645	3
108	0.577333	47.9645	41	1.16987	0.211237	0.123164	0.049383	23	225	65	645	3
109	0.577327	43.1857	41	1.05331	0.378052	0.108631	0.0613061	23	225	65	645	3
110	0.577311	33.7233	41	0.822519	0.782861	0.114391	0.0512548	23	225	65	645	3
111	0.577297	46.6884	41	1.13874	0.250102	0.154195	0.0507608	23	225	65	645	3
112	0.577339	40.6693	41	0.991934	0.485189	0.247082	0.0609722	23	225	65	645	3
113	0.577284	52.4725	41	1.27982	0.10803	0.169717	0.0537029	23	225	65	645	3
114	0.577304	37.4623	41	0.913714	0.628646	0.208884	0.0591887	23	225	65	645	3
115	0.577302	40.0141	41	0.975953	0.514322	0.102327	0.0812358	23	225	65	645	3
116	0.577321	75.6538	41	1.84522	0.000794807	0.191499	0.0572557	23	225	65	645	3
117	0.577364	45.9476	41	1.12067	0.274647	0.233124	0.0544104	23	225	65	645	3
118	0.577283	42.9961	41	1.04868	0.38577	0.181898	0.0535531	23	225	65	645	3
119	0.577265	40.449	41	0.986561	0.494947	0.197752	0.0555681	23	225	65	645	3
120	0.577298	45.1496	41	1.10121	0.302666	0.155211	0.0572393	23	225	65	645	3
80	0.573209	37.5518	40	0.938795	0.581018	0.112762	0.042523	24	235	65	645	3
81	0.573214	34.5273	40	0.863181	0.714552	0.124448	0.0430896	24	235	65	645	3
82	0.57328	26.0453	40	0.651134	0.956712	0.133915	0.046071	24	235	65	645	3
83	0.573259	41.7749	40	1.04437	0.393606	0.13369	0.0468248	24	235	65	645	3
84	0.573272	44.393	40	1.10983	0.291773	0.141348	0.0480759	24	235	65	645	3
85	0.573196	39.2195	40	0.980487	0.505223	0.124229	0.0540647	24	235	65	645	3
86	0.573265	39.1265	40	0.978163	0.509422	0.121108	0.0703238	24	235	65	645	3
87	0.573205	33.5932	40	0.839829	0.752669	0.164658	0.0582903	24	235	65	645	3
88	0.573189	43.6746	40	1.09186	0.318124	0.123132	0.0481563	24	235	65	645	3
89	0.573204	26.9823	40	0.674557	0.942427	0.160023	0.0502661	24	235	65	645	3
90	0.573252	57.6028	40	1.44007	0.0352544	0.115425	0.0503582	24	235	65	645	3
92	0.573244	54.7369	40	1.36842	0.0602566	0.150922	0.0707233	24	235	65	645	3
94	0.573288	55.7168	40	1.39292	0.0503871	0.136638	0.0618297	24	235	65	645	3
95	0.573282	45.2489	40	1.13122	0.262122	0.116955	0.0664137	24	235	65	645	3
96	0.57324	49.1348	40	1.22837	0.152489	0.179805	0.0526201	24	235	65	645	3
97	0.573257	63.4732	40	1.58683	0.0104881	0.190304	0.0559049	24	235	65	645	3
98	0.573255	27.2549	40	0.681372	0.937715	0.199247	0.0537615	24	235	65	645	3
99	0.573203	43.1351	40	1.07838	0.338741	0.141192	0.0514386	24	235	65	645	3
100	0.573223	41.4343	40	1.03586	0.407927	0.13071	0.0559373	24	235	65	645	3
102	0.573261	54.5854	40	1.36464	0.0619201	0.0901231	0.0594148	24	235	65	645	3
103	0.573248	43.7382	40	1.09345	0.315739	0.118046	0.0584475	24	235	65	645	3
104	0.573213	38.212	40	0.955299	0.550951	0.155645	0.0486543	24	235	65	645	3
105	0.573297	35.2953	40	0.882384	0.681816	0.10672	0.0482416	24	235	65	645	3
106	0.573241	45.5149	40	1.13787	0.253303	0.175574	0.0525654	24	235	65	645	3
108	0.573263	45.5621	40	1.13905	0.251758	0.0990475	0.0505811	24	235	65	645	3
109	0.573253	42.6324	40	1.06581	0.358557	0.124061	0.0657188	24	235	65	645	3
110	0.573237	33.4568	40	0.836419	0.758054	0.105632	0.0535555	24	235	65	645	3
111	0.573217	45.6499	40	1.14125	0.248898	0.13775	0.0524569	24	235	65	645	3
112	0.573277	38.8801	40	0.972002	0.520576	0.220547	0.0625963	24	235	65	645	3
113	0.573205	52.2845	40	1.30711	0.0923293	0.162189	0.0560974	24	235	65	645	3
114	0.573232	37.4443	40	0.936109	0.585907	0.206273	0.0622133	24	235	65	645	3
115	0.573268	37.4277	40	0.935692	0.586664	0.0583147	0.0819931	24	235	65	645	3
116	0.573261	72.7974	40	1.81993	0.00116486	0.159508	0.0584985	24	235	65	645	3
117	0.573281	43.788	40	1.0947	0.313877	0.208232	0.0557282	24	235	65	645	3
118	0.573212	42.9911	40	1.07478	0.344359	0.183413	0.0565773	24	235	65	645	3
119	0.573186	37.664	40	0.9416	0.575912	0.169069	0.0566363	24	235	65	645	3
120	0.573221	42.0256	40	1.05064	0.383206	0.123739	0.058156	24	235	65	645	3
80	0.569168	37.5144	39	0.961907	0.537677	0.110069	0.0447039	25	245	65	645	3
81	0.569184	34.216	39	0.877332	0.687648	0.116386	0.0451228	25	245	65	645	3
82	0.569225	25.7397	39	0.659992	0.949311	0.142383	0.0489288	25	245	65	645	3
83	0.569219	41.5207	39	1.06463	0.361419	0.125765	0.0490539	25	245	65	645	3
84	0.569236	44.2605	39	1.13489	0.259285	0.135612	0.0503831	25	245	65	645	3
85	0.569161	38.7398	39	0.993329	0.481618	0.136907	0.0577844	25	245	65	645	3
86	0.569206	39.1047	39	1.00268	0.465175	0.117861	0.0735969	25	245	65	645	3
87	0.569154	33.4915	39	0.858755	0.718797	0.171054	0.0619599	25	245	65	645	3
88	0.569168	42.1379	39	1.08046	0.336777	0.102324	0.0499669	25	245	65	645	3
89	0.569153	25.9929	39	0.666484	0.945244	0.14353	0.0521324	25	245	65	645	3
90	0.569219	57.0588	39	1.46305	0.0309481	0.102806	0.052549	25	245	65	645	3
92	0.56918	54.7294	39	1.40332	0.0485492	0.153173	0.0747195	25	245	65	645	3
94	0.569249	52.3953	39	1.34347	0.0742461	0.100783	0.0626654	25	245	65	645	3
95	0.569222	40.7414	39	1.04465	0.393727	0.0744945	0.0665226	25	245	65	645	3
96	0.569181	48.1636	39	1.23496	0.149146	0.162934	0.0544946	25	245	65	645	3
97	0.569225	63.4722	39	1.62749	0.00791779	0.189477	0.0588119	25	245	65	645	3
98	0.569223	27.2327	39	0.698275	0.922015	0.19664	0.0565694	25	245	65	645	3
99	0.569153	43.1253	39	1.10578	0.299265	0.139538	0.0540654	25	245	65	645	3
100	0.569164	40.0021	39	1.0257	0.425467	0.108168	0.0577526	25	245	65	645	3
102	0.569218	54.0525	39	1.38596	0.0550676	0.075936	0.061671	25	245	65	645	3
103	0.569189	43.5298	39	1.11615	0.284623	0.109425	0.0609768	25	245	65	645	3
104	0.569165	34.9224	39	0.895446	0.656378	0.127442	0.0497297	25	245	65	645	3
105	0.569232	34.6812	39	0.889262	0.667138	0.0946053	0.0501078	25	245	65	645	3
106	0.569183	45.1864	39	1.15863	0.229301	0.165751	0.0548326	25	245	65	645	3
108	0.569236	44.4249	39	1.1391	0.253788	0.0810777	0.0523848	25	245	65	645	3
109	0.569209	42.5744	39	1.09165	0.319894	0.129724	0.0701121	25	245	65	645	3
110	0.569188	31.8088	39	0.815609	0.786309	0.0837804	0.0550228	25	245	65	645	3
111	0.569189	43.4697	39	1.11461	0.286771	0.111882	0.0539388	25	245	65	645	3
112	0.569236	38.8173	39	0.995317	0.478113	0.215049	0.0659615	25	245	65	645	3
113	0.569157	48.7646	39	1.25038	0.13589	0.129158	0.056977	25	245	65	645	3
114	0.569188	35.5941	39	0.912669	0.626024	0.178584	0.063798	25	245	65	645	3
115	0.569226	36.8911	39	0.945925	0.566439	0.0784953	0.0883093	25	245	65	645	3
116	0.569211	71.3622	39	1.8298	0.0011926	0.136622	0.0602335	25	245	65	645	3
117	0.569228	42.6018	39	1.09235	0.318848	0.188338	0.0576022	25	245	65	645	3
118	0.569174	38.4391	39	0.985617	0.495275	0.143538	0.057358	25	245	65	645	3
119	0.569144	34.2872	39	0.87916	0.68453	0.136303	0.0575607	25	245	65	645	3
120	0.569193	39.7833	39	1.02008	0.43504	0.0949855	0.0595471	25	245	65	645	3
80	0.565144	37.2865	38	0.981225	0.502262	0.117262	0.0474863	26	255	65	645	3
81	0.565172	34.1372	38	0.898347	0.648708	0.112011	0.047576	26	255	65	645	3
82	0.565219	24.9188	38	0.655758	0.949448	0.15795	0.0526364	26	255	65	645	3
83	0.565195	41.4671	38	1.09124	0.321964	0.129729	0.0520358	26	255	65	645	3
84	0.565219	42.9557	38	1.13041	0.26722	0.11605	0.0522387	26	255	65	645	3
85	0.565169	38.6824	38	1.01796	0.438701	0.141757	0.0614382	26	255	65	645	3
86	0.565193	38.0405	38	1.00107	0.467641	0.0928258	0.0756526	26	255	65	645	3
87	0.565135	33.3381	38	0.877317	0.68473	0.179372	0.0659587	26	255	65	645	3
88	0.565161	41.4851	38	1.09171	0.321267	0.116762	0.0538206	26	255	65	645	3
89	0.565155	25.5681	38	0.672844	0.938388	0.131865	0.0545393	26	255	65	645	3
90	0.565204	50.7449	38	1.33539	0.080883	0.0589177	0.0530214	26	255	65	645	3
92	0.565169	54.4821	38	1.43374	0.0405074	0.140618	0.0779747	26	255	65	645	3
94	0.565209	50.5071	38	1.32913	0.0843174	0.0726656	0.0641403	26	255	65	645	3
95	0.565207	40.6641	38	1.07011	0.353883	0.0680351	0.069994	26	255	65	645	3
96	0.565173	44.0411	38	1.15898	0.231197	0.126571	0.0554013	26	255	65	645	3
97	0.565211	62.2069	38	1.63702	0.00789885	0.212242	0.0635375	26	255	65	645	3
98	0.565204	27.0632	38	0.71219	0.906869	0.189216	0.0590871	26	255	65	645	3
99	0.565129	41.2764	38	1.08622	0.329398	0.115201	0.0556475	26	255	65	645	3
100	0.56515	35.3537	38	0.930361	0.59246	0.0682888	0.0583152	26	255	65	645	3
102	0.565211	52.4453	38	1.38014	0.0595678	0.0490264	0.063495	26	255	65	645	3
103	0.565185	43.2671	38	1.13861	0.256541	0.120373	0.0652968	26	255	65	645	3
104	0.565132	34.8093	38	0.916035	0.617782	0.133148	0.0527761	26	255	65	645	3
105	0.565212	33.8731	38	0.891398	0.660716	0.0800943	0.0519384	26	255	65	645	3
106	0.565166	45.1873	38	1.18914	0.196839	0.166157	0.0579612	26	255	65	645	3
108	0.565206	44.4241	38	1.16906	0.219291	0.0806249	0.0551862	26	255	65	645	3
109	0.565203	41.9247	38	1.10328	0.3045	0.110369	0.0727523	26	255	65	645	3
110	0.565167	30.6283	38	0.806008	0.796607	0.0644124	0.0567713	26	255	65	645	3
111	0.565179	43.4084	38	1.14233	0.251786	0.107248	0.0568583	26	255	65	645	3
112	0.565227	35.1899	38	0.92605	0.600098	0.172132	0.0669695	26	255	65	645	3
113	0.565129	45.5333	38	1.19824	0.187212	0.0968592	0.057919	26	255	65	645	3
114	0.565165	35.2036	38	0.926409	0.599462	0.165913	0.0662242	26	255	65	645	3
115	0.565215	35.832	38	0.942949	0.570105	0.0486972	0.0902328	26	255	65	645	3
116	0.565201	68.2496	38	1.79604	0.00186339	0.100482	0.061432	26	255	65	645	3
117	0.565193	38.908	38	1.02389	0.428675	0.153338	0.058473	26	255	65	645	3
118	0.565164	36.2373	38	0.953614	0.55114	0.114617	0.0589203	26	255	65	645	3
119	0.565152	30.6081	38	0.805475	0.797365	0.0984757	0.0586423	26	255	65	645	3
120	0.565169	39.7033	38	1.04482	0.394035	0.0895152	0.0623311	26	255	65	645	3
80	0.561167	37.1143	37	1.00309	0.463804	0.124275	0.0507235	27	265	65	645	3
81	0.561193	29.6283	37	0.800765	0.80027	0.0778016	0.048588	27	265	65	645	3
82	0.561234	24.5313	37	0.663009	0.942302	0.169418	0.0563581	27	265	65	645	3
83	0.561208	40.6825	37	1.09953	0.311491	0.114115	0.0541593	27	265	65	645	3
84	0.561246	42.4088	37	1.14618	0.24914	0.102258	0.054747	27	265	65	645	3
85	0.561203	38.218	37	1.03292	0.413928	0.156739	0.0661846	27	265	65	645	3
86	0.561202	38.041	37	1.02814	0.421789	0.0923949	0.079994	27	265	65	645	3
87	0.561163	29.7047	37	0.802829	0.797381	0.137459	0.0668383	27	265	65	645	3
88	0.561188	40.4485	37	1.0932	0.320582	0.0973572	0.0560483	27	265	65	645	3
89	0.56117	25.0811	37	0.677867	0.931981	0.119585	0.0567105	27	265	65	645	3
90	0.561216	48.5002	37	1.31082	0.097687	0.0874821	0.057985	27	265	65	645	3
92	0.561188	54.1905	37	1.46461	0.0338041	0.155246	0.083684	27	265	65	645	3
94	0.561209	49.5628	37	1.33954	0.0811608	0.0939542	0.0692412	27	265	65	645	3
95	0.561209	40.6324	37	1.09817	0.313427	0.0724439	0.0744183	27	265	65	645	3
96	0.561189	44.0369	37	1.19019	0.198305	0.125189	0.0587121	27	265	65	645	3
97	0.561231	60.9555	37	1.64745	0.00784798	0.188178	0.0656381	27	265	65	645	3
98	0.561219	27.0594	37	0.731336	0.884854	0.187996	0.0624569	27	265	65	645	3
99	0.56114	41.2644	37	1.11525	0.289534	0.113164	0.0586006	27	265	65	645	3
100	0.561165	33.6987	37	0.910776	0.624616	0.0422967	0.0601513	27	265	65	645	3
102	0.561216	52.3852	37	1.41582	0.0481873	0.054451	0.0675488	27	265	65	645	3
103	0.561198	39.5305	37	1.06839	0.357602	0.0788097	0.0660288	27	265	65	645	3
104	0.561155	34.7716	37	0.939773	0.573952	0.136781	0.0560701	27	265	65	645	3
105	0.561225	33.8442	37	0.914708	0.617788	0.0832602	0.055265	27	265	65	645	3
106	0.561177	41.6052	37	1.12447	0.27711	0.128915	0.0590922	27	265	65	645	3
108	0.561213	44.2476	37	1.19588	0.192299	0.0725913	0.0579852	27	265	65	645	3
109	0.561207	41.8711	37	1.13165	0.267648	0.116373	0.0775891	27	265	65	645	3
110	0.561172	29.3001	37	0.791894	0.81246	0.0425993	0.0585815	27	265	65	645	3
111	0.561217	40.4178	37	1.09237	0.321784	0.0738844	0.05812	27	265	65	645	3
112	0.561251	34.7824	37	0.940064	0.573442	0.157306	0.0699372	27	265	65	645	3
113	0.561151	44.3067	37	1.19748	0.190639	0.0751447	0.0598778	27	265	65	645	3
114	0.561189	34.9814	37	0.945443	0.563999	0.154979	0.0694781	27	265	65	645	3
115	0.561237	35.701	37	0.964893	0.529885	0.0371143	0.0946389	27	265	65	645	3
116	0.561204	67.9522	37	1.83655	0.00143221	0.111739	0.0655175	27	265	65	645	3
117	0.561223	36.2554	37	0.979875	0.503759	0.120214	0.0599794	27	265	65	645	3
118	0.561208	36.1598	37	0.977292	0.508248	0.10867	0.0622979	27	265	65	645	3
119	0.561153	30.4865	37	0.82396	0.7667	0.105457	0.0623552	27	265	65	645	3
120	0.56119	39.5436	37	1.06875	0.357058	0.0982245	0.0665649	27	265	65	645	3
80	0.557207	36.8239	36	1.02289	0.430584	0.115232	0.0530283	28	275	65	645	3
81	0.557224	29.5878	36	0.821883	0.766076	0.0811607	0.0514685	28	275	65	645	3
82	0.557268	23.7972	36	0.661034	0.940838	0.186292	0.0606418	28	275	65	645	3
83	0.557272	39.4617	36	1.09616	0.317879	0.0935421	0.0561723	28	275	65	645	3
84	0.557283	38.4096	36	1.06693	0.360877	0.066636	0.0556306	28	275	65	645	3
85	0.557249	37.1914	36	1.0331	0.413969	0.181111	0.0720507	28	275	65	645	3
86	0.557236	37.7124	36	1.04757	0.390867	0.077744	0.0833551	28	275	65	645	3
87	0.557212	29.4452	36	0.817923	0.771912	0.14912	0.0714145	28	275	65	645	3
88	0.557226	36.8559	36	1.02378	0.429127	0.133345	0.0613098	28	275	65	645	3
89	0.55721	25.0522	36	0.695895	0.914616	0.116339	0.0597961	28	275	65	645	3
90	0.55728	48.0707	36	1.3353	0.0860417	0.0737806	0.0608407	28	275	65	645	3
92	0.55724	52.599	36	1.46108	0.0364727	0.120059	0.085341	28	275	65	645	3
94	0.557252	49.5617	36	1.37671	0.0656337	0.0928844	0.0729647	28	275	65	645	3
95	0.557257	37.4127	36	1.03924	0.40409	0.0290973	0.0749427	28	275	65	645	3
96	0.557251	43.8921	36	1.21922	0.171817	0.117509	0.0616648	28	275	65	645	3
97	0.557289	59.9754	36	1.66598	0.00731211	0.165571	0.0680698	28	275	65	645	3
98	0.557281	26.9955	36	0.749874	0.861022	0.193921	0.0670458	28	275	65	645	3
99	0.557183	38.3013	36	1.06393	0.365459	0.0802588	0.0597255	28	275	65	645	3
100	0.557203	33.209	36	0.922473	0.602042	0.0565698	0.0644555	28	275	65	645	3
102	0.557274	52.2307	36	1.45085	0.0392635	0.0639842	0.0724357	28	275	65	645	3
103	0.557259	39.0276	36	1.0841	0.33527	0.0627443	0.068753	28	275	65	645	3
104	0.557218	34.6702	36	0.963062	0.531792	0.143083	0.0597564	28	275	65	645	3
105	0.557256	33.2757	36	0.924324	0.598849	0.0973928	0.0591762	28	275	65	645	3
106	0.557223	41.5801	36	1.155	0.240677	0.132253	0.0626693	28	275	65	645	3
108	0.557256	43.2907	36	1.20252	0.188171	0.0932672	0.0629922	28	275	65	645	3
109	0.557261	41.8711	36	1.16309	0.231115	0.115718	0.0820691	28	275	65	645	3
110	0.55721	29.1485	36	0.80968	0.783851	0.0351537	0.06123	28	275	65	645	3
111	0.55726	36.8322	36	1.02312	0.430208	0.0374222	0.0590738	28	275	65	645	3
112	0.557301	33.7734	36	0.93815	0.574931	0.133096	0.072331	28	275	65	645	3
113	0.557214	40.9382	36	1.13717	0.262676	0.0365525	0.0610814	28	275	65	645	3
114	0.557224	34.5534	36	0.959817	0.5374	0.139615	0.0723331	28	275	65	645	3
115	0.557279	33.4968	36	0.930466	0.588234	0.0868081	0.105522	28	275	65	645	3
116	0.557256	67.6314	36	1.87865	0.00109698	0.124524	0.0701478	28	275	65	645	3
117	0.557284	36.1964	36	1.00546	0.45948	0.125629	0.0642584	28	275	65	645	3
118	0.557261	35.9464	36	0.998512	0.471156	0.0985866	0.0654045	28	275	65	645	3
119	0.557198	30.1256	36	0.836821	0.743517	0.118453	0.066831	28	275	65	645	3
120	0.557235	39.2009	36	1.08892	0.328266	0.0847512	0.0695407	28	275	65	645	3
80	0.553297	36.6225	35	1.04636	0.393391	0.12373	0.0567417	29	285	65	645	3
81	0.553323	28.661	35	0.818885	0.766657	0.0631578	0.0538195	29	285	65	645	3
82	0.553338	23.3695	35	0.667699	0.933319	0.173109	0.0632264	29	285	65	645	3
83	0.553366	39.0425	35	1.1155	0.292953	0.0804334	0.0589743	29	285	65	645	3
84	0.553355	38.3549	35	1.09585	0.319885	0.0623333	0.0584477	29	285	65	645	3
85	0.553335	37.1225	35	1.06064	0.371408	0.174738	0.0757242	29	285	65	645	3
86	0.553347	37.6995	35	1.07713	0.346789	0.0743397	0.0881438	29	285	65	645	3
87	0.553313	29.1862	35	0.833891	0.744293	0.135844	0.0750972	29	285	65	645	3
88	0.553305	35.081	35	1.00232	0.464361	0.104429	0.0632936	29	285	65	645	3
89	0.553286	24.0312	35	0.686605	0.918962	0.0966206	0.0617798	29	285	65	645	3
90	0.553368	47.6789	35	1.36225	0.0747825	0.0608163	0.0635135	29	285	65	645	3
92	0.553351	52.5441	35	1.50126	0.028721	0.112827	0.090088	29	285	65	645	3
94	0.553346	49.4578	35	1.41308	0.0534575	0.0842373	0.077068	29	285	65	645	3
95	0.553351	37.1756	35	1.06216	0.369106	0.0161054	0.0782632	29	285	65	645	3
96	0.553343	41.9974	35	1.19993	0.193554	0.0881233	0.0634518	29	285	65	645	3
97	0.553361	59.7422	35	1.70692	0.00568517	0.15403	0.0714028	29	285	65	645	3
98	0.553358	25.8709	35	0.739168	0.869079	0.169621	0.0693361	29	285	65	645	3
99	0.553281	35.8048	35	1.02299	0.430501	0.0459173	0.0614523	29	285	65	645	3
100	0.553284	33.0893	35	0.94541	0.560606	0.0491353	0.0675049	29	285	65	645	3
102	0.553368	51.3424	35	1.46693	0.0367882	0.0397223	0.0750697	29	285	65	645	3
103	0.55333	38.5645	35	1.10184	0.31153	0.0471896	0.0714045	29	285	65	645	3
104	0.553309	34.3772	35	0.982204	0.497999	0.13201	0.0625655	29	285	65	645	3
105	0.553332	33.1571	35	0.947346	0.557295	0.104292	0.062852	29	285	65	645	3
106	0.553301	39.7096	35	1.13456	0.268155	0.102478	0.064506	29	285	65	645	3
108	0.553336	37.0369	35	1.0582	0.375129	0.151935	0.0711025	29	285	65	645	3
109	0.553339	41.2435	35	1.17838	0.21633	0.0916992	0.0854987	29	285	65	645	3
110	0.553291	25.8025	35	0.737215	0.871196	-0.00183299	0.0621454	29	285	65	645	3
111	0.553333	36.7522	35	1.05006	0.387635	0.0315534	0.06228	29	285	65	645	3
112	0.553387	32.3869	35	0.925339	0.594899	0.103503	0.0744673	29	285	65	645	3
113	0.55331	40.9349	35	1.16957	0.226165	0.0379464	0.0649509	29	285	65	645	3
114	0.553313	34.4222	35	0.983491	0.49583	0.148814	0.0772805	29	285	65	645	3
115	0.553371	33.2495	35	0.949987	0.552781	0.105688	0.115026	29	285	65	645	3
116	0.553348	67.482	35	1.92806	0.000794849	0.134283	0.0752149	29	285	65	645	3
117	0.553367	33.3922	35	0.954062	0.545818	0.088517	0.0656083	29	285	65	645	3
118	0.553347	30.6231	35	0.874946	0.679407	0.0462076	0.0657841	29	285	65	645	3
119	0.553296	30.0732	35	0.859235	0.704798	0.123898	0.0712139	29	285	65	645	3
120	0.553336	38.3907	35	1.09688	0.318448	0.0620975	0.0723481	29	285	65	645	3
80	0.549425	36.0588	34	1.06055	0.372456	0.108093	0.0595654	30	295	65	645	3
81	0.549441	27.636	34	0.812822	0.771463	0.0440152	0.0560138	30	295	65	645	3
82	0.549474	23.0637	34	0.678344	0.922149	0.161108	0.0661962	30	295	65	645	3
83	0.549489	37.6274	34	1.10669	0.306632	0.0546965	0.0612832	30	295	65	645	3
84	0.549483	38.2444	34	1.12484	0.282686	0.0551242	0.0619255	30	295	65	645	3
85	0.54948	33.7674	34	0.993157	0.478976	0.125862	0.076724	30	295	65	645	3
86	0.549468	37.693	34	1.10862	0.304034	0.0716415	0.0935217	30	295	65	645	3
87	0.549443	27.2063	34	0.800186	0.78924	0.098668	0.0768764	30	295	65	645	3
88	0.549439	33.6905	34	0.990897	0.482703	0.0785744	0.0653758	30	295	65	645	3
89	0.549404	22.6639	34	0.666585	0.930966	0.122846	0.0674045	30	295	65	645	3
90	0.549486	45.6928	34	1.34391	0.0868058	0.093257	0.0697539	30	295	65	645	3
92	0.549466	49.6072	34	1.45904	0.040892	0.0616601	0.0903664	30	295	65	645	3
94	0.549476	49.0963	34	1.44401	0.0453243	0.0676229	0.0805928	30	295	65	645	3
95	0.549483	35.9024	34	1.05595	0.379375	-0.0182841	0.0810694	30	295	65	645	3
96	0.549465	41.6341	34	1.22453	0.172612	0.0743813	0.0665685	30	295	65	645	3
97	0.549498	59.7429	34	1.75714	0.00412776	0.154959	0.0763631	30	295	65	645	3
98	0.549476	24.6144	34	0.723953	0.881178	0.142349	0.0716834	30	295	65	645	3
99	0.549411	35.8029	34	1.05303	0.383811	0.0448466	0.0653465	30	295	65	645	3
100	0.549433	31.6397	34	0.930579	0.583831	0.019365	0.0696162	30	295	65	645	3
102	0.549487	50.4034	34	1.48245	0.0347411	0.0147311	0.0773339	30	295	65	645	3
103	0.54943	35.573	34	1.04626	0.394144	0.0899954	0.0788595	30	295	65	645	3
104	0.549436	33.0233	34	0.971275	0.515332	0.105577	0.0649352	30	295	65	645	3
105	0.549447	32.6154	34	0.959276	0.535464	0.0887419	0.065384	30	295	65	645	3
106	0.549429	34.4382	34	1.01289	0.446786	0.0504034	0.0650217	30	295	65	645	3
108	0.549464	36.9726	34	1.08743	0.333281	0.145497	0.0751473	30	295	65	645	3
109	0.549446	39.2219	34	1.15358	0.247169	0.135602	0.0948314	30	295	65	645	3
110	0.549415	25.5528	34	0.751554	0.851145	-0.0131243	0.065202	30	295	65	645	3
111	0.549459	36.2903	34	1.06736	0.362326	0.0469713	0.0673227	30	295	65	645	3
112	0.549504	31.4157	34	0.923992	0.594921	0.0775682	0.0770695	30	295	65	645	3
113	0.549445	40.0138	34	1.17688	0.220629	0.0153344	0.0674241	30	295	65	645	3
114	0.549414	31.712	34	0.932707	0.580245	0.105717	0.0783704	30	295	65	645	3
115	0.549506	33.1511	34	0.975032	0.509052	0.121227	0.125487	30	295	65	645	3
116	0.549469	64.5801	34	1.89942	0.00119414	0.0902013	0.0762961	30	295	65	645	3
117	0.54949	32.7697	34	0.963816	0.527835	0.0708951	0.0681906	30	295	65	645	3
118	0.549475	30.6231	34	0.900681	0.633924	0.0468149	0.0701412	30	295	65	645	3
119	0.549416	28.9018	34	0.850053	0.715716	0.152066	0.0778676	30	295	65	645	3
120	0.549471	38.364	34	1.12835	0.278179	0.0575038	0.0771954	30	295	65	645	3
80	0.545594	34.9662	33	1.05958	0.374804	0.132264	0.0653634	31	305	65	645	3
81	0.545604	26.7182	33	0.809643	0.771876	0.0254174	0.0582326	31	305	65	645	3
82	0.545635	21.9119	33	0.663996	0.929543	0.135475	0.0687548	31	305	65	645	3
83	0.545651	37.1967	33	1.12717	0.281796	0.0399082	0.0643849	31	305	65	645	3
84	0.54565	38.0694	33	1.15362	0.249578	0.0646455	0.0665908	31	305	65	645	3
85	0.545625	33.3645	33	1.01104	0.449549	0.143874	0.0831871	31	305	65	645	3
86	0.54562	37.4287	33	1.1342	0.272989	0.0893596	0.101387	31	305	65	645	3
87	0.545579	25.7952	33	0.781672	0.809849	0.129963	0.083761	31	305	65	645	3
88	0.545616	31.089	33	0.94209	0.562517	0.0402433	0.0670433	31	305	65	645	3
89	0.545567	22.5983	33	0.684798	0.913436	0.128929	0.0717899	31	305	65	645	3
90	0.545627	45.5365	33	1.37989	0.0718726	0.103306	0.0749094	31	305	65	645	3
92	0.545646	49.3204	33	1.49456	0.0337354	0.0800187	0.0983758	31	305	65	645	3
94	0.545629	49.0055	33	1.48501	0.0360307	0.0766036	0.086605	31	305	65	645	3
95	0.545644	35.8157	33	1.08532	0.337678	-0.0268075	0.086012	31	305	65	645	3
96	0.545611	39.2857	33	1.19048	0.208862	0.0392852	0.0680656	31	305	65	645	3
97	0.545647	58.1716	33	1.76277	0.00439136	0.190008	0.083996	31	305	65	645	3
98	0.545639	24.3582	33	0.738128	0.862117	0.128831	0.0755771	31	305	65	645	3
99	0.545575	35.4721	33	1.07491	0.352457	0.0314545	0.0685019	31	305	65	645	3
100	0.545599	31.3104	33	0.948801	0.551361	0.00527871	0.073174	31	305	65	645	3
102	0.545641	50.3774	33	1.52659	0.0269495	0.0103897	0.0817713	31	305	65	645	3
103	0.545576	34.341	33	1.04064	0.403312	0.121838	0.0865149	31	305	65	645	3
104	0.545595	32.9912	33	0.999732	0.467685	0.101384	0.0688068	31	305	65	645	3
105	0.545613	32.5771	33	0.987185	0.48804	0.0840693	0.0693454	31	305	65	645	3
106	0.545602	33.9144	33	1.02771	0.423276	0.0330172	0.0681638	31	305	65	645	3
108	0.545631	36.935	33	1.11924	0.291933	0.140367	0.0794229	31	305	65	645	3
109	0.545631	29.6363	33	0.89807	0.635373	0.032958	0.0910342	31	305	65	645	3
110	0.545555	24.9419	33	0.755815	0.841961	0.00529323	0.0705809	31	305	65	645	3
111	0.54561	35.3529	33	1.0713	0.357662	0.0230702	0.0700542	31	305	65	645	3
112	0.545653	30.8516	33	0.934896	0.574481	0.057707	0.0799832	31	305	65	645	3
113	0.545607	38.7338	33	1.17375	0.226728	0.0443021	0.0741318	31	305	65	645	3
114	0.545565	31.7125	33	0.960985	0.531143	0.105926	0.083395	31	305	65	645	3
115	0.545692	30.4535	33	0.922833	0.59452	0.0397049	0.124814	31	305	65	645	3
116	0.54562	62.639	33	1.89815	0.00139009	0.0533666	0.077968	31	305	65	645	3
117	0.545667	32.1949	33	0.975603	0.507012	0.0913144	0.0747682	31	305	65	645	3
118	0.545639	30.6124	33	0.927647	0.586527	0.0440218	0.0747041	31	305	65	645	3
119	0.54557	28.539	33	0.864819	0.688947	0.135748	0.0812774	31	305	65	645	3
120	0.54563	38.1444	33	1.15589	0.246925	0.0443557	0.0811266	31	305	65	645	3
80	0.541789	34.6744	32	1.08357	0.341524	0.119511	0.0687295	32	315	65	645	3
81	0.5418	26.5844	32	0.830762	0.737199	0.0172406	0.0614565	32	315	65	645	3
82	0.541841	21.151	32	0.660969	0.928306	0.112685	0.0720263	32	315	65	645	3
83	0.541862	36.5511	32	1.14222	0.265502	0.0196443	0.0674994	32	315	65	645	3
84	0.541856	37.9988	32	1.18746	0.214834	0.0715767	0.0719671	32	315	65	645	3
85	0.541826	29.0695	32	0.908422	0.615631	0.0828065	0.0833547	32	315	65	645	3
86	0.541829	36.6341	32	1.14481	0.262407	0.125095	0.112742	32	315	65	645	3
87	0.541787	25.7277	32	0.80399	0.775525	0.121722	0.0888884	32	315	65	645	3
88	0.541797	30.111	32	0.94097	0.562403	0.063567	0.0727497	32	315	65	645	3
89	0.541768	22.11	32	0.690938	0.904432	0.148017	0.0781778	32	315	65	645	3
90	0.54184	43.1286	32	1.34777	0.0905238	0.0613997	0.0765359	32	315	65	645	3
92	0.541838	49.1155	32	1.53486	0.0270741	0.0958138	0.106602	32	315	65	645	3
94	0.541822	48.9499	32	1.52969	0.0280648	0.0838676	0.0924173	32	315	65	645	3
95	0.541845	35.7604	32	1.11751	0.296161	-0.0201764	0.0920628	32	315	65	645	3
96	0.541802	37.4014	32	1.16879	0.234876	0.00603302	0.0699356	32	315	65	645	3
97	0.541865	53.495	32	1.67172	0.00997809	0.122044	0.0842686	32	315	65	645	3
98	0.541818	22.0608	32	0.6894	0.905765	0.0885708	0.0771716	32	315	65	645	3
99	0.541764	35.361	32	1.10503	0.312419	0.0233479	0.0721197	32	315	65	645	3
100	0.541807	31.3082	32	0.97838	0.501399	0.00669398	0.0785462	32	315	65	645	3
102	0.541842	47.1311	32	1.47285	0.0412713	0.0688644	0.0931165	32	315	65	645	3
103	0.541781	33.9223	32	1.06007	0.374982	0.102617	0.0899162	32	315	65	645	3
104	0.541781	32.8032	32	1.0251	0.427454	0.112203	0.0739206	32	315	65	645	3
105	0.54182	32.3046	32	1.00952	0.451708	0.070675	0.0730333	32	315	65	645	3
106	0.541821	33.7897	32	1.05593	0.381041	0.0237607	0.0723331	32	315	65	645	3
108	0.541826	36.7556	32	1.14861	0.257915	0.127885	0.0837966	32	315	65	645	3
109	0.541817	29.6274	32	0.925858	0.587164	0.0296062	0.0970196	32	315	65	645	3
110	0.541749	24.6931	32	0.771659	0.818265	-0.00798365	0.0744204	32	315	65	645	3
111	0.541814	35.1495	32	1.09842	0.321228	0.0350336	0.075788	32	315	65	645	3
112	0.541854	30.7344	32	0.960451	0.530528	0.0472833	0.0846934	32	315	65	645	3
113	0.541822	38.6942	32	1.20919	0.193039	0.0502256	0.0802411	32	315	65	645	3
114	0.541753	31.7125	32	0.991014	0.481071	0.106719	0.0885668	32	315	65	645	3
115	0.541871	30.2099	32	0.944058	0.557342	0.0172892	0.12964	32	315	65	645	3
116	0.541828	60.7205	32	1.89752	0.00160907	0.0149241	0.0796361	32	315	65	645	3
117	0.541859	32.1873	32	1.00585	0.457482	0.0938648	0.079932	32	315	65	645	3
118	0.541831	28.7099	32	0.897183	0.633857	0.00546038	0.0768114	32	315	65	645	3
119	0.541765	27.8877	32	0.871489	0.674905	0.112353	0.0844766	32	315	65	645	3
120	0.541828	37.2427	32	1.16384	0.240404	0.0745886	0.0897405	32	315	65	645	3
80	0.538032	34.422	31	1.11039	0.307267	0.106821	0.0724132	33	325	65	645	3
81	0.538034	26.2162	31	0.845683	0.710902	0.00456127	0.0644077	33	325	65	645	3
82	0.538058	21.0466	31	0.678924	0.910675	0.121158	0.0772119	33	325	65	645	3
83	0.538099	34.6634	31	1.11817	0.297333	-0.0138347	0.0695543	33	325	65	645	3
84	0.538083	37.9733	31	1.22495	0.181392	0.0672508	0.0766304	33	325	65	645	3
85	0.53806	28.1814	31	0.909077	0.611787	0.112132	0.0914851	33	325	65	645	3
86	0.538058	36.2975	31	1.17089	0.23529	0.149041	0.122747	33	325	65	645	3
87	0.538029	25.5338	31	0.823671	0.743348	0.136223	0.0960485	33	325	65	645	3
88	0.538038	30.0396	31	0.96902	0.515251	0.0561416	0.0773509	33	325	65	645	3
89	0.538033	21.6478	31	0.698316	0.893765	0.127812	0.0821207	33	325	65	645	3
90	0.53807	42.146	31	1.35955	0.0873922	0.0342161	0.0792436	33	325	65	645	3
92	0.538069	48.7796	31	1.57353	0.0221224	0.120176	0.116662	33	325	65	645	3
94	0.538054	48.1215	31	1.55231	0.0256193	0.115284	0.101624	33	325	65	645	3
95	0.538069	33.6408	31	1.08519	0.340715	0.0303637	0.103374	33	325	65	645	3
96	0.538043	37.2054	31	1.20017	0.204865	-0.00562293	0.0738798	33	325	65	645	3
97	0.538095	52.1198	31	1.68129	0.0101735	0.0869424	0.0865745	33	325	65	645	3
98	0.538053	21.655	31	0.698548	0.893551	0.10672	0.0836848	33	325	65	645	3
99	0.537996	33.8097	31	1.09064	0.333319	0.0567654	0.0795153	33	325	65	645	3
100	0.538045	25.0382	31	0.807684	0.766007	0.0837912	0.0909022	33	325	65	645	3
102	0.538071	45.2701	31	1.46033	0.0471565	0.118206	0.104667	33	325	65	645	3
103	0.538027	32.3365	31	1.04311	0.400576	0.146612	0.100484	33	325	65	645	3
104	0.538036	29.9816	31	0.96715	0.518245	0.0668979	0.0754139	33	325	65	645	3
105	0.538069	29.8501	31	0.962907	0.525047	0.0277248	0.0748557	33	325	65	645	3
106	0.538044	33.6671	31	1.08603	0.339558	0.0144937	0.0760445	33	325	65	645	3
108	0.538076	36.6193	31	1.18127	0.224172	0.116622	0.0883469	33	325	65	645	3
109	0.538047	29.5552	31	0.953392	0.540344	0.0395113	0.10471	33	325	65	645	3
110	0.53801	23.393	31	0.754613	0.83451	-0.0403274	0.077154	33	325	65	645	3
111	0.538056	34.8802	31	1.12517	0.288572	0.0501285	0.0823889	33	325	65	645	3
112	0.538096	25.6201	31	0.826454	0.739321	-0.0213544	0.083988	33	325	65	645	3
113	0.538062	36.6071	31	1.18088	0.224587	0.0946192	0.08967	33	325	65	645	3
114	0.537996	31.6811	31	1.02197	0.432304	0.112822	0.0954399	33	325	65	645	3
115	0.538108	29.8308	31	0.962285	0.526045	0.0475013	0.142581	33	325	65	645	3
116	0.538079	60.7188	31	1.95867	0.00110973	0.013584	0.0855551	33	325	65	645	3
117	0.538104	30.672	31	0.989418	0.482826	0.0587399	0.0821301	33	325	65	645	3
118	0.538084	24.4721	31	0.789423	0.790816	-0.0527336	0.0772484	33	325	65	645	3
119	0.538022	27.885	31	0.899517	0.627094	0.114195	0.0903898	33	325	65	645	3
120	0.538059	37.2331	31	1.20107	0.203982	0.0779267	0.0958244	33	325	65	645	3
80	0.534334	30.1562	30	1.00521	0.457673	0.0493188	0.0735039	34	335	65	645	3
81	0.534321	22.7818	30	0.759394	0.824122	-0.0405968	0.0658745	34	335	65	645	3
82	0.534333	21.0195	30	0.700649	0.887278	0.125927	0.0826737	34	335	65	645	3
83	0.53438	34.2381	30	1.14127	0.271415	-0.0304644	0.0731078	34	335	65	645	3
84	0.534368	37.9669	30	1.26556	0.1506	0.0696527	0.0820662	34	335	65	645	3
85	0.534354	28.1741	30	0.939136	0.561212	0.109119	0.0976779	34	335	65	645	3
86	0.534324	36.0876	30	1.20292	0.205223	0.169318	0.132867	34	335	65	645	3
87	0.534315	25.4692	30	0.848972	0.701926	0.127061	0.101767	34	335	65	645	3
88	0.534331	29.9252	30	0.997507	0.46949	0.0461022	0.0820828	34	335	65	645	3
89	0.534337	21.4669	30	0.715562	0.872724	0.114249	0.0870297	34	335	65	645	3
90	0.534361	42.1119	30	1.40373	0.0700101	0.0401722	0.0859502	34	335	65	645	3
92	0.534344	47.3704	30	1.57901	0.0228884	0.174647	0.131747	34	335	65	645	3
94	0.534333	48.1234	30	1.60411	0.0192705	0.115232	0.108528	34	335	65	645	3
95	0.53434	32.64	30	1.088	0.338377	-0.00648937	0.105906	34	335	65	645	3
96	0.534315	36.0535	30	1.20178	0.206331	-0.0340705	0.0763536	34	335	65	645	3
97	0.53437	51.3296	30	1.71099	0.00898667	0.115914	0.0950549	34	335	65	645	3
98	0.53434	21.6503	30	0.721676	0.86646	0.109014	0.0897577	34	335	65	645	3
99	0.534286	32.6132	30	1.08711	0.33957	0.090995	0.0882727	34	335	65	645	3
100	0.534323	24.187	30	0.806234	0.763497	0.0536043	0.093945	34	335	65	645	3
102	0.53436	43.7409	30	1.45803	0.0503335	0.174296	0.119975	34	335	65	645	3
103	0.534324	32.3294	30	1.07765	0.352367	0.150007	0.108412	34	335	65	645	3
104	0.534323	29.4127	30	0.980422	0.496004	0.0465457	0.0786106	34	335	65	645	3
105	0.534354	29.8179	30	0.993929	0.475009	0.0328671	0.0804257	34	335	65	645	3
106	0.534333	21.8103	30	0.72701	0.860855	-0.0786873	0.0735948	34	335	65	645	3
108	0.534369	36.3971	30	1.21324	0.195362	0.133083	0.0964358	34	335	65	645	3
109	0.534322	28.9632	30	0.965439	0.519531	0.0723034	0.116651	34	335	65	645	3
110	0.534308	21.2653	30	0.708844	0.879409	-0.0858987	0.0794967	34	335	65	645	3
111	0.534321	28.9266	30	0.96422	0.521455	-0.020348	0.0814256	34	335	65	645	3
112	0.534385	23.7688	30	0.792294	0.782381	-0.0615687	0.0857434	34	335	65	645	3
113	0.534353	33.8359	30	1.12786	0.28744	0.039878	0.0907152	34	335	65	645	3
114	0.5343	30.3436	30	1.01145	0.448163	0.0713308	0.0980894	34	335	65	645	3
115	0.534375	29.819	30	0.993966	0.474953	0.0533281	0.152624	34	335	65	645	3
116	0.534356	58.1094	30	1.93698	0.00155011	-0.0365583	0.086722	34	335	65	645	3
117	0.534376	28.0553	30	0.935175	0.567508	0.00922449	0.083556	34	335	65	645	3
118	0.534356	24.1157	30	0.803856	0.766765	-0.0357186	0.0838601	34	335	65	645	3
119	0.534293	27.4595	30	0.915315	0.599057	0.135295	0.0979066	34	335	65	645	3
120	0.534355	36.9177	30	1.23059	0.179554	0.098357	0.105064	34	335	65	645	3
80	0.530663	27.7035	29	0.955292	0.533806	0.00472212	0.0755418	35	345	65	645	3
81	0.530663	21.0826	29	0.726987	0.856122	-0.0734611	0.0682654	35	345	65	645	3
82	0.530667	20.6859	29	0.713307	0.870333	0.145723	0.091109	35	345	65	645	3
83	0.530694	34.1731	29	1.17838	0.232978	-0.0377982	0.0778379	35	345	65	645	3
84	0.530689	37.9445	29	1.30843	0.123575	0.0649136	0.0875833	35	345	65	645	3
85	0.530682	28.0554	29	0.967426	0.514954	0.122781	0.10671	35	345	65	645	3
86	0.53066	35.7602	29	1.23311	0.180656	0.141443	0.138081	35	345	65	645	3
87	0.530654	24.7907	29	0.854851	0.689063	0.160862	0.113128	35	345	65	645	3
88	0.530664	29.8414	29	1.02901	0.421952	0.0373911	0.0867769	35	345	65	645	3
89	0.530659	19.1382	29	0.659937	0.917693	0.0650029	0.0887023	35	345	65	645	3
90	0.530707	39.5842	29	1.36497	0.0909681	-0.0148574	0.0877934	35	345	65	645	3
92	0.530657	35.5212	29	1.22487	0.187932	0.36697	0.168524	35	345	65	645	3
94	0.530651	48.0433	29	1.65666	0.0145466	0.102798	0.114217	35	345	65	645	3
95	0.530674	32.6349	29	1.12534	0.292708	-0.0098496	0.113629	35	345	65	645	3
96	0.530638	36.0541	29	1.24324	0.171994	-0.0342648	0.0820271	35	345	65	645	3
97	0.530695	51.2527	29	1.76734	0.00659631	0.104098	0.101195	35	345	65	645	3
98	0.530662	21.6128	29	0.745269	0.835863	0.101054	0.095809	35	345	65	645	3
99	0.530611	31.8062	29	1.09677	0.328443	0.0611798	0.0917518	35	345	65	645	3
100	0.530655	23.3841	29	0.806348	0.758679	0.0215045	0.0972135	35	345	65	645	3
102	0.530694	42.8284	29	1.47684	0.0472171	0.131501	0.123282	35	345	65	645	3
103	0.530654	32.0326	29	1.10457	0.318444	0.126397	0.11431	35	345	65	645	3
104	0.530651	28.7047	29	0.989816	0.480523	0.0199477	0.0823103	35	345	65	645	3
105	0.530687	27.4909	29	0.947961	0.54524	0.0830994	0.0911361	35	345	65	645	3
106	0.530664	20.2407	29	0.697956	0.885287	-0.113637	0.0759549	35	345	65	645	3
108	0.530689	36.1541	29	1.24669	0.169117	0.113961	0.102171	35	345	65	645	3
109	0.53064	28.9118	29	0.996957	0.469669	0.062899	0.122844	35	345	65	645	3
110	0.530626	21.2151	29	0.731557	0.851192	-0.0925233	0.0842046	35	345	65	645	3
111	0.530628	28.3077	29	0.976127	0.501511	0.00375091	0.0889066	35	345	65	645	3
112	0.53071	23.5179	29	0.810962	0.752327	-0.0782252	0.0904212	35	345	65	645	3
113	0.530658	33.5867	29	1.15816	0.254711	0.056864	0.0984988	35	345	65	645	3
114	0.530649	30.1701	29	1.04035	0.405551	0.0549841	0.104029	35	345	65	645	3
115	0.530706	26.2925	29	0.906637	0.609821	-0.0541482	0.1465	35	345	65	645	3
116	0.530687	57.9723	29	1.99905	0.00109651	-0.0492839	0.0921213	35	345	65	645	3
117	0.530686	26.18	29	0.902757	0.615857	-0.032389	0.0854341	35	345	65	645	3
118	0.530686	22.9917	29	0.792817	0.776923	-0.0686015	0.0865534	35	345	65	645	3
119	0.530639	25.5335	29	0.880464	0.650296	0.0819053	0.100157	35	345	65	645	3
120	0.530674	35.6523	29	1.22939	0.183915	0.145701	0.117935	35	345	65	645	3
80	0.527041	27.6905	28	0.988948	0.480933	0.00820119	0.0818576	36	355	65	645	3
81	0.527029	20.9721	28	0.749002	0.826512	-0.0819086	0.0722077	36	355	65	645	3
82	0.527026	18.2091	28	0.650325	0.92076	0.203272	0.103327	36	355	65	645	3
83	0.527051	32.945	28	1.17661	0.237776	-0.0712619	0.0807888	36	355	65	645	3
84	0.527047	37.4801	28	1.33858	0.108645	0.0424455	0.0916868	36	355	65	645	3
85	0.52705	24.2957	28	0.867704	0.665836	0.213261	0.126134	36	355	65	645	3
86	0.52702	35.4751	28	1.26697	0.156456	0.115	0.142295	36	355	65	645	3
87	0.527037	22.2572	28	0.794899	0.769248	0.0881404	0.114245	36	355	65	645	3
88	0.527037	29.8414	28	1.06576	0.370841	0.0381556	0.0936711	36	355	65	645	3
89	0.527028	18.5141	28	0.661218	0.912456	0.0925086	0.0977866	36	355	65	645	3
90	0.527065	39.4034	28	1.40727	0.0746486	0.000320151	0.0959428	36	355	65	645	3
92	0.527039	35.4997	28	1.26785	0.155785	0.356504	0.180808	36	355	65	645	3
94	0.527023	47.3973	28	1.69276	0.0124326	0.0681289	0.118781	36	355	65	645	3
95	0.52705	31.048	28	1.10886	0.314955	-0.0671006	0.115746	36	355	65	645	3
96	0.527017	36.0351	28	1.28697	0.141707	-0.0387712	0.0876605	36	355	65	645	3
97	0.527049	49.1199	28	1.75428	0.00809474	0.0502973	0.102786	36	355	65	645	3
98	0.527022	21.3597	28	0.762846	0.810037	0.0850964	0.100286	36	355	65	645	3
99	0.526978	31.285	28	1.11732	0.304571	0.0872353	0.101042	36	355	65	645	3
100	0.527043	20.2138	28	0.721921	0.856546	-0.0447352	0.0977991	36	355	65	645	3
102	0.52707	42.5843	28	1.52087	0.0381601	0.107231	0.12886	36	355	65	645	3
103	0.527029	30.6491	28	1.09461	0.332882	0.183354	0.130596	36	355	65	645	3
104	0.527023	28.705	28	1.02518	0.427604	0.0198993	0.0891126	36	355	65	645	3
105	0.527057	23.4927	28	0.839026	0.708005	0.0154574	0.0911551	36	355	65	645	3
106	0.527039	20.1022	28	0.717936	0.86071	-0.124815	0.0807148	36	355	65	645	3
108	0.527051	32.979	28	1.17782	0.236519	0.186639	0.117463	36	355	65	645	3
109	0.527012	28.413	28	1.01475	0.442729	0.0300487	0.127381	36	355	65	645	3
110	0.527005	19.9749	28	0.713388	0.865379	-0.054176	0.0945757	36	355	65	645	3
111	0.527019	28.0383	28	1.00137	0.462417	-0.0149998	0.0940048	36	355	65	645	3
112	0.527098	22.5176	28	0.804199	0.756785	-0.115266	0.0941144	36	355	65	645	3
113	0.527025	33.5262	28	1.19736	0.21691	0.0478036	0.104256	36	355	65	645	3
114	0.52701	29.7949	28	1.0641	0.373089	0.079616	0.114166	36	355	65	645	3
115	0.527076	25.9063	28	0.925227	0.578193	-0.0122897	0.167275	36	355	65	645	3
116	0.527052	57.2368	28	2.04417	0.000906671	-0.0809573	0.0961834	36	355	65	645	3
117	0.52704	25.9591	28	0.92711	0.575294	-0.0177634	0.0926659	36	355	65	645	3
118	0.527046	21.7121	28	0.775433	0.794442	-0.107043	0.0894643	36	355	65	645	3
119	0.527024	24.8985	28	0.889231	0.633355	0.0489122	0.105092	36	355	65	645	3
120	0.527038	35.6226	28	1.27224	0.152462	0.153781	0.12746	36	355	65	645	3
80	0.523458	27.4216	27	1.01561	0.441236	0.0259057	0.0901589	37	365	65	645	3
81	0.523448	20.8591	27	0.77256	0.792843	-0.0917498	0.0771417	37	365	65	645	3
82	0.523442	18.1126	27	0.670837	0.900041	0.190771	0.109838	37	365	65	645	3
83	0.523473	32.0011	27	1.18523	0.232042	-0.101879	0.0841177	37	365	65	645	3
84	0.523453	37.14	27	1.37556	0.0924838	0.0634766	0.100512	37	365	65	645	3
85	0.523461	23.9197	27	0.885915	0.634766	0.182104	0.132446	37	365	65	645	3
86	0.523421	33.7009	27	1.24818	0.174916	0.0492124	0.142251	37	365	65	645	3
87	0.523434	21.8627	27	0.80973	0.744321	0.116119	0.125815	37	365	65	645	3
88	0.523451	28.9397	27	1.07184	0.363831	0.0752586	0.105073	37	365	65	645	3
89	0.523443	18.0829	27	0.669736	0.900966	0.0671473	0.102765	37	365	65	645	3
90	0.523491	38.8565	27	1.43913	0.0652867	0.0303006	0.107216	37	365	65	645	3
92	0.523438	35.1785	27	1.30291	0.134401	0.397337	0.201014	37	365	65	645	3
94	0.523451	47.3162	27	1.75245	0.00914438	0.0825204	0.130561	37	365	65	645	3
95	0.523453	31.0319	27	1.14933	0.269831	-0.0611717	0.125299	37	365	65	645	3
96	0.523438	35.496	27	1.31467	0.126741	-0.064478	0.092042	37	365	65	645	3
97	0.523478	48.1066	27	1.78172	0.00747046	0.0956707	0.116991	37	365	65	645	3
98	0.523444	21.2224	27	0.786013	0.775764	0.0997583	0.110199	37	365	65	645	3
99	0.523404	31.178	27	1.15474	0.263892	0.100332	0.111054	37	365	65	645	3
100	0.523443	20.192	27	0.747852	0.822603	-0.0502408	0.104014	37	365	65	645	3
102	0.523474	40.851	27	1.513	0.0425633	0.0462041	0.129866	37	365	65	645	3
103	0.523435	30.4549	27	1.12796	0.294104	0.162109	0.136795	37	365	65	645	3
104	0.523444	28.0506	27	1.03891	0.40837	-0.00753705	0.0931819	37	365	65	645	3
105	0.523474	22.7131	27	0.841224	0.700327	0.0491836	0.101891	37	365	65	645	3
106	0.523436	19.9058	27	0.737251	0.834687	-0.138911	0.0854833	37	365	65	645	3
108	0.523465	32.7756	27	1.21391	0.204578	0.165964	0.123937	37	365	65	645	3
109	0.523438	26.1745	27	0.969425	0.508934	0.113188	0.150269	37	365	65	645	3
110	0.52342	19.9733	27	0.739751	0.831875	-0.0557646	0.102336	37	365	65	645	3
111	0.523434	27.1835	27	1.0068	0.453927	0.0216866	0.105831	37	365	65	645	3
112	0.523522	21.1593	27	0.783679	0.77877	-0.160424	0.0971756	37	365	65	645	3
113	0.523425	33.5033	27	1.24086	0.180964	0.0416449	0.111077	37	365	65	645	3
114	0.523417	28.5064	27	1.05579	0.385233	0.126873	0.126986	37	365	65	645	3
115	0.523495	23.9639	27	0.887551	0.632318	-0.099389	0.163974	37	365	65	645	3
116	0.523465	56.4591	27	2.09108	0.000752938	-0.114966	0.100161	37	365	65	645	3
117	0.523451	25.7657	27	0.954286	0.53163	-0.000725395	0.10174	37	365	65	645	3
118	0.523444	21.3382	27	0.790302	0.7702	-0.0838064	0.0995551	37	365	65	645	3
119	0.523438	22.8505	27	0.846314	0.693019	-0.0108212	0.106826	37	365	65	645	3
120	0.52348	32.1473	27	1.19064	0.226673	0.0541322	0.126311	37	365	65	645	3
80	0.519931	27.238	26	1.04762	0.396934	0.0093083	0.096517	38	375	65	645	3
81	0.519923	20.8407	26	0.801565	0.75014	-0.0964293	0.0840812	38	375	65	645	3
82	0.519895	18.093	26	0.695886	0.872362	0.184777	0.117585	38	375	65	645	3
83	0.51994	31.9461	26	1.2287	0.194909	-0.110092	0.0902336	38	375	65	645	3
84	0.519912	34.7052	26	1.33482	0.118173	0.131211	0.116393	38	375	65	645	3
85	0.519927	23.352	26	0.898152	0.612969	0.14314	0.137506	38	375	65	645	3
86	0.519875	33.0637	26	1.27168	0.160257	0.0937131	0.159228	38	375	65	645	3
87	0.519895	21.0871	26	0.81104	0.737457	0.0740248	0.129606	38	375	65	645	3
88	0.519922	28.467	26	1.09488	0.335871	0.0447968	0.110907	38	375	65	645	3
89	0.519895	17.9678	26	0.69107	0.876941	0.0812567	0.112308	38	375	65	645	3
90	0.51995	35.743	26	1.37473	0.0964977	0.113629	0.126639	38	375	65	645	3
92	0.519895	33.7714	26	1.2989	0.140878	0.308601	0.199733	38	375	65	645	3
94	0.51991	46.0619	26	1.77161	0.00897761	0.141209	0.148367	38	375	65	645	3
95	0.519935	25.8029	26	0.992419	0.473979	-0.176221	0.120221	38	375	65	645	3
96	0.519899	35.4822	26	1.3647	0.10161	-0.0599881	0.0999548	38	375	65	645	3
97	0.51994	42.1281	26	1.62031	0.0238134	0.227028	0.144319	38	375	65	645	3
98	0.519912	21.1892	26	0.814969	0.732133	0.0926861	0.118105	38	375	65	645	3
99	0.519866	31.1383	26	1.19763	0.223159	0.109227	0.120922	38	375	65	645	3
100	0.519887	19.8881	26	0.764927	0.79683	-0.0718013	0.108829	38	375	65	645	3
102	0.519928	39.853	26	1.53281	0.0403263	0.0980599	0.146762	38	375	65	645	3
103	0.519882	30.3106	26	1.16579	0.254943	0.182339	0.149388	38	375	65	645	3
104	0.519906	27.7414	26	1.06698	0.3713	-0.0289481	0.0988998	38	375	65	645	3
105	0.519924	22.1244	26	0.85094	0.68187	0.0810098	0.113321	38	375	65	645	3
106	0.519884	19.4946	26	0.749791	0.814884	-0.117448	0.0939754	38	375	65	645	3
108	0.519925	29.9473	26	1.15182	0.269801	0.0828078	0.123925	38	375	65	645	3
109	0.519891	23.0062	26	0.884853	0.632598	0.00662716	0.147013	38	375	65	645	3
110	0.519887	19.973	26	0.768193	0.792834	-0.055118	0.110575	38	375	65	645	3
111	0.51989	27.1833	26	1.04551	0.399769	0.0208537	0.114242	38	375	65	645	3
112	0.519972	21.1536	26	0.813601	0.733991	-0.157567	0.104711	38	375	65	645	3
113	0.519896	27.5727	26	1.06049	0.379801	-0.0688836	0.10799	38	375	65	645	3
114	0.519896	26.0649	26	1.0025	0.459543	0.222505	0.152956	38	375	65	645	3
115	0.519969	22.2229	26	0.854728	0.67644	-0.18019	0.161158	38	375	65	645	3
116	0.519938	56.1487	26	2.15956	0.000539978	-0.13816	0.105952	38	375	65	645	3
117	0.519914	25.6864	26	0.987937	0.480445	0.0116205	0.112354	38	375	65	645	3
118	0.519923	21.1074	26	0.811821	0.736401	-0.103479	0.105555	38	375	65	645	3
119	0.519882	22.8475	26	0.878749	0.64156	-0.00836374	0.11475	38	375	65	645	3
120	0.519919	28.3307	26	1.08964	0.342378	0.151654	0.148515	38	375	65	645	3
80	0.516416	27.1802	25	1.08721	0.346941	0.00017899	0.103039	39	385	65	645	3
81	0.516434	20.8407	25	0.833629	0.701456	-0.0962017	0.0910583	39	385	65	645	3
82	0.516396	18.0833	25	0.723331	0.838836	0.189562	0.127172	39	385	65	645	3
83	0.516436	30.9648	25	1.23859	0.190187	-0.0716245	0.102091	39	385	65	645	3
84	0.516415	34.613	25	1.38452	0.0954419	0.146267	0.128117	39	385	65	645	3
85	0.516408	23.2963	25	0.931851	0.560267	0.154756	0.147385	39	385	65	645	3
86	0.516397	32.5007	25	1.30003	0.144029	0.148041	0.183397	39	385	65	645	3
87	0.516393	20.6739	25	0.826954	0.710647	0.0420982	0.134852	39	385	65	645	3
88	0.516438	27.0556	25	1.08222	0.353114	0.10031	0.126631	39	385	65	645	3
89	0.516425	17.9664	25	0.718657	0.843812	0.0791745	0.122906	39	385	65	645	3
90	0.516445	34.965	25	1.3986	0.0888381	0.0711575	0.131118	39	385	65	645	3
92	0.516409	33.3273	25	1.33309	0.123086	0.366056	0.227745	39	385	65	645	3
94	0.516438	45.2603	25	1.81041	0.00780913	0.0862593	0.152865	39	385	65	645	3
95	0.51643	25.7994	25	1.03197	0.418367	-0.179483	0.129038	39	385	65	645	3
96	0.516404	32.6962	25	1.30785	0.13884	-0.126165	0.100724	39	385	65	645	3
97	0.516455	41.7759	25	1.67104	0.0189952	0.190026	0.152345	39	385	65	645	3
98	0.516416	19.8593	25	0.794372	0.754166	0.0367308	0.121371	39	385	65	645	3
99	0.516382	30.6702	25	1.22681	0.200172	0.0768674	0.126875	39	385	65	645	3
100	0.516391	18.3039	25	0.732155	0.829222	-0.127712	0.111216	39	385	65	645	3
102	0.51643	39.4203	25	1.57681	0.033418	0.058874	0.152886	39	385	65	645	3
103	0.516398	30.1644	25	1.20658	0.218193	0.207343	0.166581	39	385	65	645	3
104	0.516428	24.4126	25	0.976503	0.49565	-0.102901	0.0994596	39	385	65	645	3
105	0.516418	20.8395	25	0.833579	0.701526	0.133712	0.12845	39	385	65	645	3
106	0.516376	19.4909	25	0.779635	0.772996	-0.115243	0.101255	39	385	65	645	3
108	0.516417	29.5162	25	1.18065	0.242916	0.115728	0.138487	39	385	65	645	3
109	0.516396	18.7121	25	0.748485	0.810711	0.137923	0.180461	39	385	65	645	3
110	0.516388	19.8615	25	0.794459	0.754053	-0.0410942	0.120069	39	385	65	645	3
111	0.516381	27.1812	25	1.08725	0.346893	0.0187616	0.122946	39	385	65	645	3
112	0.516479	21.1494	25	0.845975	0.684251	-0.154655	0.113491	39	385	65	645	3
113	0.516411	27.5658	25	1.10263	0.328226	-0.0731012	0.117814	39	385	65	645	3
114	0.516408	25.7696	25	1.03079	0.419973	0.18706	0.161347	39	385	65	645	3
115	0.516483	22.211	25	0.888438	0.623535	-0.18825	0.174912	39	385	65	645	3
116	0.516425	51.8706	25	2.07482	0.00124481	-0.22011	0.103907	39	385	65	645	3
117	0.516413	25.2907	25	1.01163	0.446183	0.0413924	0.125265	39	385	65	645	3
118	0.516417	21.0574	25	0.842297	0.689403	-0.112713	0.112192	39	385	65	645	3
119	0.516392	22.3171	25	0.892686	0.617371	-0.043753	0.120544	39	385	65	645	3
120	0.516433	28.2319	25	1.12928	0.297288	0.133121	0.157272	39	385	65	645	3
80	0.512975	26.8572	24	1.11905	0.311154	0.0251969	0.11535	40	395	65	645	3
81	0.512974	20.7969	24	0.866538	0.650675	-0.0881964	0.0996783	40	395	65	645	3
82	0.51294	17.6156	24	0.733985	0.821245	0.226946	0.142869	40	395	65	645	3
83	0.512991	24.7565	24	1.03152	0.41909	-0.178898	0.0996034	40	395	65	645	3
84	0.512967	34.2531	24	1.42721	0.0802696	0.179786	0.143855	40	395	65	645	3
85	0.512969	21.3548	24	0.889781	0.617719	0.0740244	0.147486	40	395	65	645	3
86	0.512938	27.3964	24	1.14152	0.286318	0.32664	0.231934	40	395	65	645	3
87	0.512939	19.7172	24	0.82155	0.712739	-0.0107402	0.138274	40	395	65	645	3
88	0.512978	26.8082	24	1.11701	0.313474	0.0759878	0.132946	40	395	65	645	3
89	0.512981	13.0648	24	0.544366	0.965041	-0.0298603	0.11976	40	395	65	645	3
90	0.512984	34.1112	24	1.4213	0.0827129	0.120615	0.148667	40	395	65	645	3
92	0.51296	31.8983	24	1.3291	0.129535	0.253984	0.22497	40	395	65	645	3
94	0.512994	40.4683	24	1.68618	0.0190373	-0.0555913	0.145301	40	395	65	645	3
95	0.512971	23.2007	24	0.966694	0.50798	-0.264233	0.127477	40	395	65	645	3
96	0.512954	25.2673	24	1.0528	0.391353	-0.243072	0.0971114	40	395	65	645	3
97	0.513006	40.0935	24	1.67056	0.0208974	0.277401	0.179212	40	395	65	645	3
98	0.512972	19.8427	24	0.826779	0.705686	0.0287039	0.130803	40	395	65	645	3
99	0.51294	29.1792	24	1.2158	0.213461	0.0133202	0.129323	40	395	65	645	3
100	0.512936	17.6202	24	0.734173	0.821036	-0.161415	0.114506	40	395	65	645	3
102	0.512979	38.4937	24	1.6039	0.0308403	0.00279563	0.155393	40	395	65	645	3
103	0.512959	30.1015	24	1.25423	0.181411	0.225921	0.185114	40	395	65	645	3
104	0.512975	24.3796	24	1.01582	0.440072	-0.110582	0.107127	40	395	65	645	3
105	0.512963	20.7293	24	0.863721	0.654639	0.150266	0.139758	40	395	65	645	3
106	0.512951	19.4803	24	0.811681	0.725911	-0.110508	0.111696	40	395	65	645	3
108	0.512987	27.4509	24	1.14379	0.28388	0.214075	0.167512	40	395	65	645	3
109	0.512931	18.2752	24	0.761469	0.789456	0.0905789	0.18631	40	395	65	645	3
110	0.512937	19.8281	24	0.82617	0.70651	-0.0321626	0.13072	40	395	65	645	3
111	0.512927	25.627	24	1.06779	0.372357	0.0868992	0.143019	40	395	65	645	3
112	0.513034	20.4083	24	0.850347	0.673334	-0.19611	0.118164	40	395	65	645	3
113	0.512955	27.4637	24	1.14432	0.283309	-0.0894121	0.126286	40	395	65	645	3
114	0.512946	25.3205	24	1.05502	0.388514	0.14436	0.16729	40	395	65	645	3
115	0.513015	19.7328	24	0.8222	0.711865	-0.297	0.167724	40	395	65	645	3
116	0.512971	51.0346	24	2.12644	0.00104371	-0.258883	0.107716	40	395	65	645	3
117	0.51297	23.6128	24	0.983868	0.483906	-0.0261387	0.127089	40	395	65	645	3
118	0.512988	21.0293	24	0.876219	0.636999	-0.104478	0.123578	40	395	65	645	3
119	0.512955	21.4502	24	0.893759	0.612044	-0.0915666	0.125133	40	395	65	645	3
120	0.512991	24.8649	24	1.03604	0.413133	0.0127891	0.152862	40	395	65	645	3
80	0.509577	26.5018	23	1.15225	0.277755	-0.0036418	0.122523	41	405	65	645	3
81	0.509568	20.4098	23	0.887381	0.617083	-0.114917	0.105755	41	405	65	645	3
82	0.509529	16.5782	23	0.720793	0.829422	0.170123	0.146292	41	405	65	645	3
83	0.509584	24.0508	23	1.04569	0.401002	-0.144189	0.111886	41	405	65	645	3
84	0.50956	27.089	23	1.17778	0.2522	0.0286776	0.134958	41	405	65	645	3
85	0.50958	16.0132	23	0.696224	0.854705	-0.0643734	0.140054	41	405	65	645	3
86	0.509534	26.5807	23	1.15568	0.274224	0.24088	0.233712	41	405	65	645	3
87	0.509542	17.751	23	0.77178	0.770855	0.0736682	0.162919	41	405	65	645	3
88	0.509559	26.7889	23	1.16473	0.265059	0.0684397	0.1425	41	405	65	645	3
89	0.509575	12.0592	23	0.524315	0.969547	-0.0823099	0.12433	41	405	65	645	3
90	0.509576	32.1279	23	1.39687	0.0975121	0.0395473	0.14884	41	405	65	645	3
92	0.50956	26.9207	23	1.17047	0.259357	0.0502953	0.203729	41	405	65	645	3
94	0.509611	33.8481	23	1.47166	0.0673864	-0.212122	0.135121	41	405	65	645	3
95	0.509585	22.8283	23	0.992533	0.470836	-0.299272	0.135108	41	405	65	645	3
96	0.509541	25.2667	23	1.09855	0.336683	-0.242031	0.105794	41	405	65	645	3
97	0.509601	40.0948	23	1.74325	0.0149974	0.280127	0.196508	41	405	65	645	3
98	0.509561	19.5812	23	0.851356	0.667026	0.00439916	0.137122	41	405	65	645	3
99	0.509539	28.7837	23	1.25146	0.187589	0.0500631	0.146582	41	405	65	645	3
100	0.509552	17.19	23	0.74739	0.799826	-0.194341	0.120924	41	405	65	645	3
102	0.509581	37.6665	23	1.63767	0.0276498	-0.0573261	0.158909	41	405	65	645	3
103	0.509566	30.0916	23	1.30833	0.14679	0.233883	0.202363	41	405	65	645	3
104	0.50957	22.7465	23	0.988978	0.475653	-0.0476973	0.125521	41	405	65	645	3
105	0.509561	20.5104	23	0.891755	0.610961	0.178126	0.15557	41	405	65	645	3
106	0.509553	18.104	23	0.787129	0.751826	-0.0464004	0.132421	41	405	65	645	3
108	0.509581	27.4098	23	1.19173	0.238925	0.228914	0.184869	41	405	65	645	3
109	0.509531	17.9872	23	0.782051	0.758185	0.134739	0.21319	41	405	65	645	3
110	0.509535	19.6918	23	0.856166	0.660423	-0.0533543	0.138522	41	405	65	645	3
111	0.509538	24.2066	23	1.05246	0.392443	0.168361	0.170031	41	405	65	645	3
112	0.509637	19.8222	23	0.861837	0.65261	-0.156104	0.134698	41	405	65	645	3
113	0.509548	26.3007	23	1.14351	0.286877	-0.032739	0.144596	41	405	65	645	3
114	0.509545	22.2867	23	0.968988	0.503003	0.0250824	0.162284	41	405	65	645	3
115	0.509624	18.6893	23	0.812577	0.719105	-0.376158	0.168962	41	405	65	645	3
116	0.509568	26.1973	23	1.13901	0.29164	-0.00860936	0.152385	41	405	65	645	3
117	0.509564	20.1715	23	0.877022	0.631545	-0.120006	0.125212	41	405	65	645	3
118	0.509587	20.7277	23	0.901205	0.597712	-0.134773	0.131363	41	405	65	645	3
119	0.509549	21.3998	23	0.930425	0.556688	-0.0796646	0.137619	41	405	65	645	3
120	0.509583	16.7229	23	0.727082	0.822624	0.220569	0.202928	41	405	65	645	3
