1	0.569353	35.5504	39	0.911549	-0.0101878	0.0277011	25	245	65	645	3
9	0.569353	51.6614	39	1.32465	-0.0289461	0.027075	25	245	65	645	3
11	0.569353	40.1232	39	1.0288	0.00654398	0.0281838	25	245	65	645	3
27	0.569353	46.3812	39	1.18926	-0.0595742	0.0259977	25	245	65	645	3
28	0.569353	69.4415	39	1.78055	-0.0310448	0.0268656	25	245	65	645	3
59	0.569353	61.6412	39	1.58054	-0.00761463	0.0277059	25	245	65	645	3
62	0.569353	39.3248	39	1.00833	0.00269985	0.0280407	25	245	65	645	3
70	0.569353	26.3817	39	0.676455	-0.0165453	0.0273773	25	245	65	645	3
114	0.569353	54.0186	39	1.38509	-0.00405782	0.0278217	25	245	65	645	3
117	0.569353	38.7428	39	0.993405	-0.0136771	0.0275241	25	245	65	645	3
130	0.569353	54.5084	39	1.39765	-0.0142644	0.0274591	25	245	65	645	3
172	0.569353	29.9483	39	0.767906	-0.0356248	0.026748	25	245	65	645	3
174	0.569353	46.8258	39	1.20066	-0.0122837	0.0274859	25	245	65	645	3
176	0.569353	26.6582	39	0.683544	-0.0018641	0.0278882	25	245	65	645	3
181	0.569353	33.3339	39	0.854715	-0.0252061	0.0271038	25	245	65	645	3
199	0.569353	35.253	39	0.903922	-0.0596233	0.0259485	25	245	65	645	3
206	0.569353	36.6243	39	0.939085	-0.057464	0.0260366	25	245	65	645	3
213	0.569353	56.7137	39	1.4542	0.00272681	0.0280546	25	245	65	645	3
236	0.569353	29.8495	39	0.765371	-0.0495727	0.0263173	25	245	65	645	3
250	0.569353	48.4743	39	1.24293	-0.0411425	0.0265953	25	245	65	645	3
310	0.569353	48.3113	39	1.23875	-0.0525401	0.026262	25	245	65	645	3
315	0.569353	31.0438	39	0.795995	-0.0527395	0.0261314	25	245	65	645	3
317	0.569353	36.384	39	0.932924	-0.0553442	0.0261396	25	245	65	645	3
318	0.569353	30.1566	39	0.773247	-0.0712354	0.025613	25	245	65	645	3
321	0.569353	51.0965	39	1.31017	-0.0345263	0.0267527	25	245	65	645	3
347	0.569353	33.5306	39	0.859759	0.00356993	0.0280724	25	245	65	645	3
356	0.569353	37.4453	39	0.960135	-0.0252987	0.0270535	25	245	65	645	3
362	0.569353	58.9935	39	1.51265	-0.035404	0.0267424	25	245	65	645	3
371	0.569353	48.2231	39	1.23649	-0.052225	0.0262451	25	245	65	645	3
377	0.569353	26.7483	39	0.685853	-0.0725152	0.0255739	25	245	65	645	3
397	0.569353	28.4761	39	0.730156	-0.00756144	0.0276904	25	245	65	645	3
407	0.569353	51.3864	39	1.3176	-0.0363117	0.0267907	25	245	65	645	3
413	0.569353	41.2404	39	1.05745	-0.036418	0.0267521	25	245	65	645	3
417	0.569353	41.2838	39	1.05856	-0.00186096	0.0278384	25	245	65	645	3
419	0.569353	45.2517	39	1.1603	-0.0289172	0.0268921	25	245	65	645	3
421	0.569353	40.5038	39	1.03856	-0.0435041	0.0265218	25	245	65	645	3
460	0.569353	43.001	39	1.10259	-0.00687762	0.027721	25	245	65	645	3
466	0.569353	32.7561	39	0.8399	-0.0153352	0.0274008	25	245	65	645	3
468	0.569353	41.572	39	1.06595	-0.000765936	0.027855	25	245	65	645	3
477	0.569353	39.4946	39	1.01268	-0.0279448	0.0269447	25	245	65	645	3
479	0.569353	33.7745	39	0.866013	-0.00582842	0.0276531	25	245	65	645	3
481	0.569353	60.4231	39	1.54931	-0.0407844	0.0265404	25	245	65	645	3
528	0.569353	25.0671	39	0.642746	-0.00581228	0.0277325	25	245	65	645	3
531	0.569353	32.4	39	0.830769	-0.0316799	0.0268566	25	245	65	645	3
538	0.569353	38.8657	39	0.996556	-0.0168049	0.0272955	25	245	65	645	3
543	0.569353	36.0321	39	0.9239	-0.0352224	0.0267173	25	245	65	645	3
552	0.569353	32.633	39	0.836743	-0.0543238	0.0260885	25	245	65	645	3
556	0.569353	48.6944	39	1.24858	-0.0207429	0.027154	25	245	65	645	3
558	0.569353	47.5497	39	1.21922	-0.0614781	0.025876	25	245	65	645	3
580	0.569353	59.658	39	1.52969	-0.0273439	0.0270615	25	245	65	645	3
583	0.569353	62.8032	39	1.61034	-0.00435456	0.0277857	25	245	65	645	3
596	0.569353	45.0458	39	1.15502	-0.0393252	0.0265692	25	245	65	645	3
609	0.569353	35.5004	39	0.910266	-0.0215915	0.0271655	25	245	65	645	3
641	0.569353	37.0356	39	0.949631	-0.0221224	0.0271822	25	245	65	645	3
651	0.569353	35.8807	39	0.920017	-0.0173636	0.0273547	25	245	65	645	3
668	0.569353	33.68	39	0.86359	-0.0180704	0.0272482	25	245	65	645	3
681	0.569353	38.2405	39	0.980524	-0.0300211	0.0268963	25	245	65	645	3
686	0.569353	42.171	39	1.08131	-0.0468051	0.0263009	25	245	65	645	3
727	0.569353	43.2647	39	1.10935	-0.0167386	0.0273228	25	245	65	645	3
728	0.569353	39.243	39	1.00623	-0.0391914	0.026559	25	245	65	645	3
735	0.569353	52.6858	39	1.35092	-0.0394742	0.0265752	25	245	65	645	3
736	0.569353	35.7323	39	0.916213	-0.0364058	0.0266676	25	245	65	645	3
738	0.569353	47.7237	39	1.22368	-0.0328238	0.0268139	25	245	65	645	3
747	0.569353	71.4141	39	1.83113	-0.0614037	0.0259134	25	245	65	645	3
750	0.569353	40.3816	39	1.03542	-0.0225751	0.0270603	25	245	65	645	3
757	0.569353	30.2353	39	0.775264	-0.0481411	0.0262176	25	245	65	645	3
764	0.569353	36.0972	39	0.925569	-0.0566332	0.025961	25	245	65	645	3
787	0.569353	55.346	39	1.41913	-0.0223779	0.0271739	25	245	65	645	3
797	0.569353	50.7832	39	1.30213	0.00114288	0.0279319	25	245	65	645	3
800	0.569353	33.1054	39	0.848857	-0.0433588	0.0264911	25	245	65	645	3
803	0.569353	48.3971	39	1.24095	-0.0306981	0.0268106	25	245	65	645	3
810	0.569353	39.5239	39	1.01343	-0.0257924	0.02694	25	245	65	645	3
811	0.569353	35.6856	39	0.915016	-0.0421301	0.0264786	25	245	65	645	3
812	0.569353	25.3679	39	0.650458	-0.0142218	0.0272922	25	245	65	645	3
823	0.569353	37.2938	39	0.956252	-0.0406223	0.0263986	25	245	65	645	3
848	0.569353	63.1121	39	1.61826	0.0264878	0.0287654	25	245	65	645	3
856	0.569353	42.5006	39	1.08976	-0.00104429	0.0278556	25	245	65	645	3
862	0.569353	29.2223	39	0.74929	-0.00802205	0.0276097	25	245	65	645	3
873	0.569353	37.9401	39	0.972822	0.0120943	0.0282138	25	245	65	645	3
878	0.569353	39.0352	39	1.0009	-0.0235272	0.0270474	25	245	65	645	3
880	0.569353	36.8431	39	0.944694	-0.0527469	0.0261364	25	245	65	645	3
886	0.569353	42.2443	39	1.08319	-0.0395611	0.0265521	25	245	65	645	3
890	0.569353	35.8071	39	0.918131	-0.0449728	0.0263974	25	245	65	645	3
900	0.569353	24.6188	39	0.631251	-0.046917	0.0262346	25	245	65	645	3
901	0.569353	25.789	39	0.661255	-0.0618526	0.0257779	25	245	65	645	3
906	0.569353	36.2698	39	0.929995	0.0326751	0.0290026	25	245	65	645	3
917	0.569353	45.3871	39	1.16377	-0.000375871	0.0278991	25	245	65	645	3
921	0.569353	33.0214	39	0.846701	0.0106899	0.0281974	25	245	65	645	3
931	0.569353	50.6993	39	1.29998	-0.0232113	0.0271271	25	245	65	645	3
940	0.569353	36.3398	39	0.931791	-0.011434	0.0274715	25	245	65	645	3
968	0.569353	42.9019	39	1.10005	-0.0126416	0.0274642	25	245	65	645	3
969	0.569353	51.0678	39	1.30943	0.0227893	0.0286916	25	245	65	645	3
978	0.569353	43.1818	39	1.10723	-0.0226612	0.0271531	25	245	65	645	3
993	0.569353	43.4452	39	1.11398	0.0147948	0.0282849	25	245	65	645	3
994	0.569353	52.0889	39	1.33561	-0.0294862	0.0268679	25	245	65	645	3
996	0.569353	50.732	39	1.30082	-0.0280861	0.0268747	25	245	65	645	3
998	0.569353	38.9078	39	0.997635	-0.019579	0.0271833	25	245	65	645	3
1003	0.569353	35.5754	39	0.912189	-0.024497	0.0270012	25	245	65	645	3
1007	0.569353	36.9507	39	0.947453	-0.0327681	0.0266835	25	245	65	645	3
1009	0.569353	31.1438	39	0.79856	-0.035079	0.0266865	25	245	65	645	3
1010	0.569353	33.1766	39	0.850683	-0.0346787	0.0266657	25	245	65	645	3
1017	0.569353	50.5562	39	1.29631	-0.0549869	0.0260618	25	245	65	645	3
1055	0.569353	24.8577	39	0.637377	-0.0189183	0.0272372	25	245	65	645	3
1061	0.569353	29.9911	39	0.769003	0.00349652	0.0279573	25	245	65	645	3
1062	0.569353	29.6016	39	0.759015	-0.0312691	0.0267969	25	245	65	645	3
1065	0.569353	39.2997	39	1.00768	-0.0298539	0.026912	25	245	65	645	3
1072	0.569353	49.9131	39	1.27982	-0.0173951	0.0272503	25	245	65	645	3
1076	0.569353	40.5781	39	1.04046	-0.0267452	0.02698	25	245	65	645	3
1085	0.569353	42.036	39	1.07785	-0.0310154	0.0267427	25	245	65	645	3
1093	0.569353	75.7138	39	1.94138	-0.0615797	0.0257331	25	245	65	645	3
1107	0.569353	33.0107	39	0.846429	0.00654124	0.0281199	25	245	65	645	3
1138	0.569353	39.9624	39	1.02468	-0.0167964	0.0272685	25	245	65	645	3
1141	0.569353	34.4286	39	0.882785	-0.0401961	0.0265186	25	245	65	645	3
1143	0.569353	44.8101	39	1.14898	0.000393216	0.0278043	25	245	65	645	3
1149	0.569353	61.6884	39	1.58175	0.00462423	0.0279436	25	245	65	645	3
1155	0.569353	43.4131	39	1.11316	-0.0122299	0.0273552	25	245	65	645	3
1158	0.569353	34.6977	39	0.889685	-0.0133749	0.027335	25	245	65	645	3
1167	0.569353	36.992	39	0.948513	-0.0482179	0.0262433	25	245	65	645	3
1172	0.569353	28.3034	39	0.725727	-0.0615363	0.0257981	25	245	65	645	3
1177	0.569353	31.6145	39	0.810627	0.0178281	0.0284538	25	245	65	645	3
1181	0.569353	36.8813	39	0.945673	0.0124497	0.0282339	25	245	65	645	3
1186	0.569353	38.4033	39	0.9847	0.0416339	0.0292138	25	245	65	645	3
1199	0.569353	43.8729	39	1.12495	0.0138996	0.0283207	25	245	65	645	3
1222	0.569353	33.0688	39	0.847917	-0.0363599	0.0266355	25	245	65	645	3
1227	0.569353	26.1531	39	0.670593	-0.0227143	0.0270229	25	245	65	645	3
1228	0.569353	38.7498	39	0.993583	-0.0251856	0.0269478	25	245	65	645	3
1231	0.569353	39.837	39	1.02146	-0.0171223	0.0272585	25	245	65	645	3
1234	0.569353	33.053	39	0.847513	-0.019965	0.0271189	25	245	65	645	3
1236	0.569353	35.0725	39	0.899295	-0.0319041	0.0267454	25	245	65	645	3
1239	0.569353	35.1273	39	0.9007	-0.0296738	0.0268147	25	245	65	645	3
1244	0.569353	45.0152	39	1.15424	-0.0319904	0.0266894	25	245	65	645	3
1256	0.569353	30.362	39	0.778514	0.0090403	0.0281815	25	245	65	645	3
1265	0.569353	36.5826	39	0.938016	0.0275631	0.0287424	25	245	65	645	3
1278	0.569353	21.4069	39	0.548894	-0.011785	0.0273692	25	245	65	645	3
1282	0.569353	23.4384	39	0.600984	-0.000604716	0.0277886	25	245	65	645	3
1288	0.569353	43.9102	39	1.1259	-0.0401276	0.0265676	25	245	65	645	3
1289	0.569353	32.983	39	0.845717	-0.030299	0.0268684	25	245	65	645	3
1290	0.569353	44.4371	39	1.13941	0.00822996	0.028088	25	245	65	645	3
1298	0.569353	37.8132	39	0.969569	-0.0287641	0.0268865	25	245	65	645	3
1301	0.569353	57.7546	39	1.48089	-0.01882	0.0271705	25	245	65	645	3
1302	0.569353	37.9811	39	0.973875	-0.0412648	0.0264405	25	245	65	645	3
1303	0.569353	32.4057	39	0.830916	-0.0232982	0.0270617	25	245	65	645	3
1326	0.569353	45.7018	39	1.17184	0.0143517	0.028351	25	245	65	645	3
1337	0.569353	41.3795	39	1.06101	0.00352401	0.0279729	25	245	65	645	3
1341	0.569353	30.3977	39	0.779428	-0.0118161	0.0274074	25	245	65	645	3
1343	0.569353	31.8297	39	0.816146	-0.0152654	0.0273167	25	245	65	645	3
1345	0.569353	32.7154	39	0.838857	0.000557201	0.0278476	25	245	65	645	3
1349	0.569353	45.7883	39	1.17406	-0.00784358	0.0275977	25	245	65	645	3
1351	0.569353	52.316	39	1.34144	-0.0348464	0.0266936	25	245	65	645	3
1357	0.569353	33.2064	39	0.851447	-0.0110141	0.0274605	25	245	65	645	3
1359	0.569353	36.7646	39	0.942682	-0.0093324	0.0275233	25	245	65	645	3
1362	0.569353	45.7557	39	1.17322	-0.0224464	0.0270577	25	245	65	645	3
1363	0.569353	22.8538	39	0.585994	-0.0174516	0.0271622	25	245	65	645	3
1368	0.569353	42.2321	39	1.08287	-0.00645167	0.0275583	25	245	65	645	3
1369	0.569353	41.4619	39	1.06313	-0.0160825	0.0272429	25	245	65	645	3
1376	0.569353	39.5981	39	1.01534	-0.0291347	0.0268572	25	245	65	645	3
1382	0.569353	26.6677	39	0.683788	-0.00995836	0.0274349	25	245	65	645	3
1383	0.569353	29.0355	39	0.744499	-0.0392978	0.0264931	25	245	65	645	3
1409	0.569353	60.0611	39	1.54003	0.0269559	0.0287378	25	245	65	645	3
1422	0.569353	42.3107	39	1.08489	0.00604366	0.0280407	25	245	65	645	3
1429	0.569353	45.0299	39	1.15461	-0.0131234	0.0273767	25	245	65	645	3
1431	0.569353	34.9614	39	0.896447	-0.00804801	0.0275405	25	245	65	645	3
1434	0.569353	25.1018	39	0.643637	-0.0335771	0.0267436	25	245	65	645	3
1438	0.569353	41.7942	39	1.07165	-0.0205843	0.0270745	25	245	65	645	3
1439	0.569353	47.8301	39	1.22641	0.0180265	0.0283956	25	245	65	645	3
1443	0.569353	33.9364	39	0.870164	-0.0127464	0.027397	25	245	65	645	3
1444	0.569353	51.7424	39	1.32673	-0.0134469	0.0273419	25	245	65	645	3
1445	0.569353	37.2479	39	0.955074	-0.0398805	0.0264826	25	245	65	645	3
1447	0.569353	37.6921	39	0.966465	-0.0131935	0.0273567	25	245	65	645	3
1453	0.569353	40.4455	39	1.03706	-0.0332892	0.0266645	25	245	65	645	3
1473	0.569353	64.2559	39	1.64759	-0.045392	0.0262279	25	245	65	645	3
1479	0.569353	45.6045	39	1.16935	0.0142379	0.0283526	25	245	65	645	3
1497	0.569353	41.2483	39	1.05765	0.000113591	0.0278273	25	245	65	645	3
1503	0.569353	39.8158	39	1.02092	0.0244061	0.0286039	25	245	65	645	3
1505	0.569353	46.5651	39	1.19398	0.00581952	0.0279801	25	245	65	645	3
1507	0.569353	31.5295	39	0.808448	-0.00639237	0.0275714	25	245	65	645	3
1509	0.569353	30.0197	39	0.769735	0.00797509	0.0280272	25	245	65	645	3
1510	0.569353	39.3376	39	1.00866	-0.0200039	0.0271775	25	245	65	645	3
1511	0.569353	31.0908	39	0.797199	-0.00345775	0.0276567	25	245	65	645	3
1514	0.569353	40.4801	39	1.03795	-0.0165373	0.0272657	25	245	65	645	3
1516	0.569353	39.4566	39	1.01171	-0.0146446	0.0273255	25	245	65	645	3
1519	0.569353	42.584	39	1.0919	-0.037781	0.0266063	25	245	65	645	3
1520	0.569353	51.4162	39	1.31836	-0.00767066	0.0274935	25	245	65	645	3
1526	0.569353	50.5024	39	1.29493	-0.00830454	0.0274935	25	245	65	645	3
1528	0.569353	37.466	39	0.960667	-0.0464933	0.0262939	25	245	65	645	3
1536	0.569353	31.6733	39	0.812135	-0.0319352	0.0267732	25	245	65	645	3
1539	0.569353	31.528	39	0.808409	-0.00590225	0.0275236	25	245	65	645	3
1553	0.569353	50.24	39	1.2882	0.0489644	0.0294318	25	245	65	645	3
1558	0.569353	53.7165	39	1.37735	-0.00830113	0.0276387	25	245	65	645	3
1564	0.569353	31.8888	39	0.817661	-0.00442228	0.0276806	25	245	65	645	3
1570	0.569353	41.3181	39	1.05944	-0.0018171	0.0277513	25	245	65	645	3
1576	0.569353	60.9386	39	1.56253	-0.00595279	0.0275928	25	245	65	645	3
1579	0.569353	37.512	39	0.961845	-0.0136477	0.0273673	25	245	65	645	3
1581	0.569353	30.6378	39	0.785584	-0.0395499	0.0265344	25	245	65	645	3
1583	0.569353	25.2484	39	0.647395	-0.0117564	0.0273488	25	245	65	645	3
1584	0.569353	46.9112	39	1.20285	-0.0317054	0.0267874	25	245	65	645	3
1590	0.569353	36.6462	39	0.939647	-0.0241976	0.0269646	25	245	65	645	3
1591	0.569353	35.4626	39	0.909298	-0.0421862	0.0264054	25	245	65	645	3
1595	0.569353	47.986	39	1.23041	-0.0211497	0.0270697	25	245	65	645	3
1596	0.569353	37.7539	39	0.968048	-0.0103683	0.0273863	25	245	65	645	3
1598	0.569353	26.3926	39	0.676734	-0.00539289	0.0275814	25	245	65	645	3
1602	0.569353	36.5392	39	0.936902	-0.032165	0.0267205	25	245	65	645	3
1609	0.569353	37.7716	39	0.968503	-0.00916719	0.0273344	25	245	65	645	3
1610	0.569353	62.5292	39	1.60331	-0.0224322	0.0269893	25	245	65	645	3
1621	0.569353	35.7112	39	0.915672	-0.033169	0.0267261	25	245	65	645	3
1622	0.569353	41.2131	39	1.05675	-0.0461982	0.0261624	25	245	65	645	3
1623	0.569353	41.6463	39	1.06785	-0.0271807	0.0268524	25	245	65	645	3
1640	0.569353	52.9513	39	1.35773	0.038793	0.0290626	25	245	65	645	3
1645	0.569353	51.9774	39	1.33275	0.000338549	0.027852	25	245	65	645	3
1650	0.569353	56.7123	39	1.45416	0.0147841	0.0282674	25	245	65	645	3
1654	0.569353	50.8279	39	1.30328	0.0092172	0.0280808	25	245	65	645	3
1656	0.569353	41.3795	39	1.06101	-0.0362947	0.0266778	25	245	65	645	3
1659	0.569353	30.4503	39	0.780778	-0.0188532	0.0272139	25	245	65	645	3
1662	0.569353	63.5983	39	1.63073	-0.015776	0.0272808	25	245	65	645	3
1663	0.569353	29.7858	39	0.763738	-0.00581371	0.0275807	25	245	65	645	3
1664	0.569353	36.0133	39	0.923419	0.0288018	0.0286907	25	245	65	645	3
1666	0.569353	22.703	39	0.582128	-0.013957	0.027385	25	245	65	645	3
1667	0.569353	38.3325	39	0.982883	-0.028326	0.026874	25	245	65	645	3
1668	0.569353	60.4615	39	1.5503	0.0154833	0.0283171	25	245	65	645	3
1673	0.569353	33.2138	39	0.851635	-0.0192043	0.0271049	25	245	65	645	3
1676	0.569353	41.0493	39	1.05255	-0.00367861	0.0275937	25	245	65	645	3
1680	0.569353	45.2605	39	1.16053	0.0105138	0.0281189	25	245	65	645	3
1684	0.569353	37.8983	39	0.97175	-0.0377627	0.0265809	25	245	65	645	3
1685	0.569353	36.7558	39	0.942455	-0.00229959	0.027654	25	245	65	645	3
1688	0.569353	34.1266	39	0.875041	-0.0372431	0.0266229	25	245	65	645	3
1691	0.569353	32.7252	39	0.839108	-0.0189334	0.0271476	25	245	65	645	3
1695	0.569353	34.2742	39	0.878826	-0.0263933	0.0269645	25	245	65	645	3
1701	0.569353	29.7154	39	0.761934	-0.0334353	0.0266876	25	245	65	645	3
1714	0.569353	27.6533	39	0.709059	-0.0475063	0.0262016	25	245	65	645	3
1734	0.569353	35.1322	39	0.900825	0.014187	0.0282397	25	245	65	645	3
1742	0.569353	43.9805	39	1.1277	0.00598161	0.0279883	25	245	65	645	3
1745	0.569353	51.4865	39	1.32017	-0.00897861	0.02752	25	245	65	645	3
1747	0.569353	60.7295	39	1.55717	0.0139054	0.0281864	25	245	65	645	3
1748	0.569353	51.6265	39	1.32376	0.00661372	0.0279689	25	245	65	645	3
1751	0.569353	35.1971	39	0.902491	0.0245342	0.028538	25	245	65	645	3
1753	0.569353	56.2034	39	1.44111	0.0268386	0.0285658	25	245	65	645	3
1754	0.569353	44.6649	39	1.14525	0.0393101	0.0290311	25	245	65	645	3
1756	0.569353	39.5979	39	1.01533	-0.0143037	0.0272919	25	245	65	645	3
1760	0.569353	39.7097	39	1.0182	-0.00584355	0.0275725	25	245	65	645	3
1765	0.569353	27.6618	39	0.709276	-0.0115572	0.0273582	25	245	65	645	3
1766	0.569353	26.0923	39	0.669034	-0.0171268	0.0272111	25	245	65	645	3
1769	0.569353	46.7212	39	1.19798	-0.0362975	0.0266331	25	245	65	645	3
1771	0.569353	40.2829	39	1.03289	-0.0389638	0.0265628	25	245	65	645	3
1774	0.569353	28.6339	39	0.734204	-0.021583	0.0270472	25	245	65	645	3
1783	0.569353	34.9942	39	0.897287	-0.0110947	0.0273793	25	245	65	645	3
1825	0.569353	31.6916	39	0.812606	0.00421462	0.0279641	25	245	65	645	3
1827	0.569353	27.951	39	0.716692	0.00895477	0.0281066	25	245	65	645	3
1830	0.569353	45.6145	39	1.1696	0.00705142	0.0280142	25	245	65	645	3
1834	0.569353	33.6984	39	0.864063	0.0104176	0.0281264	25	245	65	645	3
1836	0.569353	53.0562	39	1.36042	0.0112289	0.0281988	25	245	65	645	3
1839	0.569353	33.8498	39	0.867943	0.00389213	0.0279181	25	245	65	645	3
1841	0.569353	31.7809	39	0.814896	-0.000176275	0.0277954	25	245	65	645	3
1844	0.569353	36.0876	39	0.925324	0.0194953	0.0284368	25	245	65	645	3
1849	0.569353	33.699	39	0.864077	-0.00143114	0.0277011	25	245	65	645	3
1850	0.569353	27.66	39	0.709231	-0.0143034	0.0272985	25	245	65	645	3
1852	0.569353	30.5588	39	0.783558	0.00749114	0.0279884	25	245	65	645	3
1854	0.569353	36.26	39	0.929744	-0.00809514	0.0274459	25	245	65	645	3
1855	0.569353	30.9703	39	0.794111	-0.0086968	0.0274643	25	245	65	645	3
1862	0.569353	49.1575	39	1.26045	-0.0120014	0.0273376	25	245	65	645	3
1866	0.569353	46.5455	39	1.19347	0.00485923	0.0278748	25	245	65	645	3
1873	0.569353	48.6977	39	1.24866	-0.0261644	0.0268263	25	245	65	645	3
1881	0.569353	43.3773	39	1.11224	-0.0105253	0.0273524	25	245	65	645	3
1889	0.569353	47.0228	39	1.20571	-0.0422578	0.0263383	25	245	65	645	3
1895	0.569353	35.2419	39	0.903639	0.0292094	0.0287341	25	245	65	645	3
1897	0.569353	53.2254	39	1.36475	0.0471457	0.0294168	25	245	65	645	3
1899	0.569353	44.1936	39	1.13317	-0.00525301	0.0276662	25	245	65	645	3
1912	0.569353	37.674	39	0.966001	-0.0136315	0.0273472	25	245	65	645	3
1916	0.569353	39.7619	39	1.01954	0.000648876	0.0277528	25	245	65	645	3
1918	0.569353	38.0567	39	0.975812	-0.0281182	0.026825	25	245	65	645	3
1919	0.569353	37.366	39	0.958101	0.00676727	0.0279445	25	245	65	645	3
1921	0.569353	30.2364	39	0.775292	-0.0037131	0.0276218	25	245	65	645	3
1923	0.569353	39.811	39	1.02079	0.0192437	0.028366	25	245	65	645	3
1924	0.569353	32.0458	39	0.821687	0.031652	0.0287432	25	245	65	645	3
1928	0.569353	36.8257	39	0.944248	-0.0422883	0.026407	25	245	65	645	3
1931	0.569353	42.8727	39	1.0993	0.00755275	0.0279724	25	245	65	645	3
1938	0.569353	39.7981	39	1.02046	-0.0345979	0.0265492	25	245	65	645	3
1972	0.569353	55.6341	39	1.42651	0.0232502	0.0285041	25	245	65	645	3
1974	0.569353	43.0287	39	1.1033	0.0224082	0.0284868	25	245	65	645	3
1975	0.569353	47.2042	39	1.21036	0.0189706	0.0283784	25	245	65	645	3
1977	0.569353	46.8953	39	1.20244	0.0149046	0.0282588	25	245	65	645	3
1979	0.569353	31.395	39	0.804999	0.00119464	0.0278079	25	245	65	645	3
1989	0.569353	35.7415	39	0.916449	0.0286077	0.0286341	25	245	65	645	3
1990	0.569353	44.9348	39	1.15218	-0.00601927	0.0275697	25	245	65	645	3
1991	0.569353	33.2602	39	0.852827	0.0168595	0.0282454	25	245	65	645	3
1994	0.569353	29.8464	39	0.765291	0.006385	0.0279366	25	245	65	645	3
1995	0.569353	54.1533	39	1.38855	0.00876331	0.0280195	25	245	65	645	3
1996	0.569353	51.9278	39	1.33148	0.0214455	0.0284285	25	245	65	645	3
2005	0.569353	43.4639	39	1.11446	-0.0243538	0.0269329	25	245	65	645	3
2006	0.569353	22.8827	39	0.586736	-0.0161525	0.0272372	25	245	65	645	3
2010	0.569353	44.6748	39	1.14551	0.000748747	0.0277654	25	245	65	645	3
2015	0.569353	37.2401	39	0.954875	-0.0201136	0.0270564	25	245	65	645	3
2016	0.569353	38.7739	39	0.994203	0.00787622	0.0279184	25	245	65	645	3
2029	0.569353	32.1165	39	0.8235	-0.0164589	0.0270692	25	245	65	645	3
2039	0.569353	41.2311	39	1.05721	-0.0273902	0.0268121	25	245	65	645	3
2056	0.569353	57.2754	39	1.4686	0.0196886	0.0284828	25	245	65	645	3
2058	0.569353	36.6995	39	0.941012	0.0246684	0.0285697	25	245	65	645	3
2064	0.569353	51.5107	39	1.32079	-0.0154004	0.0273281	25	245	65	645	3
2066	0.569353	30.717	39	0.787616	0.0222116	0.0284496	25	245	65	645	3
2067	0.569353	42.3908	39	1.08694	0.0202129	0.028441	25	245	65	645	3
2068	0.569353	25.1529	39	0.644947	0.00569564	0.0279343	25	245	65	645	3
2072	0.569353	37.7409	39	0.967715	0.0112183	0.0281555	25	245	65	645	3
2076	0.569353	36.5181	39	0.936361	0.0125911	0.0281482	25	245	65	645	3
2078	0.569353	43.8448	39	1.12423	0.0205474	0.0284375	25	245	65	645	3
2079	0.569353	53.099	39	1.36151	-0.0095606	0.0274703	25	245	65	645	3
2082	0.569353	42.0662	39	1.07862	0.0198656	0.0283957	25	245	65	645	3
2084	0.569353	42.6321	39	1.09313	-0.0281077	0.0268665	25	245	65	645	3
2087	0.569353	25.3374	39	0.649678	-0.00529339	0.027536	25	245	65	645	3
2090	0.569353	23.3276	39	0.598145	-0.0273229	0.0268725	25	245	65	645	3
2091	0.569353	56.5748	39	1.45064	-0.0274655	0.0268989	25	245	65	645	3
2092	0.569353	38.5907	39	0.989505	0.00344081	0.0278267	25	245	65	645	3
2094	0.569353	32.4658	39	0.832456	-0.0121699	0.0273004	25	245	65	645	3
2095	0.569353	28.207	39	0.723256	-0.0197968	0.0271088	25	245	65	645	3
2096	0.569353	36.6524	39	0.939804	-0.0243249	0.0269141	25	245	65	645	3
2099	0.569353	31.7674	39	0.814549	0.00150615	0.0277884	25	245	65	645	3
2104	0.569353	41.3068	39	1.05915	-0.0160484	0.0272142	25	245	65	645	3
2108	0.569353	41.4011	39	1.06157	-0.00693684	0.0275251	25	245	65	645	3
2114	0.569353	28.9483	39	0.742263	-0.0177327	0.0271766	25	245	65	645	3
2118	0.569353	43.7717	39	1.12235	-0.00527079	0.0275186	25	245	65	645	3
2161	0.569353	35.6652	39	0.914493	-0.0066874	0.0275365	25	245	65	645	3
2163	0.569353	34.0288	39	0.872532	0.0155351	0.028236	25	245	65	645	3
2165	0.569353	29.1679	39	0.747895	-0.00682618	0.0275195	25	245	65	645	3
2166	0.569353	36.9157	39	0.946558	-0.0125216	0.0273662	25	245	65	645	3
2168	0.569353	38.5809	39	0.989253	0.00312317	0.0278714	25	245	65	645	3
2170	0.569353	38.3197	39	0.982556	0.0239661	0.0285367	25	245	65	645	3
2174	0.569353	29.0596	39	0.745117	-0.00630588	0.027508	25	245	65	645	3
2175	0.569353	32.9138	39	0.843944	-0.0166775	0.0271742	25	245	65	645	3
2177	0.569353	31.8885	39	0.817655	-0.024994	0.0269154	25	245	65	645	3
2179	0.569353	57.4155	39	1.47219	0.00070928	0.0277269	25	245	65	645	3
2192	0.569353	30.1178	39	0.772251	-0.0178397	0.0271022	25	245	65	645	3
2197	0.569353	38.7741	39	0.994208	0.000837001	0.0276845	25	245	65	645	3
2198	0.569353	37.5203	39	0.962058	-0.0258071	0.0268645	25	245	65	645	3
2215	0.569353	52.1445	39	1.33704	0.0367738	0.0290575	25	245	65	645	3
2217	0.569353	35.7409	39	0.916433	0.0226045	0.0285329	25	245	65	645	3
2225	0.569353	37.792	39	0.969024	-0.00445609	0.0276409	25	245	65	645	3
2228	0.569353	59.0761	39	1.51477	0.0399877	0.0290654	25	245	65	645	3
2231	0.569353	41.3814	39	1.06106	0.0116548	0.0280944	25	245	65	645	3
2235	0.569353	47.9917	39	1.23056	0.0126045	0.0281892	25	245	65	645	3
2237	0.569353	34.9474	39	0.896088	0.00755948	0.0279809	25	245	65	645	3
2238	0.569353	44.7529	39	1.14751	-0.0104793	0.027397	25	245	65	645	3
2242	0.569353	36.8299	39	0.944358	0.0284968	0.0286574	25	245	65	645	3
2243	0.569353	40.9036	39	1.04881	-0.000488456	0.0277155	25	245	65	645	3
2245	0.569353	33.026	39	0.84682	0.0106434	0.0280619	25	245	65	645	3
2246	0.569353	51.0988	39	1.31023	0.034449	0.0288466	25	245	65	645	3
2248	0.569353	33.2313	39	0.852084	-0.00290883	0.0276509	25	245	65	645	3
2249	0.569353	33.9395	39	0.870242	0.0235339	0.0285016	25	245	65	645	3
2253	0.569353	37.0779	39	0.950715	-0.00393235	0.0275655	25	245	65	645	3
2254	0.569353	43.5292	39	1.11613	-0.0246864	0.0269565	25	245	65	645	3
2255	0.569353	36.1838	39	0.927789	-0.0393909	0.026461	25	245	65	645	3
2256	0.569353	24.3733	39	0.624957	-0.0339312	0.0266275	25	245	65	645	3
2258	0.569353	28.6381	39	0.734311	-0.00274501	0.0276287	25	245	65	645	3
2267	0.569353	34.258	39	0.87841	-0.0171641	0.0271902	25	245	65	645	3
2269	0.569353	29.9214	39	0.767215	-2.50302e-05	0.0276469	25	245	65	645	3
2270	0.569353	44.7403	39	1.14719	-0.02685	0.0268721	25	245	65	645	3
2272	0.569353	33.8149	39	0.867048	0.0223886	0.0283239	25	245	65	645	3
2276	0.569353	33.1031	39	0.848798	-0.0229837	0.0268879	25	245	65	645	3
2288	0.569353	37.8112	39	0.969519	-0.0381752	0.0264874	25	245	65	645	3
2307	0.569353	47.5172	39	1.21839	0.0375083	0.0290182	25	245	65	645	3
2308	0.569353	30.268	39	0.776103	0.0258968	0.0285261	25	245	65	645	3
2309	0.569353	37.6245	39	0.964731	0.00267914	0.0278605	25	245	65	645	3
2310	0.569353	51.4745	39	1.31986	0.0215687	0.0284931	25	245	65	645	3
2312	0.569353	27.2123	39	0.697751	-0.00515126	0.0275947	25	245	65	645	3
2317	0.569353	46.8714	39	1.20183	0.03275	0.028819	25	245	65	645	3
2318	0.569353	27.0603	39	0.693853	0.0196208	0.0283717	25	245	65	645	3
2320	0.569353	38.2968	39	0.981969	0.000779838	0.02778	25	245	65	645	3
2325	0.569353	24.0709	39	0.617203	0.00386123	0.0278574	25	245	65	645	3
2326	0.569353	31.081	39	0.796949	0.00251112	0.0278487	25	245	65	645	3
2329	0.569353	39.8273	39	1.02121	0.0240807	0.0285464	25	245	65	645	3
2330	0.569353	32.6855	39	0.838089	0.0179053	0.028289	25	245	65	645	3
2332	0.569353	40.9104	39	1.04898	0.00595408	0.0279817	25	245	65	645	3
2333	0.569353	39.4936	39	1.01266	-0.0337322	0.0266737	25	245	65	645	3
2334	0.569353	35.9332	39	0.921364	0.00706859	0.0279835	25	245	65	645	3
2335	0.569353	37.2267	39	0.954532	0.0118781	0.0281107	25	245	65	645	3
2338	0.569353	30.6094	39	0.784856	-0.00114094	0.0276842	25	245	65	645	3
2339	0.569353	35.12	39	0.900513	0.00393119	0.0278567	25	245	65	645	3
2340	0.569353	48.7372	39	1.24967	-0.00791191	0.0274819	25	245	65	645	3
2341	0.569353	53.6355	39	1.37527	0.0101796	0.0280612	25	245	65	645	3
2343	0.569353	24.1749	39	0.619869	0.0102879	0.0280434	25	245	65	645	3
2344	0.569353	36.6859	39	0.940665	0.00500627	0.0278923	25	245	65	645	3
2347	0.569353	34.7644	39	0.891395	-0.0441261	0.0262929	25	245	65	645	3
2348	0.569353	49.7425	39	1.27545	0.0215887	0.0284118	25	245	65	645	3
2349	0.569353	50.4951	39	1.29475	0.00730075	0.0279217	25	245	65	645	3
2350	0.569353	29.5209	39	0.756946	-0.0045076	0.0275313	25	245	65	645	3
2352	0.569353	26.0134	39	0.667011	0.00717124	0.0279271	25	245	65	645	3
2354	0.569353	28.8368	39	0.739406	-0.00844535	0.0274564	25	245	65	645	3
2356	0.569353	19.5783	39	0.502009	-0.0015159	0.0276351	25	245	65	645	3
2357	0.569353	45.8047	39	1.17448	0.00721671	0.0279528	25	245	65	645	3
2360	0.569353	43.3833	39	1.11239	0.00480069	0.0278448	25	245	65	645	3
2362	0.569353	37.735	39	0.967565	-0.00701902	0.0274766	25	245	65	645	3
2370	0.569353	21.8875	39	0.561219	-0.0152437	0.0271666	25	245	65	645	3
2373	0.569353	33.5784	39	0.860986	-0.0458721	0.0262093	25	245	65	645	3
2375	0.569353	41.3369	39	1.05992	0.0161241	0.0281676	25	245	65	645	3
2380	0.569353	28.7503	39	0.737186	-0.0366766	0.0265113	25	245	65	645	3
2383	0.569353	48.8831	39	1.25341	-0.0174597	0.0270591	25	245	65	645	3
2384	0.569353	24.2127	39	0.620839	-0.00948214	0.0273734	25	245	65	645	3
2403	0.569353	45.0793	39	1.15588	0.074925	0.0302507	25	245	65	645	3
2407	0.569353	35.3804	39	0.907189	0.0407737	0.0290968	25	245	65	645	3
2408	0.569353	60.9232	39	1.56213	0.0304906	0.0287913	25	245	65	645	3
2411	0.569353	42.2377	39	1.08302	0.023483	0.0284918	25	245	65	645	3
2414	0.569353	54.3724	39	1.39416	0.0319516	0.0287914	25	245	65	645	3
2415	0.569353	53.3377	39	1.36763	0.0185511	0.0283506	25	245	65	645	3
2422	0.569353	45.5548	39	1.16807	0.0061798	0.0279704	25	245	65	645	3
2423	0.569353	40.8015	39	1.04619	0.0282281	0.0286028	25	245	65	645	3
2424	0.569353	36.8559	39	0.945023	-0.000964056	0.0276781	25	245	65	645	3
2425	0.569353	50.4508	39	1.29361	0.0326183	0.0287637	25	245	65	645	3
2426	0.569353	32.5823	39	0.835444	-0.0115434	0.0273476	25	245	65	645	3
2428	0.569353	37.1638	39	0.952919	0.0279774	0.0286161	25	245	65	645	3
2429	0.569353	46.5552	39	1.19372	0.0410956	0.0290428	25	245	65	645	3
2433	0.569353	36.5555	39	0.937321	-0.0154397	0.0272279	25	245	65	645	3
2434	0.569353	31.4811	39	0.807207	-0.00626515	0.0274759	25	245	65	645	3
2435	0.569353	41.276	39	1.05836	0.0176272	0.0282907	25	245	65	645	3
2436	0.569353	28.2638	39	0.724713	-0.0240571	0.0269689	25	245	65	645	3
2438	0.569353	49.0689	39	1.25818	-0.0180367	0.0271531	25	245	65	645	3
2442	0.569353	30.821	39	0.790282	-0.00776151	0.0274278	25	245	65	645	3
2443	0.569353	37.1863	39	0.953494	0.0200897	0.0283714	25	245	65	645	3
2444	0.569353	57.2112	39	1.46695	0.00287688	0.027776	25	245	65	645	3
2445	0.569353	36.6058	39	0.938611	-0.0152462	0.0272369	25	245	65	645	3
2448	0.569353	34.8049	39	0.892433	-0.0272643	0.02683	25	245	65	645	3
2451	0.569353	34.3324	39	0.880317	-0.00946256	0.0273781	25	245	65	645	3
2452	0.569353	28.9641	39	0.742669	-0.0240126	0.026926	25	245	65	645	3
2456	0.569353	28.4464	39	0.729395	-0.000224634	0.0276358	25	245	65	645	3
2459	0.569353	42.3451	39	1.08577	-0.0208267	0.027043	25	245	65	645	3
2473	0.569353	45.3625	39	1.16314	-0.0328104	0.0266286	25	245	65	645	3
2475	0.569353	41.6874	39	1.06891	-0.0347884	0.0265114	25	245	65	645	3
2490	0.569353	55.3857	39	1.42015	0.0416682	0.0291213	25	245	65	645	3
2494	0.569353	35.0691	39	0.899207	0.00295281	0.0278359	25	245	65	645	3
2495	0.569353	40.9531	39	1.05008	0.0334329	0.028866	25	245	65	645	3
2496	0.569353	42.4222	39	1.08775	0.0383785	0.0289935	25	245	65	645	3
2498	0.569353	38.5029	39	0.987253	0.00044887	0.0277608	25	245	65	645	3
2503	0.569353	44.7039	39	1.14626	0.0166104	0.0282782	25	245	65	645	3
2506	0.569353	38.3477	39	0.983274	0.0276922	0.0286382	25	245	65	645	3
2510	0.569353	27.9876	39	0.717631	0.0110476	0.0280588	25	245	65	645	3
2511	0.569353	36.7901	39	0.943336	0.0159309	0.0282701	25	245	65	645	3
2512	0.569353	37.8193	39	0.969726	-0.000373876	0.0276812	25	245	65	645	3
2513	0.569353	32.1496	39	0.824349	0.00847474	0.0279824	25	245	65	645	3
2514	0.569353	30.6117	39	0.784916	0.014358	0.0281705	25	245	65	645	3
2522	0.569353	24.5279	39	0.628921	-0.00305937	0.0276219	25	245	65	645	3
2523	0.569353	47.6279	39	1.22123	-0.00907407	0.0273636	25	245	65	645	3
2524	0.569353	41.3372	39	1.05993	-0.000973842	0.0276369	25	245	65	645	3
2525	0.569353	44.4386	39	1.13945	-0.0321954	0.026658	25	245	65	645	3
2526	0.569353	38.4605	39	0.986168	-0.016451	0.0271866	25	245	65	645	3
2527	0.569353	38.5962	39	0.989646	-0.0260318	0.0268448	25	245	65	645	3
2528	0.569353	34.0659	39	0.873484	0.00605318	0.027906	25	245	65	645	3
2531	0.569353	49.345	39	1.26526	0.00366582	0.0277867	25	245	65	645	3
2532	0.569353	43.5583	39	1.11688	0.00114629	0.0277013	25	245	65	645	3
2533	0.569353	32.4531	39	0.83213	-0.0151003	0.027185	25	245	65	645	3
2536	0.569353	34.943	39	0.895974	-0.0187812	0.0270746	25	245	65	645	3
2538	0.569353	41.4263	39	1.06221	-0.0326319	0.0266585	25	245	65	645	3
2541	0.569353	31.8567	39	0.816838	0.00645637	0.0278926	25	245	65	645	3
2543	0.569353	37.6928	39	0.966481	-0.0116079	0.0272593	25	245	65	645	3
2547	0.569353	43.6454	39	1.11911	-0.0402811	0.0264189	25	245	65	645	3
2548	0.569353	41.2447	39	1.05756	0.0131269	0.0281078	25	245	65	645	3
2549	0.569353	33.4543	39	0.857803	-0.0299917	0.0267015	25	245	65	645	3
2550	0.569353	21.0769	39	0.540432	-0.04697	0.0261746	25	245	65	645	3
2551	0.569353	27.3186	39	0.700476	-0.015108	0.0272095	25	245	65	645	3
2552	0.569353	42.7738	39	1.09676	-0.0271847	0.026791	25	245	65	645	3
2558	0.569353	25.5051	39	0.653977	-0.0372101	0.0264396	25	245	65	645	3
2575	0.569353	44.4933	39	1.14085	0.0342378	0.0288665	25	245	65	645	3
2576	0.569353	32.0163	39	0.820931	0.0270209	0.0286346	25	245	65	645	3
2582	0.569353	40.8106	39	1.04643	0.0381861	0.0290086	25	245	65	645	3
2583	0.569353	50.3823	39	1.29185	0.04646	0.0292321	25	245	65	645	3
2585	0.569353	68.9159	39	1.76708	0.0364683	0.0289591	25	245	65	645	3
2586	0.569353	40.2567	39	1.03222	0.0167711	0.0282522	25	245	65	645	3
2589	0.569353	46.2923	39	1.18698	0.0358725	0.0288826	25	245	65	645	3
2591	0.569353	33.4394	39	0.857419	-0.0127674	0.02734	25	245	65	645	3
2593	0.569353	56.4045	39	1.44627	0.00708775	0.0279757	25	245	65	645	3
2595	0.569353	42.7073	39	1.09506	0.0180072	0.0283181	25	245	65	645	3
2596	0.569353	37.8153	39	0.969624	0.0447558	0.0291746	25	245	65	645	3
2598	0.569353	27.5411	39	0.706183	0.0132402	0.0281102	25	245	65	645	3
2601	0.569353	47.6269	39	1.2212	-0.0165987	0.0271922	25	245	65	645	3
2602	0.569353	39.2118	39	1.00543	-0.00990272	0.0273687	25	245	65	645	3
2604	0.569353	40.4237	39	1.03651	0.0119913	0.0280802	25	245	65	645	3
2605	0.569353	32.9625	39	0.845191	-0.0109189	0.0274073	25	245	65	645	3
2610	0.569353	33.9984	39	0.871755	-0.00275989	0.0276332	25	245	65	645	3
2611	0.569353	30.3719	39	0.778767	0.0204995	0.0283461	25	245	65	645	3
2613	0.569353	25.0245	39	0.641653	0.00352778	0.027763	25	245	65	645	3
2614	0.569353	38.969	39	0.999204	-0.00536615	0.02752	25	245	65	645	3
2618	0.569353	36.7069	39	0.941203	-0.015035	0.0272317	25	245	65	645	3
2625	0.569353	25.1415	39	0.644654	-0.0141659	0.0272206	25	245	65	645	3
2626	0.569353	40.1152	39	1.0286	0.0070187	0.0278827	25	245	65	645	3
2632	0.569353	47.0538	39	1.20651	-0.0354758	0.0265018	25	245	65	645	3
2636	0.569353	39.1954	39	1.00501	-0.0196407	0.0270113	25	245	65	645	3
2660	0.569353	41.7288	39	1.06997	0.0371851	0.0289725	25	245	65	645	3
2664	0.569353	53.5182	39	1.37226	0.0551033	0.0295353	25	245	65	645	3
2668	0.569353	32.5619	39	0.83492	0.015444	0.0282541	25	245	65	645	3
2672	0.569353	32.438	39	0.831744	0.0288205	0.0286573	25	245	65	645	3
2673	0.569353	35.2007	39	0.902583	0.00862805	0.0279441	25	245	65	645	3
2674	0.569353	25.8793	39	0.663572	0.0682435	0.0299137	25	245	65	645	3
2678	0.569353	49.237	39	1.26249	0.0260086	0.0285688	25	245	65	645	3
2680	0.569353	34.2075	39	0.877116	0.0228534	0.0284056	25	245	65	645	3
2681	0.569353	24.8002	39	0.635902	-0.0152308	0.0272519	25	245	65	645	3
2683	0.569353	42.9549	39	1.10141	0.0177258	0.0283265	25	245	65	645	3
2688	0.569353	40.7507	39	1.04489	-0.00491861	0.0275491	25	245	65	645	3
2690	0.569353	44.913	39	1.15161	0.0272091	0.0285566	25	245	65	645	3
2696	0.569353	35.3603	39	0.906674	0.0345337	0.0288047	25	245	65	645	3
2697	0.569353	48.4527	39	1.24238	0.0302241	0.0286459	25	245	65	645	3
2698	0.569353	58.975	39	1.51218	0.0133554	0.0281013	25	245	65	645	3
2705	0.569353	24.6364	39	0.631703	0.0187399	0.0282361	25	245	65	645	3
2706	0.569353	26.2489	39	0.673049	-0.00209631	0.0276478	25	245	65	645	3
2709	0.569353	52.2683	39	1.34021	-0.0133779	0.0272375	25	245	65	645	3
2711	0.569353	29.0652	39	0.745262	-0.00665932	0.0274437	25	245	65	645	3
2713	0.569353	31.5565	39	0.809141	0.0054304	0.0278119	25	245	65	645	3
2715	0.569353	38.6271	39	0.990438	-0.00342994	0.0275772	25	245	65	645	3
2719	0.569353	27.2696	39	0.699221	-0.0115167	0.0272874	25	245	65	645	3
2723	0.569353	42.044	39	1.07805	-0.0320538	0.0266279	25	245	65	645	3
2724	0.569353	47.8744	39	1.22755	-0.0328726	0.0266483	25	245	65	645	3
2728	0.569353	38.8297	39	0.995634	-0.0206092	0.026915	25	245	65	645	3
