1	0.597632	45.9044	46	0.997922	0.0380204	0.0205841	18	175	65	645	3
9	0.597632	70.7045	46	1.53705	0.0250504	0.0202516	18	175	65	645	3
11	0.597632	57.4708	46	1.24937	0.0414117	0.0206292	18	175	65	645	3
27	0.597632	65.4512	46	1.42285	-0.0116598	0.0193265	18	175	65	645	3
28	0.597632	71.605	46	1.55663	-0.0143358	0.0192389	18	175	65	645	3
59	0.597632	70.3614	46	1.5296	0.0269294	0.020268	18	175	65	645	3
62	0.597632	51.8656	46	1.12751	0.0283433	0.020309	18	175	65	645	3
70	0.597632	35.8508	46	0.779365	0.0212859	0.0201121	18	175	65	645	3
114	0.597632	61.7312	46	1.34198	0.0323311	0.0203916	18	175	65	645	3
117	0.597632	50.7344	46	1.10292	0.0331766	0.0204185	18	175	65	645	3
130	0.597632	63.491	46	1.38024	0.012612	0.0199009	18	175	65	645	3
172	0.597632	37.8061	46	0.821872	0.00394887	0.0196779	18	175	65	645	3
174	0.597632	53.5764	46	1.1647	-0.00026398	0.0195794	18	175	65	645	3
176	0.597632	33.4925	46	0.728099	0.0410207	0.0206021	18	175	65	645	3
181	0.597632	44.0807	46	0.958277	0.0195956	0.0200648	18	175	65	645	3
199	0.597632	42.5392	46	0.924766	-0.0214481	0.0190564	18	175	65	645	3
206	0.597632	51.8604	46	1.1274	-0.00782641	0.0193903	18	175	65	645	3
213	0.597632	71.8263	46	1.56144	0.0527776	0.0208998	18	175	65	645	3
236	0.597632	40.7654	46	0.886204	-0.00303449	0.0195232	18	175	65	645	3
250	0.597632	56.1979	46	1.22169	-0.0104661	0.019351	18	175	65	645	3
310	0.597632	51.8033	46	1.12616	-0.0203861	0.0191272	18	175	65	645	3
315	0.597632	36.1928	46	0.786801	-0.0426373	0.0185509	18	175	65	645	3
317	0.597632	46.8972	46	1.0195	-0.00505655	0.0194731	18	175	65	645	3
318	0.597632	58.9409	46	1.28132	-0.00838246	0.0193839	18	175	65	645	3
321	0.597632	59.906	46	1.3023	-0.00297033	0.0194896	18	175	65	645	3
347	0.597632	37.8591	46	0.823024	0.0353183	0.0204635	18	175	65	645	3
356	0.597632	41.5498	46	0.903256	0.000668105	0.0195873	18	175	65	645	3
362	0.597632	65.5174	46	1.42429	0.00112412	0.0196071	18	175	65	645	3
371	0.597632	63.9868	46	1.39102	-0.0014989	0.0195596	18	175	65	645	3
377	0.597632	35.5643	46	0.773136	-0.0268429	0.0189482	18	175	65	645	3
397	0.597632	38.4965	46	0.83688	0.045357	0.0206929	18	175	65	645	3
407	0.597632	72.5713	46	1.57764	0.0459338	0.0207242	18	175	65	645	3
413	0.597632	51.6874	46	1.12364	0.0167265	0.0199969	18	175	65	645	3
417	0.597632	56.1256	46	1.22012	0.0310095	0.0203333	18	175	65	645	3
419	0.597632	55.1099	46	1.19804	-0.0119282	0.0192641	18	175	65	645	3
421	0.597632	49.3234	46	1.07225	-0.000321514	0.0195928	18	175	65	645	3
460	0.597632	48.338	46	1.05083	0.0374801	0.0205051	18	175	65	645	3
466	0.597632	40.5175	46	0.880815	0.0249065	0.0201795	18	175	65	645	3
468	0.597632	48.9213	46	1.06351	0.00467537	0.0196838	18	175	65	645	3
477	0.597632	52.2907	46	1.13675	-0.00268913	0.0194947	18	175	65	645	3
479	0.597632	42.6346	46	0.926839	0.0148626	0.0199139	18	175	65	645	3
481	0.597632	64.0348	46	1.39206	-0.0252693	0.0189543	18	175	65	645	3
528	0.597632	40.783	46	0.886588	0.0489559	0.0207821	18	175	65	645	3
531	0.597632	42.1224	46	0.915704	0.0257708	0.0201928	18	175	65	645	3
538	0.597632	49.0567	46	1.06645	0.0198967	0.020026	18	175	65	645	3
543	0.597632	38.1564	46	0.829487	-0.0110061	0.0192976	18	175	65	645	3
552	0.597632	44.0363	46	0.957311	-0.0246233	0.018968	18	175	65	645	3
556	0.597632	56.7859	46	1.23448	-0.012261	0.0192597	18	175	65	645	3
558	0.597632	58.7119	46	1.27634	-0.0161114	0.0191747	18	175	65	645	3
580	0.597632	65.532	46	1.42461	0.0183885	0.0200428	18	175	65	645	3
583	0.597632	90.6817	46	1.97134	0.0510485	0.0208317	18	175	65	645	3
596	0.597632	56.45	46	1.22717	0.00279771	0.0196182	18	175	65	645	3
609	0.597632	46.0809	46	1.00176	-0.00362813	0.0194743	18	175	65	645	3
641	0.597632	54.6815	46	1.18873	0.0350916	0.0204332	18	175	65	645	3
651	0.597632	48.6828	46	1.05832	0.0236708	0.020156	18	175	65	645	3
668	0.597632	45.8166	46	0.996013	-0.00229652	0.0194875	18	175	65	645	3
681	0.597632	40.5818	46	0.882212	-0.00580062	0.0194227	18	175	65	645	3
686	0.597632	47.4215	46	1.0309	-0.0153475	0.0191734	18	175	65	645	3
727	0.597632	51.3531	46	1.11637	0.00623241	0.0197062	18	175	65	645	3
728	0.597632	46.6063	46	1.01318	-0.00989927	0.0193023	18	175	65	645	3
735	0.597632	57.8931	46	1.25855	-0.0086557	0.0193424	18	175	65	645	3
736	0.597632	43.992	46	0.956348	-0.00435569	0.0194449	18	175	65	645	3
738	0.597632	56.6519	46	1.23156	0.00566774	0.0196993	18	175	65	645	3
747	0.597632	83.8633	46	1.82312	-0.0149792	0.0192062	18	175	65	645	3
750	0.597632	46.8219	46	1.01787	-0.00331572	0.0194383	18	175	65	645	3
757	0.597632	32.7879	46	0.71278	-0.0366856	0.0186463	18	175	65	645	3
764	0.597632	43.1726	46	0.938535	-0.0431354	0.01851	18	175	65	645	3
787	0.597632	68.7583	46	1.49475	0.0292152	0.020274	18	175	65	645	3
797	0.597632	61.976	46	1.3473	0.0272004	0.0202319	18	175	65	645	3
800	0.597632	46.4712	46	1.01024	0.0120584	0.019854	18	175	65	645	3
803	0.597632	56.0198	46	1.21782	-0.0117309	0.0192535	18	175	65	645	3
810	0.597632	43.1017	46	0.936993	-0.0251483	0.0189189	18	175	65	645	3
811	0.597632	45.4782	46	0.988656	-0.00827199	0.0193502	18	175	65	645	3
812	0.597632	34.0894	46	0.741073	-0.0145413	0.0191616	18	175	65	645	3
823	0.597632	42.8506	46	0.931535	-0.0371645	0.0186012	18	175	65	645	3
848	0.597632	69.4131	46	1.50898	0.0558914	0.0209212	18	175	65	645	3
856	0.597632	51.0534	46	1.10986	0.0469907	0.0206998	18	175	65	645	3
862	0.597632	37.186	46	0.808391	0.0161598	0.019954	18	175	65	645	3
873	0.597632	45.576	46	0.990784	0.0194614	0.0200048	18	175	65	645	3
878	0.597632	48.6917	46	1.05851	-0.0180092	0.0191082	18	175	65	645	3
880	0.597632	54.1699	46	1.17761	-0.0223021	0.0190116	18	175	65	645	3
886	0.597632	49.8247	46	1.08315	-0.0194432	0.01908	18	175	65	645	3
890	0.597632	45.7051	46	0.993588	-0.00389295	0.019449	18	175	65	645	3
900	0.597632	28.2673	46	0.614506	-0.0336192	0.0187038	18	175	65	645	3
901	0.597632	27.4716	46	0.597208	-0.0548977	0.0182191	18	175	65	645	3
906	0.597632	43.4913	46	0.945462	0.0538716	0.020894	18	175	65	645	3
917	0.597632	55.4163	46	1.2047	0.0459852	0.0206865	18	175	65	645	3
921	0.597632	40.2157	46	0.874255	0.0410913	0.020533	18	175	65	645	3
931	0.597632	64.2199	46	1.39609	0.0359983	0.0204284	18	175	65	645	3
940	0.597632	53.6616	46	1.16656	0.00860973	0.0197562	18	175	65	645	3
968	0.597632	56.9936	46	1.23899	0.0347462	0.0204029	18	175	65	645	3
969	0.597632	64.7945	46	1.40858	0.0625073	0.0210961	18	175	65	645	3
978	0.597632	49.8361	46	1.08339	0.0213334	0.0200692	18	175	65	645	3
993	0.597632	48.1009	46	1.04567	0.0224425	0.0200608	18	175	65	645	3
994	0.597632	59.7979	46	1.29995	-0.0078677	0.0193529	18	175	65	645	3
996	0.597632	55.6501	46	1.20978	-0.0132599	0.0192002	18	175	65	645	3
998	0.597632	43.821	46	0.952631	0.00924097	0.0197528	18	175	65	645	3
1003	0.597632	39.5665	46	0.860141	-0.017047	0.0191142	18	175	65	645	3
1007	0.597632	42.8211	46	0.930893	-0.0257256	0.0188817	18	175	65	645	3
1009	0.597632	33.9975	46	0.739076	-0.00768808	0.0193458	18	175	65	645	3
1010	0.597632	43.2637	46	0.940515	-0.00881072	0.0193024	18	175	65	645	3
1017	0.597632	56.4877	46	1.22799	-0.0210973	0.019037	18	175	65	645	3
1055	0.597632	28.2096	46	0.613252	0.00182404	0.0195925	18	175	65	645	3
1061	0.597632	41.3454	46	0.898814	0.0394177	0.0204848	18	175	65	645	3
1062	0.597632	41.1222	46	0.893961	0.017139	0.0199339	18	175	65	645	3
1065	0.597632	65.4769	46	1.42341	0.0280493	0.020225	18	175	65	645	3
1072	0.597632	61.6865	46	1.34101	0.0151529	0.0198852	18	175	65	645	3
1076	0.597632	52.9152	46	1.15033	0.00062893	0.0195552	18	175	65	645	3
1085	0.597632	50.6885	46	1.10192	-0.0351474	0.0186676	18	175	65	645	3
1093	0.597632	80.3392	46	1.7465	-0.0525482	0.0182488	18	175	65	645	3
1107	0.597632	41.0106	46	0.891535	0.054403	0.0208886	18	175	65	645	3
1138	0.597632	41.9395	46	0.911728	0.00446161	0.0196308	18	175	65	645	3
1141	0.597632	43.3424	46	0.942226	0.0145335	0.0198673	18	175	65	645	3
1143	0.597632	51.8258	46	1.12665	0.0156114	0.0198876	18	175	65	645	3
1149	0.597632	63.4251	46	1.37881	0.0145295	0.0198642	18	175	65	645	3
1155	0.597632	49.0165	46	1.06558	-0.00413692	0.019402	18	175	65	645	3
1158	0.597632	37.1819	46	0.808301	-0.00109399	0.0194784	18	175	65	645	3
1167	0.597632	46.6267	46	1.01362	-0.00456076	0.0194072	18	175	65	645	3
1172	0.597632	37.3537	46	0.812037	-0.0305327	0.0187865	18	175	65	645	3
1177	0.597632	42.7866	46	0.930143	0.0658307	0.0211516	18	175	65	645	3
1181	0.597632	52.7568	46	1.14689	0.0322188	0.0203104	18	175	65	645	3
1186	0.597632	42.157	46	0.916456	0.0703121	0.0212436	18	175	65	645	3
1199	0.597632	47.7183	46	1.03735	0.0385857	0.0204784	18	175	65	645	3
1222	0.597632	43.3433	46	0.942245	0.000191805	0.0195295	18	175	65	645	3
1227	0.597632	31.1527	46	0.677233	-0.0107648	0.0192396	18	175	65	645	3
1228	0.597632	53.1729	46	1.15593	-0.0103007	0.0192596	18	175	65	645	3
1231	0.597632	46.0999	46	1.00217	0.00595857	0.0196692	18	175	65	645	3
1234	0.597632	41.7299	46	0.907172	-0.0189013	0.0190563	18	175	65	645	3
1236	0.597632	46.9449	46	1.02054	-0.016564	0.0191084	18	175	65	645	3
1239	0.597632	37.5634	46	0.816596	-0.0186981	0.0190675	18	175	65	645	3
1244	0.597632	51.7466	46	1.12493	-0.0310576	0.0187479	18	175	65	645	3
1256	0.597632	39.6558	46	0.862083	0.0530421	0.020839	18	175	65	645	3
1265	0.597632	41.9152	46	0.9112	0.0623281	0.0210434	18	175	65	645	3
1278	0.597632	31.2603	46	0.679572	0.0130427	0.0198068	18	175	65	645	3
1282	0.597632	30.4298	46	0.661517	0.0271025	0.0201708	18	175	65	645	3
1288	0.597632	55.0537	46	1.19682	-0.00976898	0.0193134	18	175	65	645	3
1289	0.597632	45.5002	46	0.989135	0.031174	0.0202822	18	175	65	645	3
1290	0.597632	48.8238	46	1.06139	0.026025	0.0201462	18	175	65	645	3
1298	0.597632	44.8207	46	0.974363	-0.00684582	0.0193575	18	175	65	645	3
1301	0.597632	66.2641	46	1.44052	-0.00388493	0.0194189	18	175	65	645	3
1302	0.597632	47.0657	46	1.02317	-0.0181042	0.0190728	18	175	65	645	3
1303	0.597632	42.7649	46	0.929672	0.000224281	0.0195271	18	175	65	645	3
1326	0.597632	57.0787	46	1.24084	0.0728835	0.021322	18	175	65	645	3
1337	0.597632	47.1133	46	1.0242	0.0380334	0.0204608	18	175	65	645	3
1341	0.597632	39.2944	46	0.854226	0.0221182	0.0200433	18	175	65	645	3
1343	0.597632	41.4741	46	0.901612	0.0347492	0.0203542	18	175	65	645	3
1345	0.597632	37.8599	46	0.823041	0.0310594	0.0202877	18	175	65	645	3
1349	0.597632	69.8794	46	1.51912	0.0360599	0.0204141	18	175	65	645	3
1351	0.597632	68.0031	46	1.47833	0.0202333	0.0200083	18	175	65	645	3
1357	0.597632	42.3505	46	0.920663	0.0181009	0.0199568	18	175	65	645	3
1359	0.597632	50.476	46	1.0973	0.0122119	0.0198295	18	175	65	645	3
1362	0.597632	55.3954	46	1.20425	0.00773543	0.019683	18	175	65	645	3
1363	0.597632	27.3893	46	0.595419	-0.00696115	0.0193108	18	175	65	645	3
1368	0.597632	51.45	46	1.11848	-0.00538784	0.0193773	18	175	65	645	3
1369	0.597632	48.1872	46	1.04755	0.000440538	0.0195146	18	175	65	645	3
1376	0.597632	52.7566	46	1.14688	0.0127661	0.0198121	18	175	65	645	3
1382	0.597632	31.6493	46	0.688029	-0.000794587	0.0194744	18	175	65	645	3
1383	0.597632	32.2021	46	0.700045	-0.0246197	0.0189202	18	175	65	645	3
1409	0.597632	68.3803	46	1.48653	0.0665536	0.0211533	18	175	65	645	3
1422	0.597632	47.5097	46	1.03282	0.0431342	0.0205713	18	175	65	645	3
1429	0.597632	53.4481	46	1.16191	0.0235056	0.020085	18	175	65	645	3
1431	0.597632	41.527	46	0.902761	0.0205654	0.0200082	18	175	65	645	3
1434	0.597632	32.5229	46	0.707019	-0.00208254	0.0194791	18	175	65	645	3
1438	0.597632	47.1221	46	1.02439	0.00305705	0.0195607	18	175	65	645	3
1439	0.597632	53.1832	46	1.15616	0.0435107	0.0205602	18	175	65	645	3
1443	0.597632	43.8728	46	0.953757	0.0171403	0.0199258	18	175	65	645	3
1444	0.597632	55.9555	46	1.21642	0.00731365	0.0196716	18	175	65	645	3
1445	0.597632	41.791	46	0.908501	-0.0222439	0.018979	18	175	65	645	3
1447	0.597632	42.1251	46	0.915763	0.0127064	0.0198081	18	175	65	645	3
1453	0.597632	46.0932	46	1.00203	-0.0124734	0.0191815	18	175	65	645	3
1473	0.597632	68.913	46	1.49811	-0.0431788	0.018444	18	175	65	645	3
1479	0.597632	58.047	46	1.26189	0.0768082	0.0214232	18	175	65	645	3
1497	0.597632	50.7568	46	1.10341	0.0211639	0.0200365	18	175	65	645	3
1503	0.597632	43.6969	46	0.949933	0.0528795	0.020789	18	175	65	645	3
1505	0.597632	51.3536	46	1.11638	0.0225734	0.0200436	18	175	65	645	3
1507	0.597632	38.4681	46	0.836263	0.0255468	0.020111	18	175	65	645	3
1509	0.597632	37.7493	46	0.820638	0.0302143	0.0202152	18	175	65	645	3
1510	0.597632	52.3164	46	1.13731	0.00782041	0.0197086	18	175	65	645	3
1511	0.597632	35.6111	46	0.774153	0.0230538	0.0200525	18	175	65	645	3
1514	0.597632	45.9073	46	0.997984	0.00616124	0.0196635	18	175	65	645	3
1516	0.597632	49.4388	46	1.07476	0.0046345	0.019627	18	175	65	645	3
1519	0.597632	57.3359	46	1.24643	0.00861359	0.0197248	18	175	65	645	3
1520	0.597632	60.8301	46	1.32239	0.00543583	0.0196143	18	175	65	645	3
1526	0.597632	55.4456	46	1.20534	0.000890298	0.0195146	18	175	65	645	3
1528	0.597632	42.8368	46	0.931234	-0.012032	0.0192222	18	175	65	645	3
1536	0.597632	34.775	46	0.755977	-0.0150507	0.0191596	18	175	65	645	3
1539	0.597632	46.0083	46	1.00018	-0.0107356	0.0192183	18	175	65	645	3
1553	0.597632	61.5956	46	1.33904	0.0699674	0.0212199	18	175	65	645	3
1558	0.597632	71.596	46	1.55643	0.068496	0.0212315	18	175	65	645	3
1564	0.597632	43.3855	46	0.943164	0.0441161	0.0205771	18	175	65	645	3
1570	0.597632	55.0261	46	1.19622	0.0400002	0.0204826	18	175	65	645	3
1576	0.597632	65.7579	46	1.42952	0.0168938	0.0199066	18	175	65	645	3
1579	0.597632	43.9949	46	0.95641	0.0224519	0.0200473	18	175	65	645	3
1581	0.597632	41.5266	46	0.902752	0.0100867	0.0197566	18	175	65	645	3
1583	0.597632	29.4505	46	0.640229	0.00332427	0.0195627	18	175	65	645	3
1584	0.597632	53.7049	46	1.1675	-0.00556584	0.0193843	18	175	65	645	3
1590	0.597632	44.8576	46	0.975165	0.000556862	0.0194924	18	175	65	645	3
1591	0.597632	52.3115	46	1.13721	-0.00139928	0.0194569	18	175	65	645	3
1595	0.597632	58.9604	46	1.28175	0.00653602	0.0196441	18	175	65	645	3
1596	0.597632	41.9738	46	0.912473	-0.00865058	0.0192749	18	175	65	645	3
1598	0.597632	33.203	46	0.721805	0.0125005	0.0197896	18	175	65	645	3
1602	0.597632	42.098	46	0.915174	-0.00228259	0.01944	18	175	65	645	3
1609	0.597632	38.9798	46	0.847388	-0.0121375	0.0191435	18	175	65	645	3
1610	0.597632	65.5313	46	1.42459	-0.0266346	0.0188457	18	175	65	645	3
1621	0.597632	40.5998	46	0.882604	-0.0154643	0.0191469	18	175	65	645	3
1622	0.597632	49.2496	46	1.07064	-0.0450814	0.0183834	18	175	65	645	3
1623	0.597632	51.4496	46	1.11847	-0.0140091	0.0191478	18	175	65	645	3
1640	0.597632	57.5717	46	1.25156	0.0419008	0.0205061	18	175	65	645	3
1645	0.597632	62.2228	46	1.35267	0.0437344	0.0205833	18	175	65	645	3
1650	0.597632	67.7862	46	1.47361	0.0600261	0.0209434	18	175	65	645	3
1654	0.597632	60.6219	46	1.31787	0.0330562	0.020298	18	175	65	645	3
1656	0.597632	56.1296	46	1.22021	0.0094322	0.0197589	18	175	65	645	3
1659	0.597632	41.6464	46	0.905357	0.0261866	0.0201449	18	175	65	645	3
1662	0.597632	67.9727	46	1.47767	0.0100052	0.0197392	18	175	65	645	3
1663	0.597632	37.041	46	0.805239	0.0149386	0.0198489	18	175	65	645	3
1664	0.597632	40.5576	46	0.881687	0.0309316	0.0202267	18	175	65	645	3
1666	0.597632	31.7766	46	0.690796	0.0306297	0.0202579	18	175	65	645	3
1667	0.597632	44.2407	46	0.961754	0.0060059	0.019647	18	175	65	645	3
1668	0.597632	68.4375	46	1.48777	0.0471298	0.0206557	18	175	65	645	3
1673	0.597632	37.0512	46	0.80546	0.00269049	0.0195375	18	175	65	645	3
1676	0.597632	43.086	46	0.936652	-0.00137008	0.0194375	18	175	65	645	3
1680	0.597632	53.4169	46	1.16124	0.0262252	0.0201292	18	175	65	645	3
1684	0.597632	47.0277	46	1.02234	-0.00649825	0.0193606	18	175	65	645	3
1685	0.597632	42.7538	46	0.92943	0.00663376	0.019633	18	175	65	645	3
1688	0.597632	48.0491	46	1.04455	0.00537199	0.0196514	18	175	65	645	3
1691	0.597632	36.461	46	0.792631	-0.000372031	0.0194845	18	175	65	645	3
1695	0.597632	41.7835	46	0.908337	0.0107063	0.0197756	18	175	65	645	3
1701	0.597632	39.6319	46	0.861564	-0.00873522	0.0192857	18	175	65	645	3
1714	0.597632	45.7057	46	0.993602	-0.0177676	0.0190624	18	175	65	645	3
1734	0.597632	42.3804	46	0.921314	0.0278158	0.020168	18	175	65	645	3
1742	0.597632	49.9425	46	1.08571	0.0349729	0.0203444	18	175	65	645	3
1745	0.597632	57.7802	46	1.25609	0.018652	0.0199655	18	175	65	645	3
1747	0.597632	67.6803	46	1.47131	0.025163	0.020079	18	175	65	645	3
1748	0.597632	59.1593	46	1.28607	0.0308007	0.0202183	18	175	65	645	3
1751	0.597632	40	46	0.869565	0.0148029	0.0198294	18	175	65	645	3
1753	0.597632	64.3306	46	1.39849	0.0136006	0.0197801	18	175	65	645	3
1754	0.597632	50.837	46	1.10515	0.0180392	0.0199083	18	175	65	645	3
1756	0.597632	42.6009	46	0.926107	0.00646868	0.0196485	18	175	65	645	3
1760	0.597632	47.679	46	1.0365	0.0155019	0.0198615	18	175	65	645	3
1765	0.597632	37.9905	46	0.82588	0.0140877	0.0198159	18	175	65	645	3
1766	0.597632	33.3214	46	0.724378	-0.00840067	0.0192925	18	175	65	645	3
1769	0.597632	56.7124	46	1.23288	-0.00435321	0.0194082	18	175	65	645	3
1771	0.597632	47.9152	46	1.04163	0.00848428	0.0197152	18	175	65	645	3
1774	0.597632	31.439	46	0.683456	-0.0125666	0.0191884	18	175	65	645	3
1783	0.597632	47.5294	46	1.03325	0.0059704	0.0196246	18	175	65	645	3
1825	0.597632	49.5393	46	1.07694	0.0559038	0.0208706	18	175	65	645	3
1827	0.597632	34.1593	46	0.742592	0.0437796	0.0205725	18	175	65	645	3
1830	0.597632	49.8758	46	1.08426	0.0348125	0.0203339	18	175	65	645	3
1834	0.597632	39.717	46	0.863414	0.032962	0.0202851	18	175	65	645	3
1836	0.597632	63.1643	46	1.37314	0.0576067	0.0209132	18	175	65	645	3
1839	0.597632	37.8176	46	0.822121	0.0386456	0.020432	18	175	65	645	3
1841	0.597632	46.7166	46	1.01558	0.0498955	0.0207085	18	175	65	645	3
1844	0.597632	40.6037	46	0.882689	0.0345446	0.020335	18	175	65	645	3
1849	0.597632	39.895	46	0.867282	0.0183398	0.0199161	18	175	65	645	3
1850	0.597632	34.0116	46	0.739382	0.0121158	0.0197785	18	175	65	645	3
1852	0.597632	36.7914	46	0.799813	0.00310067	0.0195528	18	175	65	645	3
1854	0.597632	42.6641	46	0.927481	-0.0129404	0.0191634	18	175	65	645	3
1855	0.597632	31.9323	46	0.694179	0.00367407	0.0195755	18	175	65	645	3
1862	0.597632	54.7753	46	1.19077	0.013453	0.0197953	18	175	65	645	3
1866	0.597632	54.2726	46	1.17984	-0.000798823	0.0194496	18	175	65	645	3
1873	0.597632	54.6328	46	1.18767	-0.0165645	0.0190523	18	175	65	645	3
1881	0.597632	48.8718	46	1.06243	-0.0118832	0.0191827	18	175	65	645	3
1889	0.597632	51.4571	46	1.11863	-0.0240843	0.0188868	18	175	65	645	3
1895	0.597632	38.2309	46	0.831106	0.0556911	0.0208418	18	175	65	645	3
1897	0.597632	56.6614	46	1.23177	0.068449	0.0211942	18	175	65	645	3
1899	0.597632	58.1632	46	1.26442	0.0473574	0.0206586	18	175	65	645	3
1912	0.597632	50.3379	46	1.0943	0.0190883	0.0199525	18	175	65	645	3
1916	0.597632	53.7083	46	1.16757	0.0056165	0.0196028	18	175	65	645	3
1918	0.597632	44.4928	46	0.967234	0.00708957	0.0196456	18	175	65	645	3
1919	0.597632	46.6229	46	1.01354	0.0288958	0.0201662	18	175	65	645	3
1921	0.597632	41.3805	46	0.899577	0.0200307	0.019948	18	175	65	645	3
1923	0.597632	43.2024	46	0.939183	0.0181575	0.0199096	18	175	65	645	3
1924	0.597632	39.025	46	0.848371	0.018788	0.0199141	18	175	65	645	3
1928	0.597632	49.6741	46	1.07987	0.00244929	0.0195507	18	175	65	645	3
1931	0.597632	52.8607	46	1.14915	0.0152226	0.0198301	18	175	65	645	3
1938	0.597632	45.1894	46	0.982378	-0.0365336	0.0185824	18	175	65	645	3
1972	0.597632	61.9208	46	1.3461	0.0463502	0.0205884	18	175	65	645	3
1974	0.597632	45.3292	46	0.985417	0.035251	0.020328	18	175	65	645	3
1975	0.597632	58.6228	46	1.27441	0.0171966	0.0199012	18	175	65	645	3
1977	0.597632	52.1682	46	1.13409	0.0331334	0.020285	18	175	65	645	3
1979	0.597632	39.4989	46	0.858671	0.0270234	0.0201297	18	175	65	645	3
1989	0.597632	36.5601	46	0.794785	0.027806	0.0201199	18	175	65	645	3
1990	0.597632	50.3283	46	1.09409	0.0161498	0.0198805	18	175	65	645	3
1991	0.597632	42.1509	46	0.916325	0.00917644	0.0196752	18	175	65	645	3
1994	0.597632	35.6496	46	0.774991	0.00863654	0.019678	18	175	65	645	3
1995	0.597632	57.9418	46	1.2596	0.0251016	0.0200718	18	175	65	645	3
1996	0.597632	59.8339	46	1.30074	0.0159377	0.0198477	18	175	65	645	3
2005	0.597632	48.1257	46	1.04621	-0.00658452	0.0193136	18	175	65	645	3
2006	0.597632	29.1057	46	0.632732	0.00377954	0.0195761	18	175	65	645	3
2010	0.597632	48.8291	46	1.0615	0.00734935	0.0196579	18	175	65	645	3
2015	0.597632	52.957	46	1.15124	-0.0275087	0.0188247	18	175	65	645	3
2016	0.597632	46.6102	46	1.01326	0.0066016	0.0196067	18	175	65	645	3
2029	0.597632	43.0621	46	0.936133	-0.0226234	0.0188818	18	175	65	645	3
2039	0.597632	46.419	46	1.00911	-0.0265607	0.0188328	18	175	65	645	3
2056	0.597632	66.5524	46	1.44679	0.0644782	0.021084	18	175	65	645	3
2058	0.597632	47.4712	46	1.03198	0.0530987	0.0207639	18	175	65	645	3
2064	0.597632	62.33	46	1.355	0.0409983	0.0205012	18	175	65	645	3
2066	0.597632	41.9329	46	0.911585	0.0480033	0.0206268	18	175	65	645	3
2067	0.597632	50.8145	46	1.10466	0.0489898	0.0206765	18	175	65	645	3
2068	0.597632	37.0542	46	0.805525	0.0308544	0.020224	18	175	65	645	3
2072	0.597632	45.0592	46	0.979547	0.0385248	0.0204245	18	175	65	645	3
2076	0.597632	43.5957	46	0.947732	0.0420422	0.0204852	18	175	65	645	3
2078	0.597632	50.3036	46	1.09356	0.0339687	0.0203012	18	175	65	645	3
2079	0.597632	58.3717	46	1.26895	0.0312853	0.020241	18	175	65	645	3
2082	0.597632	45.7153	46	0.99381	0.0384352	0.0203985	18	175	65	645	3
2084	0.597632	51.7815	46	1.12568	0.00615435	0.0196365	18	175	65	645	3
2087	0.597632	26.3798	46	0.573473	-0.00130445	0.019432	18	175	65	645	3
2090	0.597632	29.4936	46	0.641165	-0.00523671	0.0193557	18	175	65	645	3
2091	0.597632	66.901	46	1.45437	0.0198446	0.0199698	18	175	65	645	3
2092	0.597632	46.3067	46	1.00667	0.000501289	0.0194788	18	175	65	645	3
2094	0.597632	43.3273	46	0.941898	0.00229763	0.0195084	18	175	65	645	3
2095	0.597632	37.6033	46	0.817464	0.0195939	0.0199433	18	175	65	645	3
2096	0.597632	44.3967	46	0.965146	0.00620866	0.019595	18	175	65	645	3
2099	0.597632	37.3486	46	0.811926	0.00806286	0.0196634	18	175	65	645	3
2104	0.597632	57.3833	46	1.24746	0.0242668	0.0200486	18	175	65	645	3
2108	0.597632	45.6096	46	0.991513	0.0131092	0.019793	18	175	65	645	3
2114	0.597632	38.2435	46	0.831381	0.00517286	0.0196019	18	175	65	645	3
2118	0.597632	46.772	46	1.01678	-0.0161981	0.0190758	18	175	65	645	3
2161	0.597632	44.3907	46	0.965014	0.0236504	0.0200537	18	175	65	645	3
2163	0.597632	41.3664	46	0.899269	0.0251366	0.0200794	18	175	65	645	3
2165	0.597632	45.6071	46	0.991459	0.0275339	0.0201427	18	175	65	645	3
2166	0.597632	41.6689	46	0.905845	0.0124745	0.0197878	18	175	65	645	3
2168	0.597632	43.583	46	0.947456	0.0216286	0.020005	18	175	65	645	3
2170	0.597632	46.424	46	1.00922	0.0320959	0.0202486	18	175	65	645	3
2174	0.597632	30.2069	46	0.656673	0.0054672	0.0195868	18	175	65	645	3
2175	0.597632	37.7344	46	0.820312	0.00105074	0.019488	18	175	65	645	3
2177	0.597632	40.1869	46	0.873628	0.00802301	0.0196556	18	175	65	645	3
2179	0.597632	72.0516	46	1.56634	0.00595019	0.0195973	18	175	65	645	3
2192	0.597632	40.1921	46	0.873742	-0.0124785	0.0191599	18	175	65	645	3
2197	0.597632	45.1504	46	0.981531	-0.00274599	0.0193681	18	175	65	645	3
2198	0.597632	43.8911	46	0.954155	-0.0164206	0.0190662	18	175	65	645	3
2215	0.597632	67.6964	46	1.47166	0.087246	0.0216434	18	175	65	645	3
2217	0.597632	47.2074	46	1.02625	0.07166	0.0212384	18	175	65	645	3
2225	0.597632	56.4191	46	1.2265	0.0579156	0.0208879	18	175	65	645	3
2228	0.597632	63.5233	46	1.38094	0.0441261	0.0205402	18	175	65	645	3
2231	0.597632	56.0654	46	1.21881	0.0191234	0.0199185	18	175	65	645	3
2235	0.597632	56.6069	46	1.23059	0.0493958	0.0206824	18	175	65	645	3
2237	0.597632	40.5792	46	0.882156	0.033305	0.020261	18	175	65	645	3
2238	0.597632	54.7079	46	1.1893	0.0244059	0.0200518	18	175	65	645	3
2242	0.597632	44.0666	46	0.957969	0.0308809	0.0201965	18	175	65	645	3
2243	0.597632	49.0478	46	1.06626	0.0294295	0.0201781	18	175	65	645	3
2245	0.597632	36.2785	46	0.788662	0.0390158	0.0203961	18	175	65	645	3
2246	0.597632	58.1145	46	1.26336	0.0269498	0.0201096	18	175	65	645	3
2248	0.597632	40.1173	46	0.872116	0.00312774	0.0195488	18	175	65	645	3
2249	0.597632	41.8076	46	0.908861	0.0222048	0.0200009	18	175	65	645	3
2253	0.597632	40.171	46	0.873283	0.00740689	0.0196272	18	175	65	645	3
2254	0.597632	52.9355	46	1.15077	0.0216871	0.0199983	18	175	65	645	3
2255	0.597632	43.5658	46	0.947082	-0.0278444	0.0188187	18	175	65	645	3
2256	0.597632	34.3403	46	0.746528	-0.00842257	0.0192631	18	175	65	645	3
2258	0.597632	31.4782	46	0.684309	0.0206131	0.0199492	18	175	65	645	3
2267	0.597632	36.8738	46	0.801605	-0.000490717	0.0194622	18	175	65	645	3
2269	0.597632	45.3313	46	0.985463	-0.00905761	0.019216	18	175	65	645	3
2270	0.597632	47.3428	46	1.02919	-0.0103348	0.0192296	18	175	65	645	3
2272	0.597632	40.8613	46	0.888289	-0.00203758	0.0193511	18	175	65	645	3
2276	0.597632	37.7014	46	0.819597	-0.0162442	0.0190333	18	175	65	645	3
2288	0.597632	46.9791	46	1.02128	-0.00935738	0.019229	18	175	65	645	3
2307	0.597632	56.7844	46	1.23444	0.0642378	0.0210472	18	175	65	645	3
2308	0.597632	34.5461	46	0.751003	0.0225287	0.0199827	18	175	65	645	3
2309	0.597632	46.0549	46	1.00119	0.0451368	0.0205696	18	175	65	645	3
2310	0.597632	56.1334	46	1.22029	0.0507386	0.0207232	18	175	65	645	3
2312	0.597632	38.8739	46	0.845085	0.0261198	0.020108	18	175	65	645	3
2317	0.597632	52.4822	46	1.14092	0.0507542	0.0206983	18	175	65	645	3
2318	0.597632	32.1009	46	0.697845	0.0507564	0.0206907	18	175	65	645	3
2320	0.597632	47.0697	46	1.02325	0.037361	0.0203812	18	175	65	645	3
2325	0.597632	29.6625	46	0.644836	0.0274265	0.0201207	18	175	65	645	3
2326	0.597632	39.7702	46	0.86457	0.0437061	0.0205394	18	175	65	645	3
2329	0.597632	46.9956	46	1.02164	0.0331616	0.0202762	18	175	65	645	3
2330	0.597632	38.7404	46	0.842183	0.0216895	0.0199789	18	175	65	645	3
2332	0.597632	46.945	46	1.02054	0.0374753	0.0203924	18	175	65	645	3
2333	0.597632	56.6489	46	1.2315	0.0218028	0.0199949	18	175	65	645	3
2334	0.597632	43.2645	46	0.940532	0.0173587	0.0198963	18	175	65	645	3
2335	0.597632	43.4437	46	0.944429	0.0310713	0.0202062	18	175	65	645	3
2338	0.597632	32.9088	46	0.715409	0.0177531	0.0198871	18	175	65	645	3
2339	0.597632	36.7636	46	0.799209	0.0142311	0.0198062	18	175	65	645	3
2340	0.597632	59.0842	46	1.28444	0.00670411	0.0196334	18	175	65	645	3
2341	0.597632	63.643	46	1.38354	0.0214173	0.0199789	18	175	65	645	3
2343	0.597632	39.4631	46	0.857893	0.0331846	0.0202576	18	175	65	645	3
2344	0.597632	47.4556	46	1.03164	0.0185435	0.0199084	18	175	65	645	3
2347	0.597632	44.4353	46	0.965985	-0.0215604	0.0189508	18	175	65	645	3
2348	0.597632	54.5716	46	1.18634	0.0243239	0.0200391	18	175	65	645	3
2349	0.597632	63.7222	46	1.38527	0.00255796	0.019512	18	175	65	645	3
2350	0.597632	40.1138	46	0.872038	0.000225154	0.0194492	18	175	65	645	3
2352	0.597632	39.8739	46	0.866823	0.0174127	0.0198636	18	175	65	645	3
2354	0.597632	35.9678	46	0.781908	0.0183035	0.0199091	18	175	65	645	3
2356	0.597632	36.7503	46	0.79892	0.00819661	0.0196376	18	175	65	645	3
2357	0.597632	49.3022	46	1.07179	0.0110733	0.0197186	18	175	65	645	3
2360	0.597632	51.8153	46	1.12642	0.00675345	0.0196105	18	175	65	645	3
2362	0.597632	43.6963	46	0.949921	0.00790046	0.0196423	18	175	65	645	3
2370	0.597632	24.3006	46	0.528274	-0.0151376	0.0190796	18	175	65	645	3
2373	0.597632	39.3451	46	0.855328	-0.0218277	0.0189281	18	175	65	645	3
2375	0.597632	46.5179	46	1.01126	0.00402011	0.0195216	18	175	65	645	3
2380	0.597632	38.4493	46	0.835855	-0.0177528	0.0190281	18	175	65	645	3
2383	0.597632	53.083	46	1.15398	-0.0316934	0.018668	18	175	65	645	3
2384	0.597632	25.6404	46	0.5574	-0.00557307	0.0193084	18	175	65	645	3
2403	0.597632	48.6334	46	1.05725	0.091967	0.0217154	18	175	65	645	3
2407	0.597632	41.2128	46	0.895929	0.0735852	0.021267	18	175	65	645	3
2408	0.597632	74.6146	46	1.62206	0.0614741	0.0209754	18	175	65	645	3
2411	0.597632	47.2624	46	1.02744	0.024378	0.0200466	18	175	65	645	3
2414	0.597632	58.8909	46	1.28024	0.0516182	0.0207158	18	175	65	645	3
2415	0.597632	68.6064	46	1.49144	0.048569	0.020637	18	175	65	645	3
2422	0.597632	50.5533	46	1.09899	0.0376194	0.0203843	18	175	65	645	3
2423	0.597632	46.3459	46	1.00752	0.0245379	0.0200271	18	175	65	645	3
2424	0.597632	43.3836	46	0.943122	0.0277409	0.0201202	18	175	65	645	3
2425	0.597632	52.4658	46	1.14056	0.033615	0.0202482	18	175	65	645	3
2426	0.597632	47.7769	46	1.03863	0.0102676	0.0197137	18	175	65	645	3
2428	0.597632	45.3088	46	0.984974	0.0327115	0.0202344	18	175	65	645	3
2429	0.597632	50.8428	46	1.10528	0.0324446	0.0202239	18	175	65	645	3
2433	0.597632	47.9588	46	1.04258	0.0126164	0.0197656	18	175	65	645	3
2434	0.597632	33.7365	46	0.733402	0.00274691	0.0195004	18	175	65	645	3
2435	0.597632	42.69	46	0.928044	0.0229081	0.0200037	18	175	65	645	3
2436	0.597632	36.6089	46	0.795846	0.0110183	0.0197358	18	175	65	645	3
2438	0.597632	63.3738	46	1.37769	0.0185533	0.0199165	18	175	65	645	3
2442	0.597632	36.0682	46	0.78409	0.00266135	0.0195019	18	175	65	645	3
2443	0.597632	48.2069	46	1.04798	0.0242569	0.0200464	18	175	65	645	3
2444	0.597632	63.9837	46	1.39095	-0.00327393	0.019361	18	175	65	645	3
2445	0.597632	43.2154	46	0.939465	0.0203599	0.0199535	18	175	65	645	3
2448	0.597632	44.7961	46	0.973829	-0.0107186	0.0192019	18	175	65	645	3
2451	0.597632	41.092	46	0.893304	0.0164435	0.0198382	18	175	65	645	3
2452	0.597632	34.3927	46	0.747667	-0.00862908	0.0192471	18	175	65	645	3
2456	0.597632	31.3659	46	0.681867	-0.00880917	0.0192084	18	175	65	645	3
2459	0.597632	57.0967	46	1.24123	-0.0108111	0.0192072	18	175	65	645	3
2473	0.597632	51.9851	46	1.13011	-0.0253252	0.0188495	18	175	65	645	3
2475	0.597632	43.208	46	0.939305	-0.035637	0.0185852	18	175	65	645	3
2490	0.597632	60.4962	46	1.31513	0.0695947	0.0211622	18	175	65	645	3
2494	0.597632	40.7658	46	0.886213	0.0326297	0.0202533	18	175	65	645	3
2495	0.597632	47.7714	46	1.03851	0.0512743	0.0207163	18	175	65	645	3
2496	0.597632	46.2464	46	1.00536	0.0619177	0.0209519	18	175	65	645	3
2498	0.597632	46.2537	46	1.00552	0.0398182	0.0204238	18	175	65	645	3
2503	0.597632	51.067	46	1.11015	0.0407726	0.0204429	18	175	65	645	3
2506	0.597632	49.6367	46	1.07906	0.0405504	0.0204443	18	175	65	645	3
2510	0.597632	30.3524	46	0.659834	0.0313934	0.0201954	18	175	65	645	3
2511	0.597632	46.6791	46	1.01476	0.0576645	0.0208619	18	175	65	645	3
2512	0.597632	50.4375	46	1.09647	0.0166381	0.0198461	18	175	65	645	3
2513	0.597632	38.569	46	0.838455	0.0348316	0.0202784	18	175	65	645	3
2514	0.597632	33.8722	46	0.736353	0.0209205	0.0199431	18	175	65	645	3
2522	0.597632	29.0045	46	0.630533	0.0193973	0.0199158	18	175	65	645	3
2523	0.597632	54.7655	46	1.19055	-0.00171142	0.0193891	18	175	65	645	3
2524	0.597632	49.0799	46	1.06696	0.0172887	0.0198548	18	175	65	645	3
2525	0.597632	51.9212	46	1.12872	-0.0103669	0.0192058	18	175	65	645	3
2526	0.597632	47.9458	46	1.0423	0.0214624	0.0199774	18	175	65	645	3
2527	0.597632	43.8623	46	0.953528	0.00486534	0.0195537	18	175	65	645	3
2528	0.597632	40.4041	46	0.878351	0.00804088	0.0196529	18	175	65	645	3
2531	0.597632	53.0408	46	1.15306	0.000534007	0.019444	18	175	65	645	3
2532	0.597632	49.0149	46	1.06554	0.0110412	0.0196921	18	175	65	645	3
2533	0.597632	36.1136	46	0.785079	-0.00403117	0.0193421	18	175	65	645	3
2536	0.597632	39.7725	46	0.86462	-0.00822553	0.0192459	18	175	65	645	3
2538	0.597632	50.9195	46	1.10695	-0.000770675	0.0194346	18	175	65	645	3
2541	0.597632	37.8381	46	0.822568	0.0250319	0.0200343	18	175	65	645	3
2543	0.597632	45.4471	46	0.98798	-0.00631204	0.0192664	18	175	65	645	3
2547	0.597632	54.6669	46	1.18841	0.00101178	0.0194788	18	175	65	645	3
2548	0.597632	50.7017	46	1.10221	-0.0018919	0.0193961	18	175	65	645	3
2549	0.597632	38.4374	46	0.835596	-0.0210324	0.0189382	18	175	65	645	3
2550	0.597632	31.1815	46	0.677859	-0.020333	0.0189587	18	175	65	645	3
2551	0.597632	38.3141	46	0.832915	0.00758961	0.0196336	18	175	65	645	3
2552	0.597632	50.613	46	1.10028	-0.0224218	0.0189078	18	175	65	645	3
2558	0.597632	40.486	46	0.88013	-0.0312432	0.0186852	18	175	65	645	3
2575	0.597632	49.3842	46	1.07357	0.0507862	0.0206902	18	175	65	645	3
2576	0.597632	41.577	46	0.903847	0.0681555	0.0211202	18	175	65	645	3
2582	0.597632	43.9097	46	0.954559	0.0636944	0.0210119	18	175	65	645	3
2583	0.597632	57.1254	46	1.24186	0.0575404	0.0208399	18	175	65	645	3
2585	0.597632	75.0533	46	1.63159	0.0553267	0.0208063	18	175	65	645	3
2586	0.597632	46.0235	46	1.00051	0.0404898	0.0204225	18	175	65	645	3
2589	0.597632	53.4031	46	1.16094	0.0101106	0.0196964	18	175	65	645	3
2591	0.597632	47.4348	46	1.03119	0.0401439	0.0204362	18	175	65	645	3
2593	0.597632	64.9489	46	1.41193	0.0343633	0.0202887	18	175	65	645	3
2595	0.597632	45.2942	46	0.984657	0.0330226	0.0202532	18	175	65	645	3
2596	0.597632	40.4527	46	0.879407	0.051653	0.0206948	18	175	65	645	3
2598	0.597632	37.4409	46	0.813933	0.0412918	0.0204268	18	175	65	645	3
2601	0.597632	54.1825	46	1.17788	0.0166472	0.0198529	18	175	65	645	3
2602	0.597632	49.4363	46	1.0747	0.0200177	0.0199193	18	175	65	645	3
2604	0.597632	46.2826	46	1.00614	0.0387204	0.0203695	18	175	65	645	3
2605	0.597632	45.148	46	0.981479	0.0391656	0.0204199	18	175	65	645	3
2610	0.597632	43.6081	46	0.948001	0.0229776	0.0200057	18	175	65	645	3
2611	0.597632	34.2772	46	0.745156	0.0282098	0.020116	18	175	65	645	3
2613	0.597632	30.6442	46	0.666177	-0.00199589	0.0193767	18	175	65	645	3
2614	0.597632	50.6479	46	1.10104	0.00146796	0.0194853	18	175	65	645	3
2618	0.597632	40.2539	46	0.875084	0.00696333	0.0196224	18	175	65	645	3
2625	0.597632	31.2897	46	0.680211	0.0140323	0.0197696	18	175	65	645	3
2626	0.597632	41.1388	46	0.894322	0.0192762	0.0198826	18	175	65	645	3
2632	0.597632	52.1666	46	1.13406	-0.0300117	0.0187162	18	175	65	645	3
2636	0.597632	46.2544	46	1.00553	-0.0252986	0.01883	18	175	65	645	3
2660	0.597632	47.1056	46	1.02403	0.063846	0.0210159	18	175	65	645	3
2664	0.597632	57.2938	46	1.24552	0.0731418	0.021231	18	175	65	645	3
2668	0.597632	38.3782	46	0.834309	0.0437565	0.0205261	18	175	65	645	3
2672	0.597632	40.8693	46	0.888464	0.0499423	0.0206539	18	175	65	645	3
2673	0.597632	43.4167	46	0.943841	0.0147737	0.0197821	18	175	65	645	3
2674	0.597632	29.6055	46	0.643598	0.0628953	0.0209502	18	175	65	645	3
2678	0.597632	58.295	46	1.26728	0.0503909	0.0206693	18	175	65	645	3
2680	0.597632	40.8059	46	0.887084	0.0310988	0.0201733	18	175	65	645	3
2681	0.597632	34.0542	46	0.740309	0.0232323	0.0200283	18	175	65	645	3
2683	0.597632	52.4237	46	1.13965	0.0544828	0.0207721	18	175	65	645	3
2688	0.597632	47.841	46	1.04002	0.0113409	0.0197199	18	175	65	645	3
2690	0.597632	47.4528	46	1.03158	0.00999128	0.0196694	18	175	65	645	3
2696	0.597632	43.3973	46	0.94342	0.0398661	0.0203928	18	175	65	645	3
2697	0.597632	53.5726	46	1.16462	0.0401088	0.020384	18	175	65	645	3
2698	0.597632	64.6872	46	1.40624	0.0215188	0.0199487	18	175	65	645	3
2705	0.597632	30.1962	46	0.656438	-0.00397011	0.0193211	18	175	65	645	3
2706	0.597632	36.8952	46	0.802069	0.0197744	0.0199264	18	175	65	645	3
2709	0.597632	56.9756	46	1.2386	-0.018308	0.0189983	18	175	65	645	3
2711	0.597632	30.5225	46	0.663533	-0.00376298	0.0193404	18	175	65	645	3
2713	0.597632	42.5246	46	0.924448	0.0076875	0.0196013	18	175	65	645	3
2715	0.597632	43.9899	46	0.956303	0.0119293	0.0197227	18	175	65	645	3
2719	0.597632	31.6681	46	0.688436	-0.00685013	0.0192725	18	175	65	645	3
2723	0.597632	52.8346	46	1.14858	-0.00900696	0.019206	18	175	65	645	3
2724	0.597632	55.1074	46	1.19799	-0.00826031	0.0192594	18	175	65	645	3
2728	0.597632	41.2653	46	0.897072	-0.0252199	0.018803	18	175	65	645	3
2738	0.597632	55.4164	46	1.2047	0.0442777	0.0205292	18	175	65	645	3
2739	0.597632	37.6675	46	0.818858	0.0515737	0.0207073	18	175	65	645	3
2748	0.597632	45.1546	46	0.981622	0.0560578	0.0207807	18	175	65	645	3
2750	0.597632	63.1252	46	1.37229	0.0312574	0.0201643	18	175	65	645	3
2751	0.597632	47.2704	46	1.02762	0.0332715	0.0202477	18	175	65	645	3
2752	0.597632	33.1414	46	0.720466	0.0150723	0.019781	18	175	65	645	3
2754	0.597632	58.2539	46	1.26639	0.0334133	0.020255	18	175	65	645	3
2755	0.597632	41.8004	46	0.908704	0.0345607	0.0202724	18	175	65	645	3
2757	0.597632	56.4058	46	1.22621	0.0438086	0.0205101	18	175	65	645	3
2758	0.597632	60.9313	46	1.32459	0.0385959	0.0203736	18	175	65	645	3
2760	0.597632	25.172	46	0.547218	0.0284486	0.020126	18	175	65	645	3
2762	0.597632	44.0877	46	0.958429	0.0252248	0.0200415	18	175	65	645	3
2763	0.597632	38.2683	46	0.831919	0.0379342	0.0203404	18	175	65	645	3
2765	0.597632	36.2524	46	0.788097	0.0299469	0.0201439	18	175	65	645	3
2766	0.597632	55.4823	46	1.20614	0.0147196	0.0197747	18	175	65	645	3
2769	0.597632	57.1633	46	1.24268	0.0511153	0.020689	18	175	65	645	3
2773	0.597632	39.9949	46	0.869454	0.016803	0.0198115	18	175	65	645	3
2774	0.597632	45.3419	46	0.985693	0.0268374	0.0200597	18	175	65	645	3
2776	0.597632	57.5474	46	1.25103	0.0111658	0.019704	18	175	65	645	3
2777	0.597632	53.971	46	1.17328	0.026646	0.0200659	18	175	65	645	3
2780	0.597632	60.5922	46	1.31722	-0.0127969	0.0191166	18	175	65	645	3
2781	0.597632	49.4803	46	1.07566	0.0228756	0.0199727	18	175	65	645	3
2789	0.597632	49.0778	46	1.06691	-0.00671424	0.0192562	18	175	65	645	3
2791	0.597632	45.3524	46	0.985922	0.00546003	0.0195403	18	175	65	645	3
2793	0.597632	42.9246	46	0.933143	-0.00408185	0.0193272	18	175	65	645	3
2799	0.597632	45.2821	46	0.984393	-0.025969	0.0187839	18	175	65	645	3
2813	0.597632	41.0968	46	0.893408	0.0578463	0.0208374	18	175	65	645	3
2825	0.597632	32.8602	46	0.714353	0.0532357	0.0207089	18	175	65	645	3
2828	0.597632	34.3114	46	0.745901	0.00861333	0.0196123	18	175	65	645	3
2835	0.597632	31.5129	46	0.685063	0.0512767	0.020659	18	175	65	645	3
2836	0.597632	27.9963	46	0.608616	0.0344247	0.0202645	18	175	65	645	3
2839	0.597632	43.0144	46	0.935096	0.0201469	0.0199255	18	175	65	645	3
2840	0.597632	56.9634	46	1.23833	0.0526813	0.0207438	18	175	65	645	3
2842	0.597632	36.8094	46	0.800204	0.0440542	0.0204997	18	175	65	645	3
2843	0.597632	44.986	46	0.977957	0.0121508	0.0197138	18	175	65	645	3
2844	0.597632	36.9583	46	0.803441	0.0537082	0.0207267	18	175	65	645	3
2850	0.597632	36.9663	46	0.803615	0.0199736	0.019892	18	175	65	645	3
2852	0.597632	38.2206	46	0.830883	0.00647023	0.0195859	18	175	65	645	3
2854	0.597632	50.706	46	1.1023	0.0272192	0.0200747	18	175	65	645	3
2855	0.597632	57.4037	46	1.24791	0.0393161	0.0203922	18	175	65	645	3
2856	0.597632	42.6022	46	0.926135	0.0207874	0.0198909	18	175	65	645	3
2857	0.597632	49.8361	46	1.08339	0.0155334	0.0197959	18	175	65	645	3
2858	0.597632	42.0946	46	0.915101	0.00480038	0.0195495	18	175	65	645	3
2860	0.597632	41.4663	46	0.901441	0.0226669	0.0199651	18	175	65	645	3
2861	0.597632	58.2663	46	1.26666	0.0320509	0.0202209	18	175	65	645	3
2862	0.597632	52.3668	46	1.13841	0.0195172	0.0198815	18	175	65	645	3
2863	0.597632	58.0953	46	1.26294	0.0194562	0.0199018	18	175	65	645	3
2865	0.597632	51.3127	46	1.11549	0.0162656	0.0198186	18	175	65	645	3
2866	0.597632	44.1967	46	0.960797	-0.0135177	0.0190925	18	175	65	645	3
2868	0.597632	45.0005	46	0.978271	0.0132609	0.0197384	18	175	65	645	3
2871	0.597632	40.5129	46	0.880715	0.00281014	0.0194912	18	175	65	645	3
2872	0.597632	27.0244	46	0.587488	0.0175921	0.0198532	18	175	65	645	3
2875	0.597632	50.5258	46	1.09839	0.00404178	0.0195014	18	175	65	645	3
2876	0.597632	69.8669	46	1.51885	0.00362227	0.0195402	18	175	65	645	3
2879	0.597632	44.3068	46	0.963192	0.00214116	0.0194709	18	175	65	645	3
2885	0.597632	25.8315	46	0.561554	0.00878984	0.0196311	18	175	65	645	3
2895	0.597632	47.803	46	1.0392	-0.00717963	0.0192452	18	175	65	645	3
2908	0.597632	62.5091	46	1.35889	0.0682035	0.0210812	18	175	65	645	3
2919	0.597632	37.4159	46	0.813389	0.0326107	0.0202059	18	175	65	645	3
2924	0.597632	68.3254	46	1.48534	0.0541356	0.0207661	18	175	65	645	3
2928	0.597632	35.1623	46	0.764399	0.0276108	0.0200869	18	175	65	645	3
2929	0.597632	44.8865	46	0.975793	0.0250375	0.0200279	18	175	65	645	3
2931	0.597632	74.5011	46	1.61959	0.0334441	0.0202436	18	175	65	645	3
2932	0.597632	47.6625	46	1.03614	0.0424226	0.0204079	18	175	65	645	3
2933	0.597632	59.4639	46	1.29269	0.0727793	0.021176	18	175	65	645	3
2934	0.597632	47.0297	46	1.02239	0.0442723	0.0205303	18	175	65	645	3
2935	0.597632	42.3472	46	0.920592	0.0459171	0.0205338	18	175	65	645	3
2938	0.597632	48.0767	46	1.04515	0.0372052	0.0203326	18	175	65	645	3
2939	0.597632	47.3084	46	1.02844	0.0257994	0.0200601	18	175	65	645	3
2940	0.597632	49.0103	46	1.06544	0.0631503	0.0209884	18	175	65	645	3
2941	0.597632	51.114	46	1.11117	0.0268246	0.0200502	18	175	65	645	3
2942	0.597632	49.3969	46	1.07384	0.0376914	0.0203435	18	175	65	645	3
2944	0.597632	48.7261	46	1.05926	0.0208475	0.0199249	18	175	65	645	3
2945	0.597632	36.2647	46	0.788364	0.0220406	0.0199735	18	175	65	645	3
2946	0.597632	56.9971	46	1.23907	-0.00863937	0.0192379	18	175	65	645	3
2948	0.597632	45.2108	46	0.982844	0.0238267	0.0199832	18	175	65	645	3
2949	0.597632	34.4164	46	0.748183	0.0145264	0.0197773	18	175	65	645	3
2951	0.597632	23.4029	46	0.508759	0.00803539	0.0196081	18	175	65	645	3
2953	0.597632	42.4671	46	0.923197	0.007611	0.0195993	18	175	65	645	3
2955	0.597632	43.1932	46	0.938982	0.03746	0.0203182	18	175	65	645	3
2957	0.597632	37.2318	46	0.809388	0.0162355	0.0198164	18	175	65	645	3
2960	0.597632	51.9942	46	1.13031	-0.0095802	0.0191776	18	175	65	645	3
2961	0.597632	42.4439	46	0.922694	0.0147399	0.0197442	18	175	65	645	3
2964	0.597632	40.3695	46	0.877597	0.00297073	0.0195044	18	175	65	645	3
2965	0.597632	47.9652	46	1.04272	0.0021669	0.0194514	18	175	65	645	3
2966	0.597632	27.2033	46	0.591376	0.0079703	0.0196276	18	175	65	645	3
2968	0.597632	48.9724	46	1.06462	-0.0107291	0.0191488	18	175	65	645	3
2972	0.597632	43.7128	46	0.950277	-0.0132985	0.0191066	18	175	65	645	3
2973	0.597632	30.8367	46	0.670363	-0.0296486	0.0186989	18	175	65	645	3
2998	0.597632	50.3241	46	1.094	0.0879253	0.0215735	18	175	65	645	3
3001	0.597632	45.884	46	0.997479	0.0814412	0.021439	18	175	65	645	3
3006	0.597632	44.3821	46	0.964829	0.0353962	0.0202797	18	175	65	645	3
3007	0.597632	44.3801	46	0.964784	0.032229	0.020197	18	175	65	645	3
3009	0.597632	43.3076	46	0.941469	0.0381218	0.0203328	18	175	65	645	3
3010	0.597632	35.8858	46	0.780126	0.0427228	0.0204491	18	175	65	645	3
3012	0.597632	38.6309	46	0.839801	0.0550027	0.0207354	18	175	65	645	3
3014	0.597632	40.2862	46	0.875788	0.019073	0.0198914	18	175	65	645	3
3016	0.597632	39.5766	46	0.860361	0.0381386	0.0203575	18	175	65	645	3
3018	0.597632	48.098	46	1.04561	0.0175781	0.0198519	18	175	65	645	3
3019	0.597632	44.9092	46	0.976286	0.0465905	0.0205477	18	175	65	645	3
3022	0.597632	33.7304	46	0.73327	0.0243831	0.0199949	18	175	65	645	3
3025	0.597632	39.6652	46	0.862288	0.0193337	0.0198649	18	175	65	645	3
3026	0.597632	40.845	46	0.887934	-0.00341969	0.0193349	18	175	65	645	3
3027	0.597632	48.2674	46	1.04929	-0.000836612	0.0194021	18	175	65	645	3
3028	0.597632	50.8175	46	1.10473	0.00484514	0.0195341	18	175	65	645	3
3029	0.597632	50.7705	46	1.10371	0.0352653	0.0202977	18	175	65	645	3
3030	0.597632	33.9264	46	0.73753	0.00873134	0.0196197	18	175	65	645	3
3031	0.597632	41.6233	46	0.904855	0.0245089	0.0199902	18	175	65	645	3
3034	0.597632	54.7971	46	1.19124	0.0301296	0.0201311	18	175	65	645	3
3035	0.597632	43.2611	46	0.940458	0.00508175	0.0195178	18	175	65	645	3
3036	0.597632	39.024	46	0.848348	0.000948683	0.0194511	18	175	65	645	3
3037	0.597632	46.681	46	1.0148	-0.0208154	0.0189092	18	175	65	645	3
3038	0.597632	44.1238	46	0.959214	-0.00311098	0.0193459	18	175	65	645	3
3039	0.597632	40.4877	46	0.880167	0.0219424	0.0199354	18	175	65	645	3
3046	0.597632	45.724	46	0.993999	0.00898156	0.0196023	18	175	65	645	3
3049	0.597632	36.1317	46	0.785472	-0.00297385	0.019327	18	175	65	645	3
3051	0.597632	47.0029	46	1.0218	-0.0111239	0.0191496	18	175	65	645	3
3055	0.597632	37.3965	46	0.812968	-0.0260632	0.0188067	18	175	65	645	3
3056	0.597632	54.7998	46	1.1913	-0.0140517	0.0190794	18	175	65	645	3
3058	0.597632	38.7221	46	0.841785	0.00208537	0.0194575	18	175	65	645	3
3064	0.597632	61.0795	46	1.32782	0.0638368	0.020992	18	175	65	645	3
3066	0.597632	62.5908	46	1.36067	0.0363557	0.0203218	18	175	65	645	3
3074	0.597632	47.1299	46	1.02456	0.0493513	0.020618	18	175	65	645	3
3075	0.597632	41.7112	46	0.906765	0.0524213	0.0206987	18	175	65	645	3
3076	0.597632	40.4316	46	0.878948	0.0377165	0.0203153	18	175	65	645	3
3077	0.597632	38.5929	46	0.838977	0.0538204	0.0207377	18	175	65	645	3
3079	0.597632	36.8444	46	0.800965	0.0397317	0.0203933	18	175	65	645	3
3082	0.597632	52.8649	46	1.14924	0.0400185	0.0203732	18	175	65	645	3
3084	0.597632	28.2555	46	0.61425	0.0335209	0.0202331	18	175	65	645	3
3086	0.597632	58.622	46	1.27439	0.0255894	0.0200311	18	175	65	645	3
3087	0.597632	45.0218	46	0.978736	0.0700288	0.0211387	18	175	65	645	3
3088	0.597632	49.6868	46	1.08015	0.0354314	0.0202631	18	175	65	645	3
3089	0.597632	52.7647	46	1.14706	0.0289908	0.0201204	18	175	65	645	3
3090	0.597632	58.5915	46	1.27373	0.054704	0.0207273	18	175	65	645	3
3095	0.597632	43.6948	46	0.949887	0.0203179	0.0198814	18	175	65	645	3
3098	0.597632	43.4037	46	0.943558	0.00891626	0.0196291	18	175	65	645	3
3103	0.597632	40.5698	46	0.881952	0.017078	0.0198158	18	175	65	645	3
3105	0.597632	37.4719	46	0.814605	0.00185681	0.0194334	18	175	65	645	3
3107	0.597632	30.5075	46	0.663206	0.00225983	0.0194777	18	175	65	645	3
3119	0.597632	46.2944	46	1.0064	-0.00059225	0.0193766	18	175	65	645	3
3120	0.597632	55.8098	46	1.21326	-0.00803384	0.0192244	18	175	65	645	3
3134	0.597632	69.3449	46	1.5075	0.058704	0.0208647	18	175	65	645	3
3146	0.597632	52.0629	46	1.1318	0.0381877	0.020317	18	175	65	645	3
3148	0.597632	43.534	46	0.946391	0.0405717	0.0203876	18	175	65	645	3
3149	0.597632	41.4746	46	0.901621	0.0214696	0.0199309	18	175	65	645	3
3151	0.597632	29.8458	46	0.648821	0.0245542	0.0199971	18	175	65	645	3
3153	0.597632	37.9328	46	0.824626	0.0317183	0.0201649	18	175	65	645	3
3157	0.597632	40.2544	46	0.875096	0.0226036	0.0199656	18	175	65	645	3
3159	0.597632	33.8471	46	0.735806	0.040036	0.0203732	18	175	65	645	3
3161	0.597632	55.9283	46	1.21583	0.0275906	0.0200799	18	175	65	645	3
3162	0.597632	44.6105	46	0.969793	0.0487116	0.0206102	18	175	65	645	3
3163	0.597632	41.3872	46	0.899722	0.0340646	0.0202383	18	175	65	645	3
3165	0.597632	44.4718	46	0.966777	0.0328704	0.0201938	18	175	65	645	3
3167	0.597632	50.1696	46	1.09064	0.0369896	0.0203046	18	175	65	645	3
3168	0.597632	63.2983	46	1.37605	0.0246731	0.0200174	18	175	65	645	3
3170	0.597632	42.4754	46	0.923378	0.0217274	0.0199454	18	175	65	645	3
3172	0.597632	41.1391	46	0.894329	0.0213484	0.0199374	18	175	65	645	3
3173	0.597632	62.2177	46	1.35256	0.0241556	0.0199989	18	175	65	645	3
3174	0.597632	40.768	46	0.886261	0.00355618	0.0194969	18	175	65	645	3
3176	0.597632	48.9943	46	1.06509	0.0341101	0.0202383	18	175	65	645	3
3177	0.597632	44.0241	46	0.957046	0.0109667	0.0196592	18	175	65	645	3
3178	0.597632	44.4773	46	0.966898	0.00176546	0.0194195	18	175	65	645	3
3179	0.597632	34.5627	46	0.751364	-0.0100057	0.019161	18	175	65	645	3
3180	0.597632	47.3677	46	1.02973	0.0328417	0.0202053	18	175	65	645	3
3181	0.597632	53.6014	46	1.16525	0.0117746	0.0196937	18	175	65	645	3
3182	0.597632	43.1381	46	0.937785	0.0136654	0.0197608	18	175	65	645	3
3184	0.597632	43.0569	46	0.936019	0.0200381	0.019874	18	175	65	645	3
3188	0.597632	44.6257	46	0.970125	0.0251036	0.0200061	18	175	65	645	3
3192	0.597632	46.6903	46	1.01501	0.0291428	0.0200936	18	175	65	645	3
3195	0.597632	39.118	46	0.850392	0.015271	0.0197584	18	175	65	645	3
3196	0.597632	40.5337	46	0.881168	0.00169122	0.0194229	18	175	65	645	3
3201	0.597632	38.8972	46	0.845592	-0.00912398	0.0191785	18	175	65	645	3
3203	0.597632	40.603	46	0.882674	-0.0102788	0.0191206	18	175	65	645	3
3206	0.597632	53.6315	46	1.1659	-0.0381214	0.0184669	18	175	65	645	3
3215	0.597632	48.4533	46	1.05333	0.0543594	0.0207616	18	175	65	645	3
3225	0.597632	52.3897	46	1.13891	0.0665481	0.0210348	18	175	65	645	3
3228	0.597632	36.6579	46	0.796912	0.0325586	0.0201879	18	175	65	645	3
3233	0.597632	38.5587	46	0.838234	0.0305443	0.0201471	18	175	65	645	3
3235	0.597632	51.9385	46	1.1291	0.0397036	0.0203645	18	175	65	645	3
3237	0.597632	61.0192	46	1.3265	0.0374305	0.020307	18	175	65	645	3
3239	0.597632	48.3548	46	1.05119	0.00561362	0.0195572	18	175	65	645	3
3243	0.597632	37.9197	46	0.824342	0.0291043	0.0201066	18	175	65	645	3
3250	0.597632	48.0213	46	1.04394	0.0324285	0.0201958	18	175	65	645	3
3251	0.597632	75.7644	46	1.64705	0.00681881	0.0195558	18	175	65	645	3
3253	0.597632	48.9744	46	1.06466	0.00569084	0.0195265	18	175	65	645	3
3254	0.597632	45.732	46	0.994174	0.000502392	0.0194092	18	175	65	645	3
3258	0.597632	28.922	46	0.628739	-0.000270202	0.0193962	18	175	65	645	3
3266	0.597632	45.8519	46	0.996781	0.0142896	0.0197554	18	175	65	645	3
3272	0.597632	53.8841	46	1.17139	-0.00181863	0.0193314	18	175	65	645	3
3274	0.597632	45.2378	46	0.983431	0.00658976	0.0195408	18	175	65	645	3
3289	0.597632	35.6468	46	0.774931	0.0497086	0.020614	18	175	65	645	3
3290	0.597632	54.5334	46	1.18551	0.0760448	0.0212651	18	175	65	645	3
3294	0.597632	40.1406	46	0.872621	0.0735813	0.0211797	18	175	65	645	3
3296	0.597632	45.5213	46	0.989593	0.0448288	0.0204911	18	175	65	645	3
3299	0.597632	48.3769	46	1.05167	0.0595	0.0208453	18	175	65	645	3
3302	0.597632	56.2433	46	1.22268	0.0560693	0.0207282	18	175	65	645	3
3304	0.597632	39.8834	46	0.867031	0.0497491	0.0206216	18	175	65	645	3
3305	0.597632	39.833	46	0.865935	0.0452564	0.0204875	18	175	65	645	3
3309	0.597632	54.2015	46	1.17829	0.00121065	0.0194143	18	175	65	645	3
3312	0.597632	31.5477	46	0.68582	0.0104279	0.0196596	18	175	65	645	3
3313	0.597632	66.8431	46	1.45311	0.0319027	0.0201683	18	175	65	645	3
3314	0.597632	40.1482	46	0.872788	0.017998	0.0198135	18	175	65	645	3
3320	0.597632	42.2634	46	0.918769	0.0331523	0.0202027	18	175	65	645	3
3322	0.597632	26.3594	46	0.573031	0.0216124	0.0199341	18	175	65	645	3
3323	0.597632	37.9709	46	0.825454	0.0308363	0.0201427	18	175	65	645	3
3324	0.597632	53.2234	46	1.15703	0.014224	0.0197267	18	175	65	645	3
3328	0.597632	36.6877	46	0.797559	0.0134672	0.0197092	18	175	65	645	3
3332	0.597632	42.3974	46	0.921683	0.0100897	0.0196285	18	175	65	645	3
3335	0.597632	43.8039	46	0.952258	0.0148881	0.0197607	18	175	65	645	3
3338	0.597632	31.8808	46	0.693061	0.0213678	0.0199013	18	175	65	645	3
3339	0.597632	44.9891	46	0.978024	-0.00827986	0.0192087	18	175	65	645	3
3347	0.597632	71.9965	46	1.56514	0.104177	0.0219824	18	175	65	645	3
3352	0.597632	72.5415	46	1.57699	0.0713902	0.0211624	18	175	65	645	3
3355	0.597632	72.262	46	1.57091	0.0724378	0.0211855	18	175	65	645	3
3356	0.597632	43.9714	46	0.9559	0.0477098	0.0205579	18	175	65	645	3
3359	0.597632	51.6258	46	1.1223	0.0308535	0.0201365	18	175	65	645	3
3362	0.597632	34.6257	46	0.752733	0.0425104	0.0204236	18	175	65	645	3
3364	0.597632	66.3679	46	1.44278	0.0492604	0.0206004	18	175	65	645	3
3365	0.597632	44.4083	46	0.965397	0.0458458	0.0205072	18	175	65	645	3
3367	0.597632	34.8986	46	0.758665	0.0447366	0.0204753	18	175	65	645	3
3369	0.597632	26.7639	46	0.581823	0.0345313	0.0202484	18	175	65	645	3
3372	0.597632	55.4922	46	1.20635	0.0544554	0.0207061	18	175	65	645	3
3376	0.597632	45.4446	46	0.987926	0.0163644	0.0197911	18	175	65	645	3
3379	0.597632	38.2602	46	0.831743	0.0164091	0.0197994	18	175	65	645	3
3383	0.597632	52.2145	46	1.1351	0.0354668	0.0202513	18	175	65	645	3
3388	0.597632	46.2035	46	1.00442	0.0163695	0.0197599	18	175	65	645	3
3389	0.597632	52.9431	46	1.15094	0.0112838	0.0196761	18	175	65	645	3
3397	0.597632	32.0948	46	0.697714	-0.00629977	0.0192485	18	175	65	645	3
3398	0.597632	46.2166	46	1.00471	0.0123985	0.0196803	18	175	65	645	3
3406	0.597632	36.9205	46	0.802621	0.0856802	0.0215173	18	175	65	645	3
3411	0.597632	47.776	46	1.03861	0.0825388	0.0214386	18	175	65	645	3
3413	0.597632	32.2493	46	0.701072	0.0656477	0.021028	18	175	65	645	3
3416	0.597632	57.1089	46	1.2415	0.0866795	0.0215417	18	175	65	645	3
3417	0.597632	52.566	46	1.14274	0.065878	0.0210294	18	175	65	645	3
3421	0.597632	59.7638	46	1.29921	0.0587713	0.0208695	18	175	65	645	3
3424	0.597632	42.0996	46	0.91521	0.081336	0.0214217	18	175	65	645	3
3432	0.597632	44.9857	46	0.97795	0.0415217	0.0204193	18	175	65	645	3
3433	0.597632	47.5993	46	1.03477	0.069908	0.0211211	18	175	65	645	3
3434	0.597632	37.4869	46	0.814932	0.0451835	0.020532	18	175	65	645	3
3435	0.597632	71.9193	46	1.56346	0.0414338	0.0204448	18	175	65	645	3
3446	0.597632	63.319	46	1.3765	0.0357727	0.0202722	18	175	65	645	3
3448	0.597632	43.3617	46	0.942646	0.0357791	0.0202773	18	175	65	645	3
3450	0.597632	61.8403	46	1.34435	0.0151555	0.0197856	18	175	65	645	3
3452	0.597632	40.7138	46	0.885082	0.0244434	0.020001	18	175	65	645	3
3457	0.597632	52.4586	46	1.1404	0.0346963	0.0202437	18	175	65	645	3
3459	0.597632	49.6189	46	1.07867	0.0306408	0.0201166	18	175	65	645	3
3471	0.597632	58.6172	46	1.27429	-0.0101849	0.0191764	18	175	65	645	3
3475	0.597632	69.2158	46	1.50469	-0.0139432	0.0190621	18	175	65	645	3
3478	0.597632	54.5697	46	1.1863	0.1071	0.0220579	18	175	65	645	3
3487	0.597632	38.5682	46	0.838439	0.0499418	0.0206649	18	175	65	645	3
3490	0.597632	56.2093	46	1.22194	0.077242	0.0213267	18	175	65	645	3
3492	0.597632	62.6287	46	1.36149	0.0824301	0.021444	18	175	65	645	3
3494	0.597632	70.1732	46	1.5255	0.046042	0.0205712	18	175	65	645	3
3505	0.597632	42.7752	46	0.929896	0.0370291	0.0203304	18	175	65	645	3
3506	0.597632	56.4567	46	1.22732	0.0204772	0.0199122	18	175	65	645	3
3508	0.597632	69.9913	46	1.52155	0.0435994	0.0204865	18	175	65	645	3
3513	0.597632	33.9775	46	0.738641	0.0322512	0.0202217	18	175	65	645	3
3516	0.597632	53.717	46	1.16776	0.0151096	0.0197792	18	175	65	645	3
3519	0.597632	38.0147	46	0.826407	0.0290193	0.0201097	18	175	65	645	3
3520	0.597632	58.3597	46	1.26869	0.0323481	0.0201809	18	175	65	645	3
3522	0.597632	42.6317	46	0.926776	0.0310702	0.0201716	18	175	65	645	3
3531	0.597632	45.7622	46	0.994831	0.002233	0.0194624	18	175	65	645	3
3534	0.597632	32.9684	46	0.716704	-0.0226054	0.0188649	18	175	65	645	3
3536	0.597632	45.9093	46	0.998027	-0.0139772	0.0190684	18	175	65	645	3
3539	0.597632	54.1112	46	1.17633	0.0914542	0.0217138	18	175	65	645	3
3545	0.597632	69.9105	46	1.51979	0.0999186	0.0219313	18	175	65	645	3
3551	0.597632	38.0602	46	0.827395	0.0740829	0.021275	18	175	65	645	3
3552	0.597632	54.6689	46	1.18845	0.0544521	0.0207847	18	175	65	645	3
3565	0.597632	64.143	46	1.39441	0.0425097	0.0204728	18	175	65	645	3
3576	0.597632	45.131	46	0.981109	0.0419485	0.0204444	18	175	65	645	3
3578	0.597632	40.7854	46	0.88664	0.0387923	0.0203726	18	175	65	645	3
3579	0.597632	43.0212	46	0.935243	0.0121885	0.019737	18	175	65	645	3
3582	0.597632	50.4283	46	1.09627	0.00583956	0.0195961	18	175	65	645	3
3583	0.597632	47.0924	46	1.02375	0.0277383	0.020118	18	175	65	645	3
3584	0.597632	34.666	46	0.753609	0.00796333	0.0196418	18	175	65	645	3
3585	0.597632	64.0008	46	1.39132	0.00582172	0.0195597	18	175	65	645	3
3591	0.597632	56.1252	46	1.22011	0.0305494	0.0202001	18	175	65	645	3
3592	0.597632	42.574	46	0.925521	0.000102545	0.0194449	18	175	65	645	3
3594	0.597632	55.0336	46	1.19638	0.00215358	0.019488	18	175	65	645	3
3597	0.597632	34.2021	46	0.743523	0.000943922	0.0194674	18	175	65	645	3
3616	0.597632	50.8797	46	1.10608	0.0605256	0.0209404	18	175	65	645	3
3619	0.597632	49.8116	46	1.08286	0.075616	0.0213432	18	175	65	645	3
3628	0.597632	67.2778	46	1.46256	0.0471131	0.0206148	18	175	65	645	3
3632	0.597632	32.5543	46	0.707702	0.0476009	0.0206387	18	175	65	645	3
3636	0.597632	41.2323	46	0.896355	0.00804874	0.0196587	18	175	65	645	3
3637	0.597632	87.8831	46	1.9105	0.0458534	0.0205633	18	175	65	645	3
3639	0.597632	41.527	46	0.902761	0.0350848	0.0203109	18	175	65	645	3
3643	0.597632	38.9649	46	0.847063	0.0255814	0.0200827	18	175	65	645	3
3657	0.597632	47.5501	46	1.0337	0.103464	0.0220563	18	175	65	645	3
3659	0.597632	58.7936	46	1.27812	0.077679	0.0214356	18	175	65	645	3
3666	0.597632	51.7717	46	1.12547	0.0819396	0.0215106	18	175	65	645	3
3673	0.597632	54.2584	46	1.17953	0.0556436	0.0208646	18	175	65	645	3
3675	0.597632	27.5999	46	0.599998	0.0617465	0.0209821	18	175	65	645	3
3679	0.597632	37.2074	46	0.808857	0.0396305	0.0204593	18	175	65	645	3
3685	0.597632	49.7564	46	1.08166	0.034855	0.0203104	18	175	65	645	3
3686	0.597632	48.7567	46	1.05993	0.00655774	0.0196766	18	175	65	645	3
3687	0.597632	50.776	46	1.10383	0.00428979	0.0196223	18	175	65	645	3
3694	0.597632	48.1036	46	1.04573	0.0485532	0.0206469	18	175	65	645	3
3697	0.597632	36.5361	46	0.794264	0.0340593	0.0203206	18	175	65	645	3
3711	0.597632	19.1971	46	0.417329	-0.0132472	0.0191721	18	175	65	645	3
3724	0.597632	53.2003	46	1.15653	0.0499192	0.0207448	18	175	65	645	3
3734	0.597632	45.4415	46	0.987859	0.04338	0.0205721	18	175	65	645	3
3735	0.597632	53.9958	46	1.17382	0.0515026	0.0207982	18	175	65	645	3
3737	0.597632	48.341	46	1.05089	0.0437509	0.0205803	18	175	65	645	3
3747	0.597632	41.8747	46	0.910319	0.011643	0.0198088	18	175	65	645	3
3760	0.597632	60.9719	46	1.32548	0.117845	0.02249	18	175	65	645	3
3764	0.597632	41.5087	46	0.902363	0.100588	0.0220349	18	175	65	645	3
3769	0.597632	58.9132	46	1.28072	0.0956797	0.0219282	18	175	65	645	3
3770	0.597632	48.4228	46	1.05267	0.0662456	0.021165	18	175	65	645	3
3772	0.597632	48.9685	46	1.06453	0.0631697	0.0211087	18	175	65	645	3
3773	0.597632	48.8382	46	1.0617	0.0542859	0.0208854	18	175	65	645	3
3782	0.597632	39.8529	46	0.866368	0.0284931	0.0202374	18	175	65	645	3
3789	0.597632	47.8495	46	1.04021	0.0478028	0.0207056	18	175	65	645	3
3795	0.597632	50.4325	46	1.09636	0.0365077	0.020414	18	175	65	645	3
3797	0.597632	45.4088	46	0.987148	0.0335261	0.0203619	18	175	65	645	3
3800	0.597632	43.7562	46	0.951221	0.0125916	0.0198815	18	175	65	645	3
3805	0.597632	49.5675	46	1.07755	0.119562	0.0225624	18	175	65	645	3
3812	0.597632	63.858	46	1.38822	0.0896071	0.0217841	18	175	65	645	3
3818	0.597632	54.8536	46	1.19247	0.0547043	0.0209232	18	175	65	645	3
3819	0.597632	57.4903	46	1.24979	0.0705203	0.0213147	18	175	65	645	3
3824	0.597632	48.2868	46	1.04971	0.0662221	0.0212013	18	175	65	645	3
3825	0.597632	49.3044	46	1.07183	0.0392224	0.0205076	18	175	65	645	3
3827	0.597632	58.3163	46	1.26775	0.0706702	0.0213104	18	175	65	645	3
3828	0.597632	41.0733	46	0.892898	0.0633396	0.0211052	18	175	65	645	3
3832	0.597632	34.1158	46	0.741649	0.0202808	0.0200637	18	175	65	645	3
3833	0.597632	56.0564	46	1.21862	0.0282751	0.0202485	18	175	65	645	3
3840	0.597632	47.7539	46	1.03813	0.00375606	0.019705	18	175	65	645	3
3847	0.597632	50.0403	46	1.08783	-0.0217642	0.0191154	18	175	65	645	3
3890	0.597632	62.3081	46	1.35452	0.0108178	0.0198907	18	175	65	645	3
3925	0.597632	47.676	46	1.03643	0.0211959	0.0201342	18	175	65	645	3
3932	0.597632	39.0859	46	0.849694	-0.0302019	0.0188673	18	175	65	645	3
3993	0.597632	42.0376	46	0.91386	0.0167372	0.0200287	18	175	65	645	3
4029	0.597632	38.3066	46	0.832752	-0.0111646	0.0193117	18	175	65	645	3
4031	0.597632	55.0784	46	1.19736	-0.0165574	0.0191951	18	175	65	645	3
4056	0.597632	46.1816	46	1.00395	0.00331713	0.0196392	18	175	65	645	3
4066	0.597632	56.6786	46	1.23214	-0.00116209	0.0195898	18	175	65	645	3
4078	0.597632	55.3795	46	1.2039	-0.0320809	0.0188086	18	175	65	645	3
4103	0.597632	36.438	46	0.792131	0.000236993	0.0195977	18	175	65	645	3
4141	0.597632	73.4262	46	1.59622	0.0289004	0.0203319	18	175	65	645	3
4149	0.597632	55.0185	46	1.19605	0.0291616	0.0203213	18	175	65	645	3
4161	0.597632	56.1332	46	1.22029	0.00811943	0.0198056	18	175	65	645	3
4168	0.597632	50.5345	46	1.09858	-0.0194062	0.0190871	18	175	65	645	3
4170	0.597632	53.5374	46	1.16386	0.00892439	0.0197784	18	175	65	645	3
4178	0.597632	33.2242	46	0.722266	-0.0310119	0.0188253	18	175	65	645	3
4203	0.597632	44.6964	46	0.97166	0.0297285	0.020313	18	175	65	645	3
4213	0.597632	36.4057	46	0.791428	-0.00520511	0.0194583	18	175	65	645	3
4214	0.597632	44.0691	46	0.958023	0.00689735	0.0197765	18	175	65	645	3
4225	0.597632	66.6656	46	1.44925	0.0179731	0.0200204	18	175	65	645	3
4234	0.597632	63.1352	46	1.3725	-0.010227	0.0193298	18	175	65	645	3
4236	0.597632	68.674	46	1.49291	-0.0238495	0.0190081	18	175	65	645	3
4265	0.597632	65.7268	46	1.42884	0.0089988	0.0198192	18	175	65	645	3
4326	0.597632	34.3901	46	0.74761	0.0118119	0.019849	18	175	65	645	3
4334	0.597632	49.0921	46	1.06722	-0.00205246	0.0194962	18	175	65	645	3
4368	0.597632	60.9019	46	1.32396	0.0059386	0.0197348	18	175	65	645	3
4372	0.597632	30.719	46	0.667805	0.0110612	0.0198229	18	175	65	645	3
4382	0.597632	47.2279	46	1.02669	-0.00267711	0.0194981	18	175	65	645	3
4390	0.597632	36.3739	46	0.790737	-0.00629786	0.0193932	18	175	65	645	3
4467	0.597632	73.7297	46	1.60282	0.0379167	0.0205358	18	175	65	645	3
4476	0.597632	30.8026	46	0.669622	0.057875	0.0209794	18	175	65	645	3
4487	0.597632	53.6809	46	1.16698	0.0161674	0.0199591	18	175	65	645	3
4493	0.597632	55.5925	46	1.20853	0.00454033	0.0196868	18	175	65	645	3
4499	0.597632	58.2383	46	1.26605	0.00121383	0.0195928	18	175	65	645	3
4539	0.597632	55.2059	46	1.20013	0.0147167	0.0199095	18	175	65	645	3
4542	0.597632	48.0734	46	1.04507	0.0255207	0.0201668	18	175	65	645	3
4545	0.597632	52.5908	46	1.14328	0.0148564	0.0199284	18	175	65	645	3
4547	0.597632	48.6949	46	1.05858	0.0122883	0.0198627	18	175	65	645	3
4558	0.597632	51.1583	46	1.11214	-0.0183727	0.0191154	18	175	65	645	3
4560	0.597632	58.6203	46	1.27435	0.0131665	0.0198626	18	175	65	645	3
4577	0.597632	54.1999	46	1.17826	-0.0596448	0.0181045	18	175	65	645	3
4585	0.597632	47.1185	46	1.02432	0.0565501	0.0209644	18	175	65	645	3
4596	0.597632	54.8367	46	1.1921	0.0315399	0.0203182	18	175	65	645	3
4606	0.597632	57.9793	46	1.26042	0.0294512	0.0202489	18	175	65	645	3
4614	0.597632	48.4163	46	1.05253	0.0155552	0.0199261	18	175	65	645	3
4618	0.597632	46.2582	46	1.00561	0.0171906	0.0199728	18	175	65	645	3
4620	0.597632	51.6541	46	1.12292	0.0250183	0.020173	18	175	65	645	3
4669	0.597632	53.6959	46	1.1673	0.0142192	0.019911	18	175	65	645	3
4672	0.597632	43.5288	46	0.946278	0.0119474	0.0198369	18	175	65	645	3
4691	0.597632	57.8723	46	1.25809	-0.0141856	0.0192092	18	175	65	645	3
4698	0.597632	41.8348	46	0.909453	-0.0309156	0.0187963	18	175	65	645	3
4717	0.597632	62.8323	46	1.36592	0.0603107	0.0210206	18	175	65	645	3
4723	0.597632	55.4275	46	1.20495	0.0372176	0.0204744	18	175	65	645	3
4724	0.597632	41.0187	46	0.89171	0.027569	0.0202534	18	175	65	645	3
4735	0.597632	48.7765	46	1.06036	0.022683	0.0201148	18	175	65	645	3
4738	0.597632	63.207	46	1.37407	0.0153655	0.019908	18	175	65	645	3
4740	0.597632	47.7414	46	1.03786	0.0168568	0.0199393	18	175	65	645	3
4745	0.597632	59.0387	46	1.28345	-0.0191771	0.0190759	18	175	65	645	3
4748	0.597632	52.1244	46	1.13314	0.0102883	0.0197983	18	175	65	645	3
4758	0.597632	47.3449	46	1.02924	-0.0131579	0.0192166	18	175	65	645	3
4784	0.597632	64.5235	46	1.40269	0.0438003	0.0206289	18	175	65	645	3
4800	0.597632	43.1819	46	0.938737	0.0013076	0.0195898	18	175	65	645	3
4803	0.597632	34.0228	46	0.739627	0.012962	0.0198529	18	175	65	645	3
4808	0.597632	37.6245	46	0.817924	0.00171163	0.0195484	18	175	65	645	3
4813	0.597632	49.4594	46	1.0752	-0.0172132	0.0191158	18	175	65	645	3
4817	0.597632	56.0877	46	1.2193	-0.00614637	0.0193941	18	175	65	645	3
4822	0.597632	36.5359	46	0.794258	-0.016628	0.0191305	18	175	65	645	3
4825	0.597632	47.8241	46	1.03965	0.000268369	0.0195472	18	175	65	645	3
4835	0.597632	38.5677	46	0.838427	-0.0226681	0.0189727	18	175	65	645	3
4862	0.597632	47.6329	46	1.0355	0.0256946	0.0201827	18	175	65	645	3
4866	0.597632	52.6001	46	1.14348	0.0275456	0.0202063	18	175	65	645	3
4870	0.597632	59.0465	46	1.28362	0.0334351	0.0203578	18	175	65	645	3
4872	0.597632	66.2775	46	1.44082	0.0142182	0.0198821	18	175	65	645	3
4878	0.597632	42.6489	46	0.92715	0.00453856	0.0196374	18	175	65	645	3
4883	0.597632	40.4801	46	0.880002	-0.0102833	0.0192704	18	175	65	645	3
4884	0.597632	39.2947	46	0.854232	0.006456	0.019696	18	175	65	645	3
4891	0.597632	51.2538	46	1.11421	0.0161683	0.0199347	18	175	65	645	3
4893	0.597632	52.7268	46	1.14624	-0.00987932	0.0192819	18	175	65	645	3
4894	0.597632	69.8662	46	1.51883	0.011582	0.0198195	18	175	65	645	3
4907	0.597632	56.0449	46	1.21837	-0.0226987	0.0189689	18	175	65	645	3
4943	0.597632	33.8242	46	0.735308	0.00161033	0.0195651	18	175	65	645	3
4945	0.597632	33.2692	46	0.723244	0.0235402	0.0201107	18	175	65	645	3
4955	0.597632	45.5297	46	0.989777	0.0228805	0.0200772	18	175	65	645	3
4963	0.597632	38.1458	46	0.829257	-0.0293134	0.0188399	18	175	65	645	3
4964	0.597632	49.5326	46	1.0768	-0.0244286	0.0189536	18	175	65	645	3
4965	0.597632	59.079	46	1.28433	-0.0366473	0.0186624	18	175	65	645	3
4969	0.597632	51.523	46	1.12007	-0.0174409	0.0190819	18	175	65	645	3
4998	0.597632	40.4242	46	0.878786	0.023455	0.0200875	18	175	65	645	3
5003	0.597632	67.2838	46	1.46269	0.0397061	0.0204581	18	175	65	645	3
5005	0.597632	34.9092	46	0.758895	0.03136	0.0202938	18	175	65	645	3
5006	0.597632	32.8701	46	0.714567	0.02646	0.0201814	18	175	65	645	3
5008	0.597632	51.7793	46	1.12564	-0.00185325	0.0194864	18	175	65	645	3
5012	0.597632	46.428	46	1.0093	0.0210829	0.0200219	18	175	65	645	3
5018	0.597632	47.3648	46	1.02967	-0.00788469	0.0193237	18	175	65	645	3
5024	0.597632	63.0202	46	1.37001	-0.00427669	0.0193905	18	175	65	645	3
5025	0.597632	45.0185	46	0.978663	0.0227524	0.0200742	18	175	65	645	3
5029	0.597632	71.3695	46	1.55151	-0.0117565	0.0192277	18	175	65	645	3
5045	0.597632	48.0458	46	1.04447	-0.0415368	0.0184961	18	175	65	645	3
5065	0.597632	47.4063	46	1.03057	0.054549	0.0208852	18	175	65	645	3
5075	0.597632	41.6467	46	0.905363	0.0239963	0.0200983	18	175	65	645	3
5085	0.597632	48.7999	46	1.06087	0.0342074	0.0203502	18	175	65	645	3
5088	0.597632	48.6248	46	1.05706	0.0350847	0.0203745	18	175	65	645	3
5089	0.597632	36.1618	46	0.786126	0.0177787	0.0199638	18	175	65	645	3
5093	0.597632	31.7886	46	0.691056	0.0159868	0.0198915	18	175	65	645	3
5098	0.597632	47.5809	46	1.03437	0.0142461	0.0198607	18	175	65	645	3
5099	0.597632	54.5572	46	1.18603	0.000547087	0.0195391	18	175	65	645	3
5103	0.597632	41.8515	46	0.909816	0.011567	0.0197918	18	175	65	645	3
5107	0.597632	43.1749	46	0.938584	-0.00838588	0.0193245	18	175	65	645	3
5109	0.597632	56.1384	46	1.2204	-0.00543297	0.0193946	18	175	65	645	3
5118	0.597632	34.9477	46	0.759732	-0.0147385	0.019151	18	175	65	645	3
5119	0.597632	46.5597	46	1.01217	-0.00974037	0.0192793	18	175	65	645	3
5149	0.597632	56.3221	46	1.22439	0.043053	0.0205814	18	175	65	645	3
5150	0.597632	50.442	46	1.09656	0.0291692	0.0202471	18	175	65	645	3
5159	0.597632	47.5653	46	1.03403	0.0495752	0.0206978	18	175	65	645	3
5165	0.597632	49.2947	46	1.07162	0.0328552	0.020307	18	175	65	645	3
5175	0.597632	36.8277	46	0.800602	0.0067852	0.0196746	18	175	65	645	3
5179	0.597632	57.0366	46	1.23993	-0.00194055	0.0194745	18	175	65	645	3
5182	0.597632	44.7007	46	0.971755	-0.0216026	0.0189872	18	175	65	645	3
5183	0.597632	41.2683	46	0.897137	0.00822372	0.0197021	18	175	65	645	3
5194	0.597632	52.4519	46	1.14026	-0.037862	0.0186061	18	175	65	645	3
5219	0.597632	51.5384	46	1.1204	0.0233844	0.0200921	18	175	65	645	3
5223	0.597632	60.4036	46	1.31312	0.0496022	0.0207626	18	175	65	645	3
5233	0.597632	53.8354	46	1.17034	0.00663456	0.0196808	18	175	65	645	3
5234	0.597632	56.2146	46	1.22206	-0.00500506	0.0194124	18	175	65	645	3
5240	0.597632	54.6897	46	1.18891	0.0275462	0.0201882	18	175	65	645	3
5241	0.597632	50.6218	46	1.10047	0.0293676	0.0202262	18	175	65	645	3
5242	0.597632	33.9797	46	0.738689	0.0210981	0.0200287	18	175	65	645	3
5248	0.597632	44.2903	46	0.962832	0.00774061	0.0196846	18	175	65	645	3
5249	0.597632	53.6159	46	1.16556	0.00485655	0.0196204	18	175	65	645	3
5252	0.597632	36.1491	46	0.78585	0.00643675	0.0196488	18	175	65	645	3
5254	0.597632	50.2745	46	1.09292	0.00805881	0.019691	18	175	65	645	3
5256	0.597632	41.919	46	0.911283	-0.00674688	0.0193396	18	175	65	645	3
5261	0.597632	41.6837	46	0.906167	0.000884468	0.0194976	18	175	65	645	3
5286	0.597632	74.0418	46	1.60961	-0.0541088	0.0182011	18	175	65	645	3
5289	0.597632	51.9198	46	1.12869	0.0662572	0.0211353	18	175	65	645	3
5303	0.597632	66.9652	46	1.45577	0.0585335	0.0209337	18	175	65	645	3
5314	0.597632	57.6446	46	1.25314	0.0201247	0.0200189	18	175	65	645	3
5319	0.597632	33.1557	46	0.720777	0.0228627	0.0200452	18	175	65	645	3
5320	0.597632	51.1681	46	1.11235	0.00844357	0.0196928	18	175	65	645	3
5321	0.597632	35.1934	46	0.765075	0.0165495	0.019913	18	175	65	645	3
5325	0.597632	43.0324	46	0.935486	-0.00612031	0.019352	18	175	65	645	3
5326	0.597632	37.9916	46	0.825905	0.0148029	0.0198734	18	175	65	645	3
5341	0.597632	43.2273	46	0.939723	-0.00735887	0.0193028	18	175	65	645	3
5344	0.597632	43.6335	46	0.948554	-0.0134307	0.0191845	18	175	65	645	3
5346	0.597632	43.5267	46	0.946233	0.0129933	0.0198134	18	175	65	645	3
5347	0.597632	45.9247	46	0.998364	-0.0247943	0.0189092	18	175	65	645	3
5349	0.597632	45.2685	46	0.984098	0.00863397	0.0197078	18	175	65	645	3
5352	0.597632	54.5258	46	1.18534	0.00936972	0.0197307	18	175	65	645	3
5383	0.597632	74.8493	46	1.62716	0.0582039	0.020957	18	175	65	645	3
5386	0.597632	48.9821	46	1.06483	0.0692818	0.0212287	18	175	65	645	3
5388	0.597632	47.1851	46	1.02576	0.0373878	0.020413	18	175	65	645	3
5395	0.597632	37.3183	46	0.811268	0.036565	0.0203973	18	175	65	645	3
5398	0.597632	47.0174	46	1.02212	0.0471214	0.0206527	18	175	65	645	3
5399	0.597632	56.293	46	1.22376	0.00899911	0.0197267	18	175	65	645	3
5405	0.597632	45.0599	46	0.979563	0.0177073	0.0199215	18	175	65	645	3
5406	0.597632	61.96	46	1.34696	0.0194081	0.0199725	18	175	65	645	3
5412	0.597632	49.0639	46	1.06661	0.0244217	0.020088	18	175	65	645	3
5413	0.597632	35.6238	46	0.774429	0.0172305	0.0199236	18	175	65	645	3
5414	0.597632	39.3107	46	0.85458	0.0258729	0.0201189	18	175	65	645	3
5416	0.597632	45.3859	46	0.98665	0.000553904	0.019517	18	175	65	645	3
5424	0.597632	44.0315	46	0.957205	-0.0111605	0.0192409	18	175	65	645	3
5425	0.597632	64.4841	46	1.40183	0.034204	0.0203363	18	175	65	645	3
5433	0.597632	54.8913	46	1.19329	0.00597542	0.0196293	18	175	65	645	3
5435	0.597632	45.7216	46	0.993948	0.0163806	0.0198954	18	175	65	645	3
5438	0.597632	34.7061	46	0.754481	0.00921998	0.0197194	18	175	65	645	3
5441	0.597632	55.792	46	1.21287	0.00601887	0.0196457	18	175	65	645	3
5443	0.597632	48.7019	46	1.05874	-0.0184257	0.0190439	18	175	65	645	3
5469	0.597632	45.7304	46	0.994139	0.0503664	0.0207529	18	175	65	645	3
5470	0.597632	45.9961	46	0.999915	0.0431305	0.020554	18	175	65	645	3
5475	0.597632	63.3833	46	1.3779	0.0665776	0.0211492	18	175	65	645	3
5478	0.597632	49.098	46	1.06735	0.0367635	0.0204025	18	175	65	645	3
5479	0.597632	43.1611	46	0.938284	0.0364232	0.0203976	18	175	65	645	3
5482	0.597632	49.2515	46	1.07069	0.00350575	0.0195819	18	175	65	645	3
5487	0.597632	37.5857	46	0.817081	0.0246738	0.0200874	18	175	65	645	3
5490	0.597632	53.6201	46	1.16565	0.0448146	0.0206047	18	175	65	645	3
5492	0.597632	56.876	46	1.23643	0.00372461	0.0196045	18	175	65	645	3
5495	0.597632	49.5893	46	1.07803	0.0328198	0.0202863	18	175	65	645	3
5497	0.597632	55.0635	46	1.19703	0.0119554	0.0198015	18	175	65	645	3
5502	0.597632	32.4679	46	0.705825	0.00151522	0.0195243	18	175	65	645	3
5504	0.597632	41.2006	46	0.895665	-0.019926	0.018991	18	175	65	645	3
5508	0.597632	37.1287	46	0.807145	-0.00948729	0.0192682	18	175	65	645	3
5515	0.597632	28.437	46	0.618195	-0.0110071	0.0192305	18	175	65	645	3
5543	0.597632	63.9851	46	1.39098	0.0560227	0.0208315	18	175	65	645	3
5550	0.597632	60.0546	46	1.30553	0.059678	0.0209731	18	175	65	645	3
5553	0.597632	39.553	46	0.859848	0.0440298	0.0205726	18	175	65	645	3
5555	0.597632	64.361	46	1.39915	0.0591316	0.0209676	18	175	65	645	3
5562	0.597632	40.1946	46	0.873796	0.0411426	0.0205068	18	175	65	645	3
5563	0.597632	62.7923	46	1.36505	0.0393094	0.0204601	18	175	65	645	3
5566	0.597632	50.0527	46	1.0881	0.0197445	0.0199716	18	175	65	645	3
5573	0.597632	52.7018	46	1.14569	0.0130138	0.0197754	18	175	65	645	3
5574	0.597632	28.9466	46	0.629273	0.0218067	0.0200233	18	175	65	645	3
5578	0.597632	27.3074	46	0.59364	-0.00450714	0.019375	18	175	65	645	3
5579	0.597632	51.8582	46	1.12735	-0.00501749	0.0193619	18	175	65	645	3
5584	0.597632	52.6654	46	1.1449	0.0126676	0.0198145	18	175	65	645	3
5585	0.597632	48.7027	46	1.05875	0.00346266	0.0195196	18	175	65	645	3
5586	0.597632	40.3368	46	0.876887	-0.00861039	0.019283	18	175	65	645	3
5589	0.597632	44.365	46	0.964456	-0.0122395	0.0191973	18	175	65	645	3
5595	0.597632	40.4913	46	0.880245	-0.00303188	0.0193834	18	175	65	645	3
5596	0.597632	61.1553	46	1.32946	-0.0248876	0.0188782	18	175	65	645	3
5598	0.597632	41.9198	46	0.9113	-0.0203799	0.0189892	18	175	65	645	3
5604	0.597632	57.2767	46	1.24515	-0.0211092	0.0189879	18	175	65	645	3
5606	0.597632	57.8286	46	1.25714	-0.0316057	0.0187038	18	175	65	645	3
5618	0.597632	50.7809	46	1.10393	0.0586158	0.0209219	18	175	65	645	3
5624	0.597632	78.1353	46	1.69859	0.0341279	0.0203541	18	175	65	645	3
5633	0.597632	67.0875	46	1.45842	0.0346114	0.0203345	18	175	65	645	3
5634	0.597632	38.7922	46	0.843308	0.0289437	0.0201998	18	175	65	645	3
5636	0.597632	48.7691	46	1.0602	0.0466715	0.0206369	18	175	65	645	3
5641	0.597632	43.4141	46	0.943784	0.0400713	0.0204723	18	175	65	645	3
5644	0.597632	44.2162	46	0.961223	0.0375808	0.0204103	18	175	65	645	3
5648	0.597632	41.6479	46	0.905389	0.0304599	0.0202301	18	175	65	645	3
5651	0.597632	34.6466	46	0.753187	0.016753	0.0198933	18	175	65	645	3
5655	0.597632	39.6173	46	0.861245	0.0236385	0.0200479	18	175	65	645	3
5657	0.597632	51.9753	46	1.1299	0.0301936	0.0202035	18	175	65	645	3
5659	0.597632	36.2243	46	0.787485	0.00690276	0.0196577	18	175	65	645	3
5671	0.597632	43.3449	46	0.94228	0.0182119	0.0199331	18	175	65	645	3
5673	0.597632	62.5788	46	1.36041	-0.0251359	0.0188635	18	175	65	645	3
5676	0.597632	45.9321	46	0.998524	-0.0327518	0.0186945	18	175	65	645	3
5688	0.597632	35.4838	46	0.771387	-0.0297778	0.0187525	18	175	65	645	3
5695	0.597632	58.1077	46	1.26321	-0.0421748	0.0184658	18	175	65	645	3
5710	0.597632	47.3093	46	1.02846	0.0746386	0.0213355	18	175	65	645	3
5718	0.597632	51.752	46	1.12504	0.0620811	0.021015	18	175	65	645	3
