0	0.603311	123.453	47	2.62667	0.110123	0.0189613	-1	-1	3
1	0.603311	100.198	47	2.13187	0.0947246	0.0186387	-1	-1	3
2	0.603311	122.054	47	2.5969	0.0263185	0.0172497	-1	-1	3
3	0.603311	88.6122	47	1.88537	-0.0225468	0.0162847	-1	-1	3
4	0.603311	131.347	47	2.79461	0.0103417	0.0168719	-1	-1	3
5	0.603311	113.502	47	2.41493	0.0394618	0.0174796	-1	-1	3
6	0.603311	141.548	47	3.01165	0.0178531	0.0170411	-1	-1	3
7	0.603311	115.071	47	2.44831	-0.0183185	0.0163634	-1	-1	3
8	0.603311	123.874	47	2.63561	-0.00701716	0.0164897	-1	-1	3
9	0.603311	120.617	47	2.56632	0.0328283	0.0173088	-1	-1	3
10	0.603311	106.163	47	2.25879	-0.0171287	0.0163266	-1	-1	3
11	0.603311	88.705	47	1.88734	-0.0684771	0.0153249	-1	-1	3
12	0.603311	104.68	47	2.22723	-0.0730821	0.0152739	-1	-1	3
13	0.603311	97.106	47	2.06608	-0.0354372	0.0159429	-1	-1	3
14	0.603311	121.874	47	2.59307	-0.0487605	0.0156552	-1	-1	3
15	0.603311	137.685	47	2.92948	-0.0872904	0.014945	-1	-1	3
16	0.603311	70.4892	47	1.49977	-0.0817698	0.0150833	-1	-1	3
17	0.603311	135.619	47	2.88551	-0.0752567	0.0152182	-1	-1	3
18	0.603311	108.95	47	2.31809	-0.0482627	0.0157497	-1	-1	3
19	0.603311	87.0777	47	1.85272	-0.0691699	0.0153721	-1	-1	3
20	0.603311	92.043	47	1.95836	-0.119946	0.0144011	-1	-1	3
21	0.603311	55.8086	47	1.18742	-0.134075	0.0141766	-1	-1	3
22	0.603311	127.759	47	2.71829	-0.0988742	0.0148397	-1	-1	3
23	0.603311	116.045	47	2.46905	-0.0945785	0.0149179	-1	-1	3
24	0.603311	108.379	47	2.30594	-0.086154	0.0151057	-1	-1	3
25	0.603311	108.97	47	2.31851	-0.0993283	0.0148798	-1	-1	3
26	0.603311	104.125	47	2.21543	-0.129477	0.0143475	-1	-1	3
27	0.603311	106.714	47	2.27051	-0.183504	0.0133472	-1	-1	3
28	0.603311	161.813	47	3.44283	0.0497262	0.0176734	-1	-1	3
29	0.603311	87.9165	47	1.87056	0.0526171	0.0177817	-1	-1	3
30	0.603311	177.701	47	3.78087	0.0695619	0.0180607	-1	-1	3
31	0.603311	99.7772	47	2.12292	-0.0216386	0.0162643	-1	-1	3
32	0.603311	81.385	47	1.7316	-0.0293973	0.0161343	-1	-1	3
33	0.603311	119.026	47	2.53248	-0.000504822	0.016642	-1	-1	3
34	0.603311	123.329	47	2.62403	-0.0158376	0.0163554	-1	-1	3
35	0.603311	89.9355	47	1.91352	-0.0579739	0.0155307	-1	-1	3
36	0.603311	105.053	47	2.23516	-0.0457523	0.0157471	-1	-1	3
37	0.603311	110.877	47	2.35909	-0.0713003	0.0152574	-1	-1	3
38	0.603311	93.8112	47	1.99598	-0.0200943	0.0162707	-1	-1	3
39	0.603311	64.3703	47	1.36958	-0.0944583	0.0148647	-1	-1	3
40	0.603311	122.606	47	2.60864	-0.0535246	0.0156441	-1	-1	3
41	0.603311	96.3589	47	2.05019	-0.104971	0.0146744	-1	-1	3
42	0.603311	143.74	47	3.05829	-0.0957301	0.0148811	-1	-1	3
43	0.603311	77.4784	47	1.64848	-0.0811412	0.0152043	-1	-1	3
44	0.603311	97.3628	47	2.07155	-0.139329	0.0141135	-1	-1	3
45	0.603311	104.859	47	2.23105	-0.0927397	0.0150259	-1	-1	3
46	0.603311	103.641	47	2.20512	-0.147149	0.0140215	-1	-1	3
47	0.603311	168.239	47	3.57956	0.049871	0.0176599	-1	-1	3
48	0.603311	115.475	47	2.4569	0.0241253	0.017194	-1	-1	3
49	0.603311	97.7361	47	2.07949	0.0313761	0.0173722	-1	-1	3
50	0.603311	137.752	47	2.9309	0.0415278	0.0174997	-1	-1	3
51	0.603311	108.136	47	2.30077	0.0514716	0.0177332	-1	-1	3
52	0.603311	99.0282	47	2.10698	-0.0271248	0.0161664	-1	-1	3
53	0.603311	77.9058	47	1.65757	-0.040666	0.0159119	-1	-1	3
54	0.603311	118.994	47	2.53178	0.00376034	0.0167278	-1	-1	3
55	0.603311	118.331	47	2.51768	-0.0211373	0.0162504	-1	-1	3
56	0.603311	90.799	47	1.93189	-0.0479458	0.0157502	-1	-1	3
57	0.603311	130.816	47	2.78331	-0.0138906	0.0163506	-1	-1	3
58	0.603311	123.137	47	2.61994	-0.0548408	0.0155655	-1	-1	3
59	0.603311	150.018	47	3.19187	-0.0324915	0.0159836	-1	-1	3
60	0.603311	80.136	47	1.70502	-0.0896192	0.0149356	-1	-1	3
61	0.603311	94.4962	47	2.01056	-0.111227	0.0145373	-1	-1	3
62	0.603311	135.187	47	2.87632	-0.0732199	0.015244	-1	-1	3
63	0.603311	64.5567	47	1.37355	-0.0987512	0.0148074	-1	-1	3
64	0.603311	71.1396	47	1.51361	-0.0970083	0.0148613	-1	-1	3
65	0.603311	84.595	47	1.79989	-0.113147	0.0145524	-1	-1	3
66	0.603311	139.475	47	2.96756	-0.0614769	0.015544	-1	-1	3
67	0.603311	121.129	47	2.57722	-0.112689	0.0145852	-1	-1	3
68	0.603311	112.147	47	2.3861	0.0897424	0.0185372	-1	-1	3
69	0.603311	109.844	47	2.3371	0.0546155	0.0178331	-1	-1	3
70	0.603311	106.674	47	2.26966	-0.0291581	0.0161297	-1	-1	3
71	0.603311	95.8268	47	2.03887	-0.032435	0.0160846	-1	-1	3
72	0.603311	144.186	47	3.06779	0.00374411	0.0167108	-1	-1	3
73	0.603311	90.9449	47	1.935	-0.0409825	0.0158664	-1	-1	3
74	0.603311	78.9581	47	1.67996	-0.00680791	0.0165521	-1	-1	3
75	0.603311	133.535	47	2.84117	0.00471066	0.0167195	-1	-1	3
76	0.603311	116.594	47	2.48072	-0.0360679	0.0159379	-1	-1	3
77	0.603311	91.5371	47	1.9476	-0.0865263	0.0149903	-1	-1	3
78	0.603311	110.974	47	2.36116	-0.114427	0.0144427	-1	-1	3
79	0.603311	69.861	47	1.4864	-0.0502891	0.0157072	-1	-1	3
80	0.603311	134.583	47	2.86348	-0.0576819	0.0155577	-1	-1	3
81	0.603311	128.751	47	2.73937	-0.100483	0.0147413	-1	-1	3
82	0.603311	86.3877	47	1.83804	-0.11159	0.0145764	-1	-1	3
83	0.603311	75.8357	47	1.61353	-0.0969183	0.014863	-1	-1	3
84	0.603311	149.142	47	3.17324	-0.0472266	0.0158053	-1	-1	3
85	0.603311	123.153	47	2.62028	-0.114245	0.0145403	-1	-1	3
86	0.603311	92.8693	47	1.97594	-0.0872646	0.0150872	-1	-1	3
87	0.603311	128.14	47	2.72639	-0.130361	0.0142856	-1	-1	3
88	0.603311	91.3187	47	1.94295	-0.107979	0.0147375	-1	-1	3
89	0.603311	77.8868	47	1.65716	-0.169563	0.0136264	-1	-1	3
