1	0.603807	66.58	47	1.4166	-0.279316	0.0129708	-1	-1	3
2	0.603807	154.113	47	3.279	-0.405141	0.0107427	-1	-1	3
3	0.603807	65.289	47	1.38913	-0.247752	0.0135911	-1	-1	3
4	0.603807	115.631	47	2.46024	-0.284908	0.0129066	-1	-1	3
5	0.603807	81.3741	47	1.73136	-0.244825	0.0136741	-1	-1	3
6	0.603807	92.0864	47	1.95928	-0.285163	0.0128916	-1	-1	3
7	0.603807	72.9277	47	1.55165	-0.343087	0.0118147	-1	-1	3
8	0.603807	88.4274	47	1.88143	-0.390719	0.0109629	-1	-1	3
9	0.603807	52.0914	47	1.10833	-0.193313	0.0146711	-1	-1	3
10	0.603807	88.2091	47	1.87679	-0.229323	0.0139956	-1	-1	3
11	0.603807	40.4522	47	0.860686	-0.0601488	0.0174234	-1	-1	3
12	0.603807	70.2275	47	1.4942	-0.216107	0.0142077	-1	-1	3
13	0.603807	53.6468	47	1.14142	-0.231129	0.0138871	-1	-1	3
14	0.603807	141.808	47	3.01719	-0.342798	0.0118408	-1	-1	3
15	0.603807	89.2091	47	1.89807	-0.202697	0.0144749	-1	-1	3
16	0.603807	106.894	47	2.27434	-0.260889	0.0133684	-1	-1	3
17	0.603807	40.7748	47	0.867548	-0.200876	0.0144374	-1	-1	3
18	0.603807	108.057	47	2.29909	-0.300113	0.0126102	-1	-1	3
19	0.603807	88.7214	47	1.88769	-0.337442	0.0119128	-1	-1	3
20	0.603807	95.7073	47	2.03632	-0.334874	0.0119294	-1	-1	3
21	0.603807	61.5761	47	1.31013	-0.109925	0.0163364	-1	-1	3
22	0.603807	37.2084	47	0.791667	-0.136114	0.0158019	-1	-1	3
23	0.603807	81.3524	47	1.7309	-0.230846	0.0139261	-1	-1	3
24	0.603807	51.6314	47	1.09854	-0.223473	0.0140429	-1	-1	3
25	0.603807	159.828	47	3.4006	-0.351796	0.0116612	-1	-1	3
26	0.603807	87.4708	47	1.86108	-0.352865	0.011599	-1	-1	3
27	0.603807	58.5918	47	1.24663	-0.0657013	0.0173012	-1	-1	3
28	0.603807	69.7962	47	1.48502	-0.180489	0.0149069	-1	-1	3
29	0.603807	60.7601	47	1.29277	-0.180364	0.0148988	-1	-1	3
30	0.603807	74.9116	47	1.59386	-0.223725	0.0140315	-1	-1	3
31	0.603807	53.0127	47	1.12793	-0.254654	0.0134021	-1	-1	3
32	0.603807	56.1577	47	1.19484	-0.282873	0.0128706	-1	-1	3
33	0.603807	91.6048	47	1.94904	-0.207057	0.0143898	-1	-1	3
34	0.603807	100.561	47	2.13959	-0.272253	0.0131216	-1	-1	3
35	0.603807	53.0846	47	1.12946	-0.22911	0.0139082	-1	-1	3
36	0.603807	54.7326	47	1.16452	-0.237759	0.0136624	-1	-1	3
37	0.603807	59.8102	47	1.27256	-0.30763	0.0123893	-1	-1	3
38	0.603807	36.0501	47	0.767024	-0.143147	0.0156146	-1	-1	3
39	0.603807	49.0832	47	1.04432	-0.217156	0.0141241	-1	-1	3
40	0.603807	43.0903	47	0.916815	-0.224794	0.0139627	-1	-1	3
41	0.603807	66.1239	47	1.40689	-0.253703	0.0134217	-1	-1	3
42	0.603807	51.1683	47	1.08869	-0.285223	0.0127953	-1	-1	3
43	0.603807	99.2628	47	2.11197	-0.33221	0.0119745	-1	-1	3
44	0.603807	97.595	47	2.07649	-0.357576	0.0115184	-1	-1	3
45	0.603807	52.6391	47	1.11998	-0.166965	0.0151518	-1	-1	3
46	0.603807	62.7549	47	1.33521	-0.344498	0.0117157	-1	-1	3
47	0.603807	50.0423	47	1.06473	-0.12349	0.0160421	-1	-1	3
48	0.603807	51.1209	47	1.08768	-0.187806	0.0147279	-1	-1	3
49	0.603807	54.6314	47	1.16237	-0.182957	0.0148181	-1	-1	3
50	0.603807	65.9796	47	1.40382	-0.209849	0.01427	-1	-1	3
51	0.603807	49.747	47	1.05845	-0.146408	0.0154815	-1	-1	3
52	0.603807	63.5129	47	1.35134	-0.238774	0.0137132	-1	-1	3
53	0.603807	56.5835	47	1.2039	-0.251758	0.0134763	-1	-1	3
54	0.603807	67.6447	47	1.43925	-0.259527	0.0133268	-1	-1	3
55	0.603807	45.5288	47	0.968698	-0.231112	0.0138189	-1	-1	3
56	0.603807	52.6069	47	1.1193	-0.27607	0.0129761	-1	-1	3
57	0.603807	38.236	47	0.813532	-0.0634638	0.0172909	-1	-1	3
58	0.603807	54.1287	47	1.15167	-0.102581	0.0164954	-1	-1	3
59	0.603807	60.8442	47	1.29456	-0.139128	0.0157151	-1	-1	3
60	0.603807	46.294	47	0.984979	-0.156945	0.0153412	-1	-1	3
61	0.603807	81.3967	47	1.73184	-0.19511	0.0146198	-1	-1	3
62	0.603807	68.695	47	1.46159	-0.19875	0.0144858	-1	-1	3
63	0.603807	61.2927	47	1.3041	-0.193412	0.0145456	-1	-1	3
64	0.603807	74.1858	47	1.57842	-0.2692	0.0131223	-1	-1	3
65	0.603807	34.5967	47	0.7361	-0.259959	0.0132656	-1	-1	3
66	0.603807	57.7311	47	1.22832	-0.258922	0.0133054	-1	-1	3
67	0.603807	39.8852	47	0.848622	-0.300555	0.012506	-1	-1	3
68	0.603807	62.2143	47	1.32371	-0.278752	0.0128628	-1	-1	3
69	0.603807	81.5459	47	1.73502	-0.139191	0.0157583	-1	-1	3
70	0.603807	69.5787	47	1.4804	-0.0710584	0.0171307	-1	-1	3
71	0.603807	67.7555	47	1.44161	-0.192204	0.0146501	-1	-1	3
72	0.603807	59.3647	47	1.26308	-0.213345	0.0142075	-1	-1	3
73	0.603807	41.3081	47	0.878895	-0.183065	0.0147532	-1	-1	3
74	0.603807	60.2399	47	1.2817	-0.195588	0.0145217	-1	-1	3
75	0.603807	61.8167	47	1.31525	-0.218708	0.0140856	-1	-1	3
76	0.603807	69.3749	47	1.47606	-0.246384	0.0135531	-1	-1	3
77	0.603807	90.9072	47	1.9342	-0.248982	0.013521	-1	-1	3
78	0.603807	40.4599	47	0.86085	-0.198535	0.014434	-1	-1	3
79	0.603807	133.537	47	2.8412	-0.295326	0.012672	-1	-1	3
80	0.603807	71.2362	47	1.51566	-0.251927	0.0134169	-1	-1	3
81	0.603807	54.1284	47	1.15167	-0.257674	0.0133171	-1	-1	3
82	0.603807	46.1537	47	0.981993	-0.303782	0.0124041	-1	-1	3
83	0.603807	60.7951	47	1.29351	-0.357624	0.0114845	-1	-1	3
84	0.603807	60.7132	47	1.29177	-0.0996227	0.0165086	-1	-1	3
85	0.603807	43.9525	47	0.935159	-0.114085	0.0161534	-1	-1	3
86	0.603807	40.5662	47	0.86311	-0.158178	0.0152681	-1	-1	3
87	0.603807	60.0809	47	1.27832	-0.183747	0.0147518	-1	-1	3
88	0.603807	37.4631	47	0.797088	-0.201277	0.0144204	-1	-1	3
89	0.603807	71.0196	47	1.51106	-0.238001	0.0136999	-1	-1	3
90	0.603807	46.8411	47	0.99662	-0.227928	0.0138772	-1	-1	3
91	0.603807	41.9422	47	0.892388	-0.191705	0.0145311	-1	-1	3
92	0.603807	48.8031	47	1.03836	-0.282341	0.0128544	-1	-1	3
93	0.603807	67.2013	47	1.42981	-0.220029	0.0140185	-1	-1	3
94	0.603807	42.9722	47	0.914302	-0.28288	0.0128102	-1	-1	3
95	0.603807	58.3857	47	1.24225	-0.275398	0.0129536	-1	-1	3
96	0.603807	49.5976	47	1.05527	-0.299696	0.0125068	-1	-1	3
97	0.603807	73.1128	47	1.55559	-0.308187	0.0123618	-1	-1	3
98	0.603807	64.8993	47	1.38084	-0.332614	0.011921	-1	-1	3
99	0.603807	64.1762	47	1.36545	-0.0871799	0.0168035	-1	-1	3
100	0.603807	60.3477	47	1.28399	-0.0845065	0.0168449	-1	-1	3
101	0.603807	41.9847	47	0.893292	-0.182698	0.0148064	-1	-1	3
102	0.603807	59.0058	47	1.25544	-0.176549	0.0149518	-1	-1	3
103	0.603807	46.7683	47	0.99507	-0.198089	0.0144307	-1	-1	3
104	0.603807	51.3604	47	1.09277	-0.210865	0.0141835	-1	-1	3
105	0.603807	48.1895	47	1.02531	-0.197915	0.0144456	-1	-1	3
106	0.603807	70.7878	47	1.50612	-0.256711	0.0133459	-1	-1	3
107	0.603807	71.5692	47	1.52275	-0.253391	0.0134079	-1	-1	3
108	0.603807	69.1041	47	1.4703	-0.295662	0.0125759	-1	-1	3
109	0.603807	42.5385	47	0.905075	-0.321434	0.0121046	-1	-1	3
110	0.603807	87.9645	47	1.87158	-0.31817	0.0121756	-1	-1	3
111	0.603807	44.4736	47	0.946248	-0.077135	0.0169466	-1	-1	3
112	0.603807	37.0486	47	0.788267	-0.110577	0.0162604	-1	-1	3
113	0.603807	48.3964	47	1.02971	-0.158797	0.0152738	-1	-1	3
114	0.603807	55.6176	47	1.18335	-0.176332	0.0149277	-1	-1	3
115	0.603807	56.0478	47	1.19251	-0.166629	0.0151334	-1	-1	3
116	0.603807	46.6797	47	0.993184	-0.103548	0.0163619	-1	-1	3
117	0.603807	48.0331	47	1.02198	-0.135092	0.0157268	-1	-1	3
118	0.603807	43.6751	47	0.929258	-0.15808	0.0152462	-1	-1	3
119	0.603807	45.9788	47	0.978271	-0.15646	0.0152848	-1	-1	3
120	0.603807	37.304	47	0.793703	-0.196372	0.0145006	-1	-1	3
121	0.603807	52.8468	47	1.1244	-0.201885	0.0143951	-1	-1	3
122	0.603807	48.414	47	1.03008	-0.228587	0.0138574	-1	-1	3
123	0.603807	49.9528	47	1.06283	-0.247555	0.0135104	-1	-1	3
124	0.603807	63.7489	47	1.35636	-0.244924	0.0135772	-1	-1	3
125	0.603807	67.1491	47	1.4287	-0.253382	0.0134001	-1	-1	3
126	0.603807	48.5556	47	1.0331	-0.262563	0.013185	-1	-1	3
127	0.603807	48.9964	47	1.04248	-0.284939	0.0127534	-1	-1	3
128	0.603807	76.0296	47	1.61765	-0.0569612	0.0174174	-1	-1	3
129	0.603807	29.3143	47	0.623708	-0.106821	0.0163385	-1	-1	3
130	0.603807	55.4244	47	1.17924	-0.138535	0.0156385	-1	-1	3
131	0.603807	42.3316	47	0.900673	-0.149247	0.0154523	-1	-1	3
132	0.603807	73.4315	47	1.56237	-0.159539	0.0152592	-1	-1	3
133	0.603807	45.4637	47	0.967313	-0.146687	0.0155034	-1	-1	3
134	0.603807	43.4211	47	0.923853	-0.141773	0.0155764	-1	-1	3
135	0.603807	53.1744	47	1.13137	-0.234546	0.0137589	-1	-1	3
136	0.603807	57.7202	47	1.22809	-0.151553	0.0153507	-1	-1	3
137	0.603807	40.6922	47	0.865791	-0.170531	0.0149864	-1	-1	3
138	0.603807	43.2103	47	0.919368	-0.190398	0.0145986	-1	-1	3
139	0.603807	43.9056	47	0.934161	-0.215881	0.0140978	-1	-1	3
140	0.603807	70.6468	47	1.50312	-0.207117	0.0142194	-1	-1	3
141	0.603807	47.7072	47	1.01505	-0.215058	0.0140633	-1	-1	3
142	0.603807	43.5061	47	0.925661	-0.29249	0.0126244	-1	-1	3
143	0.603807	56.3441	47	1.19881	-0.225391	0.0138682	-1	-1	3
144	0.603807	54.1389	47	1.15189	-0.252387	0.0133549	-1	-1	3
145	0.603807	81.8639	47	1.74179	-0.311119	0.0123146	-1	-1	3
146	0.603807	51.0037	47	1.08518	-0.378238	0.0110686	-1	-1	3
147	0.603807	53.2992	47	1.13403	0.123236	0.0215282	-1	-1	3
148	0.603807	51.8671	47	1.10355	-0.118855	0.0160954	-1	-1	3
149	0.603807	38.8236	47	0.826034	-0.0624925	0.017261	-1	-1	3
150	0.603807	43.5157	47	0.925866	-0.18421	0.0147634	-1	-1	3
151	0.603807	37.4897	47	0.797652	-0.0874156	0.0167135	-1	-1	3
152	0.603807	59.7261	47	1.27077	-0.120195	0.0160652	-1	-1	3
153	0.603807	51.9373	47	1.10505	-0.146494	0.0154924	-1	-1	3
154	0.603807	55.7163	47	1.18545	-0.157123	0.0152853	-1	-1	3
155	0.603807	68.1787	47	1.45061	-0.170898	0.0150231	-1	-1	3
156	0.603807	44.0504	47	0.937244	-0.149018	0.0153795	-1	-1	3
157	0.603807	50.0744	47	1.06541	-0.183963	0.0147009	-1	-1	3
158	0.603807	53.6471	47	1.14143	-0.205847	0.0142699	-1	-1	3
159	0.603807	38.2042	47	0.812856	-0.239196	0.0136354	-1	-1	3
160	0.603807	64.2653	47	1.36735	-0.239313	0.0136439	-1	-1	3
161	0.603807	76.873	47	1.6356	-0.280351	0.0128625	-1	-1	3
162	0.603807	62.7593	47	1.3353	-0.226488	0.0138425	-1	-1	3
163	0.603807	79.5641	47	1.69285	-0.301608	0.0124896	-1	-1	3
164	0.603807	54.2331	47	1.1539	-0.315802	0.0121928	-1	-1	3
165	0.603807	32.8268	47	0.698442	-0.067462	0.0171475	-1	-1	3
166	0.603807	80.6804	47	1.71661	-0.0689298	0.0171011	-1	-1	3
167	0.603807	48.4944	47	1.0318	-0.14128	0.0155872	-1	-1	3
168	0.603807	45.0464	47	0.958435	-0.116448	0.0160564	-1	-1	3
169	0.603807	43.7825	47	0.931543	-0.171954	0.0149308	-1	-1	3
170	0.603807	67.808	47	1.44272	-0.236417	0.0137334	-1	-1	3
171	0.603807	44.637	47	0.949724	-0.183174	0.0147468	-1	-1	3
172	0.603807	48.7765	47	1.0378	-0.206895	0.0142623	-1	-1	3
173	0.603807	45.9543	47	0.977752	-0.217632	0.0140306	-1	-1	3
174	0.603807	53.8308	47	1.14534	-0.234216	0.0137373	-1	-1	3
175	0.603807	60.0723	47	1.27813	-0.252639	0.0134033	-1	-1	3
176	0.603807	48.441	47	1.03066	-0.272131	0.0130084	-1	-1	3
177	0.603807	44.0186	47	0.936565	-0.289777	0.012682	-1	-1	3
178	0.603807	72.7637	47	1.54816	-0.28134	0.0128526	-1	-1	3
179	0.603807	103.737	47	2.20717	-0.309333	0.012349	-1	-1	3
180	0.603807	76.5532	47	1.62879	0.174535	0.0227144	-1	-1	3
181	0.603807	57.7938	47	1.22965	-0.00359798	0.0184797	-1	-1	3
182	0.603807	46.8444	47	0.996689	-0.0938572	0.0166212	-1	-1	3
183	0.603807	59.1256	47	1.25799	-0.0336032	0.0178316	-1	-1	3
184	0.603807	60.7168	47	1.29185	-0.140099	0.015662	-1	-1	3
185	0.603807	62.8	47	1.33617	-0.0979413	0.0164637	-1	-1	3
186	0.603807	32.6331	47	0.694321	-0.142495	0.0155607	-1	-1	3
187	0.603807	53.0702	47	1.12915	-0.150342	0.0154177	-1	-1	3
188	0.603807	47.276	47	1.00587	-0.16301	0.015148	-1	-1	3
189	0.603807	41.358	47	0.879958	-0.205094	0.0142999	-1	-1	3
190	0.603807	30.4647	47	0.648186	-0.157073	0.0152096	-1	-1	3
191	0.603807	54.4821	47	1.15919	-0.184577	0.0147327	-1	-1	3
192	0.603807	45.4191	47	0.966365	-0.148916	0.0153821	-1	-1	3
193	0.603807	46.3893	47	0.987006	-0.171246	0.0149597	-1	-1	3
194	0.603807	56.8868	47	1.21036	-0.180899	0.014728	-1	-1	3
195	0.603807	33.8492	47	0.720196	-0.229766	0.0137989	-1	-1	3
196	0.603807	41.2197	47	0.877015	-0.255724	0.0133114	-1	-1	3
197	0.603807	55.3782	47	1.17826	-0.198577	0.0143551	-1	-1	3
198	0.603807	62.159	47	1.32253	-0.287317	0.0127379	-1	-1	3
199	0.603807	47.9413	47	1.02003	-0.335854	0.0118042	-1	-1	3
200	0.603807	67.2225	47	1.43027	-0.0154468	0.0183465	-1	-1	3
201	0.603807	50.5951	47	1.07649	0.0568386	0.0199355	-1	-1	3
202	0.603807	44.8748	47	0.954782	0.0310544	0.0193424	-1	-1	3
203	0.603807	52.5283	47	1.11762	-0.0559899	0.0174124	-1	-1	3
204	0.603807	56.6354	47	1.20501	-0.0892757	0.0166783	-1	-1	3
205	0.603807	44.0543	47	0.937325	-0.10625	0.0163442	-1	-1	3
206	0.603807	48.1521	47	1.02451	-0.0638507	0.0172118	-1	-1	3
207	0.603807	46.7438	47	0.994549	-0.041535	0.0176691	-1	-1	3
208	0.603807	48.1687	47	1.02487	-0.0816597	0.0168316	-1	-1	3
209	0.603807	41.8614	47	0.890667	-0.104568	0.0163231	-1	-1	3
210	0.603807	29.496	47	0.627574	-0.132239	0.0157789	-1	-1	3
211	0.603807	53.1392	47	1.13062	-0.141481	0.0155375	-1	-1	3
212	0.603807	49.5504	47	1.05426	-0.138618	0.0156043	-1	-1	3
213	0.603807	53.3181	47	1.13443	-0.149598	0.0154124	-1	-1	3
214	0.603807	48.4998	47	1.03191	-0.109152	0.0161756	-1	-1	3
215	0.603807	33.7415	47	0.717905	-0.162986	0.0150975	-1	-1	3
216	0.603807	39.4253	47	0.838836	-0.180578	0.014747	-1	-1	3
217	0.603807	77.4357	47	1.64757	-0.22118	0.0140214	-1	-1	3
218	0.603807	45.5621	47	0.969407	-0.180163	0.0147705	-1	-1	3
219	0.603807	68.1844	47	1.45073	-0.250665	0.0134311	-1	-1	3
220	0.603807	69.0134	47	1.46837	-0.274113	0.0129955	-1	-1	3
221	0.603807	42.4207	47	0.902567	-0.236017	0.0136597	-1	-1	3
222	0.603807	48.6088	47	1.03423	-0.237132	0.0136289	-1	-1	3
223	0.603807	58.4933	47	1.24454	-0.242654	0.0135393	-1	-1	3
224	0.603807	61.6773	47	1.31228	-0.188688	0.0145447	-1	-1	3
225	0.603807	34.0373	47	0.724199	-0.25777	0.0132549	-1	-1	3
226	0.603807	44.6854	47	0.950753	-0.263923	0.0131556	-1	-1	3
227	0.603807	62.2862	47	1.32524	-0.295056	0.0125839	-1	-1	3
228	0.603807	57.5038	47	1.22348	-0.287612	0.0126695	-1	-1	3
229	0.603807	74.9269	47	1.59419	0.0241909	0.0190785	-1	-1	3
230	0.603807	48.6548	47	1.03521	-0.0682341	0.0171581	-1	-1	3
231	0.603807	66.9311	47	1.42407	-0.159561	0.0152388	-1	-1	3
232	0.603807	47.4618	47	1.00983	-0.0622284	0.0172186	-1	-1	3
233	0.603807	52.0844	47	1.10818	-0.0994861	0.0164188	-1	-1	3
234	0.603807	59.59	47	1.26787	-0.163429	0.0151749	-1	-1	3
235	0.603807	41.8453	47	0.890327	-0.119204	0.0160182	-1	-1	3
236	0.603807	66.0219	47	1.40472	-0.171783	0.0149963	-1	-1	3
237	0.603807	57.2326	47	1.21771	-0.130288	0.0157766	-1	-1	3
238	0.603807	53.8131	47	1.14496	-0.125278	0.0159151	-1	-1	3
239	0.603807	49.042	47	1.04345	-0.153131	0.0153349	-1	-1	3
240	0.603807	43.2055	47	0.919266	-0.146677	0.0154542	-1	-1	3
241	0.603807	47.7901	47	1.01681	-0.145636	0.0154784	-1	-1	3
242	0.603807	49.4885	47	1.05295	-0.177581	0.0148274	-1	-1	3
243	0.603807	57.7714	47	1.22918	-0.207128	0.0142552	-1	-1	3
244	0.603807	50.5626	47	1.0758	-0.149055	0.0153441	-1	-1	3
245	0.603807	53.1941	47	1.13179	-0.168319	0.0149869	-1	-1	3
246	0.603807	59.6034	47	1.26816	-0.143734	0.0154768	-1	-1	3
247	0.603807	38.1033	47	0.810708	-0.174976	0.01485	-1	-1	3
248	0.603807	50.6089	47	1.07678	-0.238603	0.0136344	-1	-1	3
249	0.603807	73.6332	47	1.56666	-0.311263	0.0122819	-1	-1	3
250	0.603807	103.203	47	2.19582	0.150732	0.022044	-1	-1	3
251	0.603807	46.7789	47	0.995295	-0.090931	0.0166405	-1	-1	3
252	0.603807	40.3572	47	0.858665	-0.0487037	0.0174926	-1	-1	3
253	0.603807	44.722	47	0.951531	-0.0576232	0.0172971	-1	-1	3
254	0.603807	51.3425	47	1.09239	-0.0845996	0.0167279	-1	-1	3
255	0.603807	43.8498	47	0.932975	-0.118807	0.0159927	-1	-1	3
256	0.603807	40.485	47	0.861383	-0.109714	0.0161943	-1	-1	3
257	0.603807	33.0149	47	0.702444	-0.13824	0.0155974	-1	-1	3
258	0.603807	66.4543	47	1.41392	-0.084835	0.0166598	-1	-1	3
259	0.603807	50.7079	47	1.07889	-0.154705	0.015277	-1	-1	3
260	0.603807	43.9529	47	0.935169	-0.147553	0.0154403	-1	-1	3
261	0.603807	73.1848	47	1.55712	-0.169784	0.0150066	-1	-1	3
262	0.603807	57.5753	47	1.22501	-0.210643	0.0141766	-1	-1	3
263	0.603807	70.0923	47	1.49133	-0.247121	0.0134819	-1	-1	3
264	0.603807	47.9863	47	1.02099	-0.131916	0.0157244	-1	-1	3
265	0.603807	56.0957	47	1.19352	-0.227384	0.0138791	-1	-1	3
266	0.603807	49.5657	47	1.05459	-0.239808	0.0135873	-1	-1	3
267	0.603807	58.4428	47	1.24346	-0.266386	0.0131086	-1	-1	3
268	0.603807	63.8574	47	1.35867	-0.214081	0.0140154	-1	-1	3
269	0.603807	41.8169	47	0.889721	0.127485	0.021675	-1	-1	3
270	0.603807	77.2551	47	1.64373	0.0300991	0.019226	-1	-1	3
271	0.603807	33.3598	47	0.709783	-0.0872227	0.0167239	-1	-1	3
272	0.603807	41.0556	47	0.873524	-0.0821207	0.0168472	-1	-1	3
273	0.603807	38.7412	47	0.824281	-0.0573157	0.0173394	-1	-1	3
274	0.603807	52.328	47	1.11336	-0.0872751	0.0167482	-1	-1	3
275	0.603807	48.5156	47	1.03225	-0.0632674	0.017197	-1	-1	3
276	0.603807	72.04	47	1.53277	-0.0943278	0.0165436	-1	-1	3
277	0.603807	38.9807	47	0.829376	-0.109348	0.0162207	-1	-1	3
278	0.603807	64.3833	47	1.36986	-0.170503	0.0150179	-1	-1	3
279	0.603807	28.7358	47	0.6114	-0.0918648	0.0165902	-1	-1	3
280	0.603807	61.8873	47	1.31675	-0.112028	0.0161774	-1	-1	3
281	0.603807	47.1369	47	1.00291	-0.138382	0.0156217	-1	-1	3
282	0.603807	57.9345	47	1.23265	-0.0882621	0.0166172	-1	-1	3
283	0.603807	47.5812	47	1.01236	-0.136394	0.0156681	-1	-1	3
284	0.603807	36.5655	47	0.77799	-0.17219	0.0149525	-1	-1	3
285	0.603807	34.3737	47	0.731355	-0.200693	0.0143903	-1	-1	3
286	0.603807	79.5397	47	1.69233	-0.114799	0.0160472	-1	-1	3
287	0.603807	49.7302	47	1.05809	-0.210758	0.0141888	-1	-1	3
288	0.603807	59.6413	47	1.26896	-0.150561	0.0153413	-1	-1	3
289	0.603807	89.6503	47	1.90745	-0.224527	0.0139499	-1	-1	3
290	0.603807	35.05	47	0.745745	-0.234027	0.0137192	-1	-1	3
291	0.603807	61.6104	47	1.31086	-0.258574	0.0131831	-1	-1	3
292	0.603807	67.0905	47	1.42746	-0.355356	0.0114984	-1	-1	3
293	0.603807	74.0379	47	1.57527	0.0306798	0.0193356	-1	-1	3
294	0.603807	51.9769	47	1.10589	0.0440174	0.0196732	-1	-1	3
295	0.603807	34.648	47	0.737192	-0.0162065	0.0183244	-1	-1	3
296	0.603807	53.252	47	1.13302	-0.0273267	0.0180538	-1	-1	3
297	0.603807	39.5839	47	0.84221	-0.0736817	0.0170489	-1	-1	3
298	0.603807	74.3469	47	1.58185	-0.00434266	0.0185143	-1	-1	3
299	0.603807	52.2467	47	1.11163	-0.127577	0.0159324	-1	-1	3
300	0.603807	61.9907	47	1.31895	-0.0358377	0.0178119	-1	-1	3
301	0.603807	79.3156	47	1.68757	-0.152625	0.0154403	-1	-1	3
302	0.603807	61.9441	47	1.31796	-0.104733	0.016344	-1	-1	3
303	0.603807	56.0767	47	1.19312	-0.138402	0.0157246	-1	-1	3
304	0.603807	28.0787	47	0.59742	-0.0999181	0.0164653	-1	-1	3
305	0.603807	63.3406	47	1.34767	-0.105699	0.0163367	-1	-1	3
306	0.603807	53.6426	47	1.14133	-0.135648	0.0157101	-1	-1	3
307	0.603807	39.8511	47	0.847895	-0.120242	0.0160325	-1	-1	3
308	0.603807	40.3659	47	0.858849	-0.179762	0.0148293	-1	-1	3
309	0.603807	56.7212	47	1.20683	-0.177256	0.0149161	-1	-1	3
310	0.603807	66.8792	47	1.42296	-0.115056	0.0161034	-1	-1	3
311	0.603807	53.7639	47	1.14391	-0.270513	0.0130523	-1	-1	3
312	0.603807	52.7165	47	1.12163	0.118496	0.0215122	-1	-1	3
313	0.603807	55.1996	47	1.17446	-0.0183854	0.0182723	-1	-1	3
314	0.603807	41.322	47	0.879192	-0.0520578	0.017565	-1	-1	3
315	0.603807	57.8561	47	1.23098	-0.0822047	0.0169225	-1	-1	3
316	0.603807	65.4489	47	1.39253	-0.0627733	0.0173364	-1	-1	3
317	0.603807	66.0098	47	1.40446	-0.0395827	0.017779	-1	-1	3
318	0.603807	76.3903	47	1.62533	-0.0777765	0.0169555	-1	-1	3
319	0.603807	61.4206	47	1.30682	-0.0962798	0.0165629	-1	-1	3
320	0.603807	53.99	47	1.14872	-0.141122	0.0156419	-1	-1	3
321	0.603807	47.448	47	1.00953	-0.149013	0.0154935	-1	-1	3
322	0.603807	56.6873	47	1.20611	-0.173973	0.0149691	-1	-1	3
323	0.603807	61.4202	47	1.30681	-0.211039	0.0142681	-1	-1	3
324	0.603807	42.5845	47	0.906052	-0.191472	0.0145944	-1	-1	3
325	0.603807	88.1201	47	1.8749	0.142387	0.0220688	-1	-1	3
326	0.603807	43.1401	47	0.917874	0.0306421	0.0194871	-1	-1	3
327	0.603807	56.0759	47	1.19311	0.0367426	0.0195638	-1	-1	3
328	0.603807	54.4588	47	1.1587	0.0407923	0.0196589	-1	-1	3
329	0.603807	73.053	47	1.55432	-0.0677543	0.0173355	-1	-1	3
330	0.603807	42.1091	47	0.895937	-0.00269262	0.0186631	-1	-1	3
331	0.603807	48.7327	47	1.03687	-0.0456197	0.0177569	-1	-1	3
332	0.603807	39.7058	47	0.844804	-0.0563749	0.0175135	-1	-1	3
333	0.603807	42.6723	47	0.907921	-0.0443485	0.0177649	-1	-1	3
334	0.603807	62.2982	47	1.32549	0.00957492	0.0189143	-1	-1	3
335	0.603807	45.2511	47	0.962789	-0.0904544	0.0167276	-1	-1	3
336	0.603807	42.6938	47	0.908378	-0.125407	0.0160059	-1	-1	3
337	0.603807	38.9553	47	0.828836	-0.167119	0.0151479	-1	-1	3
338	0.603807	46.7171	47	0.99398	-0.162872	0.0152412	-1	-1	3
339	0.603807	85.9763	47	1.82928	-0.103553	0.016404	-1	-1	3
340	0.603807	41.5682	47	0.884429	-0.180847	0.0148859	-1	-1	3
341	0.603807	91.1462	47	1.93928	-0.0982494	0.0164974	-1	-1	3
342	0.603807	74.0641	47	1.57583	-0.188191	0.0146581	-1	-1	3
343	0.603807	79.2677	47	1.68655	0.274454	0.0254963	-1	-1	3
344	0.603807	55.973	47	1.19092	0.069766	0.0205066	-1	-1	3
345	0.603807	89.5037	47	1.90433	0.106487	0.0212222	-1	-1	3
346	0.603807	39.6909	47	0.844487	0.0456964	0.0199166	-1	-1	3
347	0.603807	46.9241	47	0.998385	0.0887206	0.0208139	-1	-1	3
348	0.603807	52.3813	47	1.1145	-0.0176612	0.0184198	-1	-1	3
349	0.603807	85.7135	47	1.82369	0.0258319	0.0193372	-1	-1	3
350	0.603807	55.4804	47	1.18043	-0.0861694	0.0169424	-1	-1	3
351	0.603807	46.5719	47	0.990892	-0.0193613	0.0183533	-1	-1	3
352	0.603807	44.9721	47	0.956854	-0.0107122	0.0185526	-1	-1	3
353	0.603807	43.9879	47	0.935912	-0.0793554	0.017047	-1	-1	3
354	0.603807	32.729	47	0.696362	-0.111072	0.0163503	-1	-1	3
355	0.603807	35.7396	47	0.760417	-0.141875	0.0157285	-1	-1	3
356	0.603807	46.4974	47	0.989305	-0.157006	0.0153785	-1	-1	3
357	0.603807	65.7898	47	1.39978	-0.0942652	0.0166283	-1	-1	3
358	0.603807	50.3971	47	1.07228	-0.196781	0.0145916	-1	-1	3
359	0.603807	43.9878	47	0.935911	-0.172915	0.01505	-1	-1	3
360	0.603807	54.0936	47	1.15093	-0.256917	0.0134357	-1	-1	3
361	0.603807	33.5355	47	0.713521	-0.261221	0.0133129	-1	-1	3
362	0.603807	59.3249	47	1.26223	0.285781	0.0258923	-1	-1	3
363	0.603807	114.891	47	2.44449	0.178849	0.0230046	-1	-1	3
364	0.603807	64.511	47	1.37257	0.0556113	0.0201525	-1	-1	3
365	0.603807	106.094	47	2.25731	0.0700731	0.0204015	-1	-1	3
366	0.603807	68.1589	47	1.45019	0.0104498	0.0190305	-1	-1	3
367	0.603807	56.8378	47	1.20931	-0.0704458	0.0172403	-1	-1	3
368	0.603807	66.7925	47	1.42112	0.0137911	0.0190624	-1	-1	3
369	0.603807	98.8861	47	2.10396	-0.0147582	0.0183941	-1	-1	3
370	0.603807	39.5238	47	0.840931	-0.175494	0.0150756	-1	-1	3
371	0.603807	46.1464	47	0.981839	-0.0837645	0.0169475	-1	-1	3
372	0.603807	48.7229	47	1.03666	-0.165015	0.0152238	-1	-1	3
373	0.603807	52.5405	47	1.11788	-0.158446	0.0153565	-1	-1	3
374	0.603807	61.1951	47	1.30202	-0.220379	0.0141508	-1	-1	3
375	0.603807	66.3763	47	1.41226	0.225604	0.024359	-1	-1	3
376	0.603807	54.7916	47	1.16578	0.167414	0.0228269	-1	-1	3
377	0.603807	50.8717	47	1.08238	0.114015	0.021537	-1	-1	3
378	0.603807	48.1303	47	1.02405	0.0978538	0.021158	-1	-1	3
379	0.603807	77.6389	47	1.65189	0.10761	0.021342	-1	-1	3
380	0.603807	80.9489	47	1.72232	0.0932236	0.0209599	-1	-1	3
381	0.603807	44.5487	47	0.947845	0.0645586	0.0203175	-1	-1	3
382	0.603807	77.8029	47	1.65538	0.0556709	0.0200903	-1	-1	3
383	0.603807	57.5354	47	1.22416	-0.0487989	0.0177746	-1	-1	3
384	0.603807	72.824	47	1.54945	0.00371686	0.0188961	-1	-1	3
385	0.603807	73.6687	47	1.56742	0.0194463	0.0192308	-1	-1	3
386	0.603807	51.178	47	1.08889	-0.0384849	0.0180482	-1	-1	3
387	0.603807	56.5438	47	1.20306	-0.057158	0.0175593	-1	-1	3
388	0.603807	89.2655	47	1.89927	-0.0266399	0.018165	-1	-1	3
389	0.603807	47.3617	47	1.0077	-0.136852	0.015845	-1	-1	3
390	0.603807	50.5211	47	1.07492	-0.174402	0.0150717	-1	-1	3
391	0.603807	42.9387	47	0.913589	0.141524	0.0222673	-1	-1	3
392	0.603807	64.1394	47	1.36467	0.118714	0.0216768	-1	-1	3
393	0.603807	59.5013	47	1.26599	0.0420074	0.0198808	-1	-1	3
394	0.603807	35.1202	47	0.747238	-0.0282617	0.0182713	-1	-1	3
395	0.603807	101.652	47	2.1628	0.0200785	0.0192265	-1	-1	3
396	0.603807	60.7129	47	1.29176	-0.0472595	0.0178048	-1	-1	3
397	0.603807	87.9033	47	1.87028	-0.0500188	0.0176726	-1	-1	3
398	0.603807	50.1244	47	1.06648	-0.114981	0.0163996	-1	-1	3
399	0.603807	45.0887	47	0.959334	-0.164481	0.0152743	-1	-1	3
400	0.603807	41.4074	47	0.881008	-0.183754	0.0149006	-1	-1	3
401	0.603807	78.7029	47	1.67453	0.311109	0.0266609	-1	-1	3
402	0.603807	57.5035	47	1.22348	0.141977	0.0223121	-1	-1	3
403	0.603807	77.0022	47	1.63835	0.137745	0.0221082	-1	-1	3
404	0.603807	78.9396	47	1.67957	0.0971622	0.0211705	-1	-1	3
405	0.603807	59.0935	47	1.25731	0.103053	0.0213226	-1	-1	3
406	0.603807	43.1054	47	0.917136	-0.0201659	0.0184673	-1	-1	3
407	0.603807	39.9093	47	0.849135	-0.0225747	0.018428	-1	-1	3
408	0.603807	47.8809	47	1.01874	0.0242275	0.0194405	-1	-1	3
409	0.603807	44.4975	47	0.946755	-0.0378715	0.0180171	-1	-1	3
410	0.603807	35.6938	47	0.759442	-0.0302923	0.0181935	-1	-1	3
411	0.603807	38.9202	47	0.82809	-0.0902253	0.0168777	-1	-1	3
412	0.603807	49.3751	47	1.05053	-0.206817	0.0144691	-1	-1	3
413	0.603807	42.9765	47	0.914393	-0.24699	0.0136698	-1	-1	3
414	0.603807	38.0093	47	0.808708	-0.251757	0.0135636	-1	-1	3
415	0.603807	62.0747	47	1.32074	-0.029905	0.0181887	-1	-1	3
416	0.603807	57.6218	47	1.226	-0.069696	0.01733	-1	-1	3
417	0.603807	49.9414	47	1.06258	-0.178199	0.0150264	-1	-1	3
418	0.603807	80.3033	47	1.70858	-0.137929	0.0157898	-1	-1	3
419	0.603807	49.8873	47	1.06143	-0.242653	0.0137618	-1	-1	3
420	0.603807	61.0407	47	1.29874	0.122857	0.0218915	-1	-1	3
421	0.603807	95.7782	47	2.03783	0.249307	0.0249834	-1	-1	3
422	0.603807	68.5462	47	1.45843	-0.0987175	0.0166818	-1	-1	3
423	0.603807	54.8291	47	1.16658	-0.152852	0.0155483	-1	-1	3
424	0.603807	31.3513	47	0.667048	-0.200853	0.0145893	-1	-1	3
425	0.603807	144.742	47	3.07962	0.308288	0.0265338	-1	-1	3
426	0.603807	49.3241	47	1.04945	0.0997568	0.0213538	-1	-1	3
427	0.603807	79.1821	47	1.68473	0.189922	0.0235019	-1	-1	3
428	0.603807	39.9253	47	0.849474	0.102108	0.0214268	-1	-1	3
429	0.603807	55.4939	47	1.18072	0.104424	0.0214069	-1	-1	3
430	0.603807	55.3556	47	1.17778	0.0813094	0.0208667	-1	-1	3
431	0.603807	92.2766	47	1.96333	0.0715651	0.020543	-1	-1	3
432	0.603807	67.1489	47	1.4287	-0.0146465	0.0185825	-1	-1	3
433	0.603807	56.0436	47	1.19242	-0.0466037	0.0178727	-1	-1	3
434	0.603807	56.3768	47	1.19951	-0.0336632	0.0181658	-1	-1	3
435	0.603807	42.7002	47	0.908514	-0.106869	0.0165891	-1	-1	3
436	0.603807	88.681	47	1.88683	-0.0102481	0.0186237	-1	-1	3
437	0.603807	66.5663	47	1.4163	-0.0865219	0.0169575	-1	-1	3
438	0.603807	78.6167	47	1.67269	0.267632	0.0255803	-1	-1	3
439	0.603807	51.1812	47	1.08896	0.195862	0.0236997	-1	-1	3
440	0.603807	45.0846	47	0.959246	0.016305	0.019388	-1	-1	3
441	0.603807	42.5689	47	0.905721	-0.0277644	0.0183688	-1	-1	3
442	0.603807	64.7656	47	1.37799	-0.0155928	0.0185826	-1	-1	3
443	0.603807	108.479	47	2.30806	-0.0345959	0.0181057	-1	-1	3
444	0.603807	40.5934	47	0.863689	-0.118888	0.0163612	-1	-1	3
445	0.603807	82.6297	47	1.75808	-0.0999209	0.0166953	-1	-1	3
446	0.603807	55.9481	47	1.19038	-0.138129	0.0158836	-1	-1	3
447	0.603807	45.3354	47	0.964583	-0.161027	0.0154404	-1	-1	3
448	0.603807	48.9899	47	1.04234	-0.236287	0.0139226	-1	-1	3
449	0.603807	57.7805	47	1.22937	0.107547	0.0215755	-1	-1	3
450	0.603807	87.2391	47	1.85615	-0.0292035	0.0182947	-1	-1	3
451	0.603807	77.2691	47	1.64402	-0.0992012	0.0167854	-1	-1	3
452	0.603807	48.8458	47	1.03927	-0.165141	0.0154382	-1	-1	3
453	0.603807	42.9487	47	0.913802	0.15615	0.0229216	-1	-1	3
454	0.603807	53.3362	47	1.13481	0.0844299	0.021151	-1	-1	3
455	0.603807	48.491	47	1.03172	-0.00672597	0.0189848	-1	-1	3
456	0.603807	70.2547	47	1.49478	-0.0490487	0.0179715	-1	-1	3
457	0.603807	60.2013	47	1.28088	-0.0327642	0.0183234	-1	-1	3
458	0.603807	54.2034	47	1.15326	0.132244	0.0224307	-1	-1	3
459	0.603807	55.8658	47	1.18863	0.0636298	0.0207344	-1	-1	3
460	0.603807	59.3766	47	1.26333	-0.11325	0.0166386	-1	-1	3
461	0.603807	39.3663	47	0.837581	-0.108121	0.0168474	-1	-1	3
462	0.603807	42.3217	47	0.900462	-0.124529	0.0165073	-1	-1	3
463	0.603807	76.2783	47	1.62294	0.456127	0.0316866	-1	-1	3
464	0.603807	78.9403	47	1.67958	0.172307	0.0237455	-1	-1	3
465	0.603807	88.5253	47	1.88352	0.125263	0.0224858	-1	-1	3
466	0.603807	81.4123	47	1.73218	-0.0584537	0.0180759	-1	-1	3
467	0.603807	62.1841	47	1.32307	-0.112669	0.0168775	-1	-1	3
468	0.603807	49.9281	47	1.0623	0.135176	0.0230248	-1	-1	3
469	0.603807	58.0616	47	1.23535	-0.141588	0.0164109	-1	-1	3
470	0.603807	50.5526	47	1.07559	-0.0087181	0.0196752	-1	-1	3
471	0.603807	63.3777	47	1.34846	0.0494258	0.0216781	-1	-1	3
472	0.603807	99.1094	47	2.10871	-0.24372	0.0136928	-1	-1	3
473	0.603807	67.2055	47	1.4299	-0.344404	0.0117798	-1	-1	3
474	0.603807	96.6481	47	2.05634	-0.20214	0.0145314	-1	-1	3
475	0.603807	106.944	47	2.27541	-0.406006	0.0107192	-1	-1	3
476	0.603807	62.5081	47	1.32996	-0.247866	0.0135962	-1	-1	3
477	0.603807	57.9471	47	1.23292	-0.247217	0.0135934	-1	-1	3
478	0.603807	96.6527	47	2.05644	-0.316225	0.0123022	-1	-1	3
479	0.603807	47.944	47	1.02009	-0.291096	0.0127368	-1	-1	3
480	0.603807	130.424	47	2.77498	-0.272325	0.0131664	-1	-1	3
481	0.603807	59.4677	47	1.26527	-0.126115	0.0160622	-1	-1	3
482	0.603807	70.0239	47	1.48987	-0.206877	0.0143456	-1	-1	3
483	0.603807	72.637	47	1.54547	-0.272519	0.0131006	-1	-1	3
484	0.603807	84.1274	47	1.78995	-0.376147	0.01121	-1	-1	3
485	0.603807	55.6491	47	1.18402	-0.120646	0.0161415	-1	-1	3
486	0.603807	101.495	47	2.15948	-0.274149	0.0131068	-1	-1	3
487	0.603807	55.599	47	1.18296	-0.252585	0.0134813	-1	-1	3
488	0.603807	94.23	47	2.00489	-0.327373	0.0120881	-1	-1	3
489	0.603807	59.76	47	1.27149	-0.163505	0.0152696	-1	-1	3
490	0.603807	54.1466	47	1.15206	-0.159541	0.0152724	-1	-1	3
491	0.603807	42.3276	47	0.900587	-0.234861	0.0137734	-1	-1	3
492	0.603807	57.4217	47	1.22174	-0.232466	0.0137993	-1	-1	3
493	0.603807	49.1903	47	1.0466	-0.302192	0.0125237	-1	-1	3
494	0.603807	31.7572	47	0.675685	-0.257359	0.0133216	-1	-1	3
495	0.603807	82.5836	47	1.7571	-0.333218	0.0119768	-1	-1	3
496	0.603807	61.4848	47	1.30819	-0.331143	0.0119985	-1	-1	3
497	0.603807	50.5716	47	1.07599	-0.176836	0.0149587	-1	-1	3
498	0.603807	48.3097	47	1.02787	-0.161839	0.0151886	-1	-1	3
499	0.603807	83.6122	47	1.77898	-0.238686	0.0137515	-1	-1	3
500	0.603807	72.1215	47	1.5345	-0.23341	0.013808	-1	-1	3
501	0.603807	42.5384	47	0.905072	-0.248055	0.0134906	-1	-1	3
502	0.603807	66.6918	47	1.41897	-0.282	0.0128409	-1	-1	3
503	0.603807	90.371	47	1.92279	-0.348398	0.011684	-1	-1	3
504	0.603807	47.4325	47	1.0092	-0.122544	0.0160782	-1	-1	3
505	0.603807	32.341	47	0.688107	-0.181754	0.0148309	-1	-1	3
506	0.603807	53.2084	47	1.13209	-0.208487	0.0143191	-1	-1	3
507	0.603807	76.9057	47	1.63629	-0.248874	0.0135468	-1	-1	3
508	0.603807	72.1814	47	1.53577	-0.227429	0.0139557	-1	-1	3
509	0.603807	55.8858	47	1.18906	-0.277657	0.0129758	-1	-1	3
510	0.603807	37.4912	47	0.797684	0.0251253	0.019262	-1	-1	3
511	0.603807	32.301	47	0.687255	-0.13267	0.0158281	-1	-1	3
512	0.603807	95.9617	47	2.04174	-0.283434	0.0128917	-1	-1	3
513	0.603807	71.6219	47	1.52387	-0.287762	0.0127971	-1	-1	3
514	0.603807	53.259	47	1.13317	-0.232705	0.0138018	-1	-1	3
515	0.603807	71.8836	47	1.52944	-0.266218	0.01319	-1	-1	3
516	0.603807	37.3398	47	0.794463	-0.257735	0.0133062	-1	-1	3
517	0.603807	62.1528	47	1.3224	-0.332881	0.0119512	-1	-1	3
518	0.603807	72.7029	47	1.54687	-0.357293	0.0114885	-1	-1	3
519	0.603807	76.0313	47	1.61769	-0.412602	0.0105205	-1	-1	3
520	0.603807	58.1369	47	1.23696	-0.00890106	0.0185446	-1	-1	3
521	0.603807	84.4998	47	1.79787	-0.129752	0.0159477	-1	-1	3
522	0.603807	43.6015	47	0.92769	-0.0746794	0.0170611	-1	-1	3
523	0.603807	64.5129	47	1.37262	-0.123878	0.0160561	-1	-1	3
524	0.603807	79.177	47	1.68462	-0.137955	0.0157802	-1	-1	3
525	0.603807	58.4766	47	1.24418	-0.267532	0.0131012	-1	-1	3
526	0.603807	85.3149	47	1.81521	-0.340406	0.0118116	-1	-1	3
527	0.603807	58.365	47	1.24181	-0.33724	0.011854	-1	-1	3
528	0.603807	38.9501	47	0.828726	-0.335507	0.0118501	-1	-1	3
529	0.603807	89.4707	47	1.90363	-0.374852	0.0112025	-1	-1	3
530	0.603807	44.006	47	0.936297	-0.0752258	0.0170544	-1	-1	3
531	0.603807	71.123	47	1.51326	-0.0423259	0.0178132	-1	-1	3
532	0.603807	77.6015	47	1.6511	-0.146227	0.0155745	-1	-1	3
533	0.603807	41.0075	47	0.8725	-0.10267	0.0164285	-1	-1	3
534	0.603807	56.9554	47	1.21182	-0.148216	0.0154937	-1	-1	3
535	0.603807	47.7423	47	1.01579	-0.202853	0.0144003	-1	-1	3
536	0.603807	77.4989	47	1.64891	-0.254447	0.0134005	-1	-1	3
537	0.603807	38.0408	47	0.809378	-0.223523	0.0139385	-1	-1	3
538	0.603807	73.6839	47	1.56774	-0.27665	0.0130025	-1	-1	3
539	0.603807	86.8929	47	1.84878	-0.286403	0.0128136	-1	-1	3
540	0.603807	58.9245	47	1.25371	-0.10322	0.0164894	-1	-1	3
541	0.603807	49.6485	47	1.05635	-0.122088	0.0160689	-1	-1	3
542	0.603807	39.4423	47	0.839197	-0.193286	0.0145795	-1	-1	3
543	0.603807	69.0643	47	1.46945	-0.265457	0.0131974	-1	-1	3
544	0.603807	29.9149	47	0.636488	-0.270185	0.0130577	-1	-1	3
545	0.603807	61.1825	47	1.30175	-0.290029	0.0127025	-1	-1	3
546	0.603807	59.2158	47	1.25991	-0.0938267	0.0166379	-1	-1	3
547	0.603807	62.7643	47	1.33541	-0.149916	0.0154528	-1	-1	3
548	0.603807	70.0216	47	1.48982	-0.115406	0.0161931	-1	-1	3
549	0.603807	53.0116	47	1.12791	-0.081792	0.0168616	-1	-1	3
550	0.603807	70.3978	47	1.49783	-0.201847	0.0144468	-1	-1	3
551	0.603807	60.3597	47	1.28425	-0.190817	0.0145972	-1	-1	3
552	0.603807	51.4149	47	1.09393	-0.209748	0.0142214	-1	-1	3
553	0.603807	98.6168	47	2.09823	-0.289692	0.0127427	-1	-1	3
554	0.603807	86.1531	47	1.83304	-0.330499	0.0119858	-1	-1	3
555	0.603807	82.1878	47	1.74868	-0.291577	0.0126646	-1	-1	3
556	0.603807	73.2184	47	1.55784	-0.324052	0.0120868	-1	-1	3
557	0.603807	85.203	47	1.81283	-0.341303	0.0117865	-1	-1	3
558	0.603807	52.2853	47	1.11245	-0.343374	0.0116961	-1	-1	3
559	0.603807	53.5925	47	1.14027	-0.408681	0.0105492	-1	-1	3
560	0.603807	48.4498	47	1.03085	-0.126871	0.0158725	-1	-1	3
561	0.603807	67.6428	47	1.43921	-0.208794	0.0143065	-1	-1	3
562	0.603807	57.0854	47	1.21458	-0.193167	0.0145588	-1	-1	3
563	0.603807	52.3835	47	1.11454	-0.17242	0.0149764	-1	-1	3
564	0.603807	53.723	47	1.14304	-0.230659	0.0138457	-1	-1	3
565	0.603807	59.7722	47	1.27175	-0.256314	0.0133368	-1	-1	3
566	0.603807	46.5781	47	0.991023	-0.287401	0.0127284	-1	-1	3
567	0.603807	56.9876	47	1.2125	-0.331111	0.011947	-1	-1	3
568	0.603807	41.0563	47	0.873539	-0.308535	0.0122983	-1	-1	3
569	0.603807	56.2942	47	1.19775	-0.313538	0.0122235	-1	-1	3
570	0.603807	62.6942	47	1.33392	-0.0230404	0.0181792	-1	-1	3
571	0.603807	69.2356	47	1.4731	-0.0426383	0.0176776	-1	-1	3
572	0.603807	60.6344	47	1.29009	-0.099204	0.0165135	-1	-1	3
573	0.603807	57.9243	47	1.23243	-0.131365	0.0157698	-1	-1	3
574	0.603807	42.8865	47	0.912479	-0.201411	0.0144043	-1	-1	3
575	0.603807	56.2944	47	1.19775	-0.19626	0.0144857	-1	-1	3
576	0.603807	59.9419	47	1.27536	-0.196931	0.0144685	-1	-1	3
577	0.603807	53.7442	47	1.14349	-0.21993	0.0140447	-1	-1	3
578	0.603807	60.9824	47	1.2975	-0.193277	0.0144987	-1	-1	3
579	0.603807	55.4124	47	1.17899	-0.231624	0.013829	-1	-1	3
580	0.603807	57.9333	47	1.23262	-0.230227	0.0137866	-1	-1	3
581	0.603807	55.3025	47	1.17665	-0.305635	0.0124166	-1	-1	3
582	0.603807	57.0485	47	1.2138	-0.329625	0.0119557	-1	-1	3
583	0.603807	71.6572	47	1.52462	-0.0338136	0.0179957	-1	-1	3
584	0.603807	55.6471	47	1.18398	-0.0502117	0.0175902	-1	-1	3
585	0.603807	58.8196	47	1.25148	-0.0293229	0.0179864	-1	-1	3
586	0.603807	54.2524	47	1.15431	-0.10173	0.0164165	-1	-1	3
587	0.603807	56.7629	47	1.20772	-0.166531	0.0151175	-1	-1	3
588	0.603807	35.3911	47	0.753003	-0.113836	0.0161655	-1	-1	3
589	0.603807	50.2644	47	1.06946	-0.184274	0.0146928	-1	-1	3
590	0.603807	35.9897	47	0.765738	-0.158943	0.015214	-1	-1	3
591	0.603807	50.9912	47	1.08492	-0.211676	0.0141792	-1	-1	3
592	0.603807	55.2299	47	1.1751	-0.223308	0.0139579	-1	-1	3
593	0.603807	66.2404	47	1.40937	-0.225027	0.0139326	-1	-1	3
594	0.603807	73.1215	47	1.55578	-0.234165	0.0137622	-1	-1	3
595	0.603807	60.4201	47	1.28553	-0.246424	0.0135304	-1	-1	3
596	0.603807	82.4259	47	1.75374	-0.283077	0.0128627	-1	-1	3
597	0.603807	72.8245	47	1.54946	-0.29159	0.0126708	-1	-1	3
598	0.603807	102.22	47	2.1749	-0.322038	0.012145	-1	-1	3
599	0.603807	68.4082	47	1.45549	-0.336955	0.0118267	-1	-1	3
600	0.603807	44.8346	47	0.953927	-0.0473077	0.0175812	-1	-1	3
601	0.603807	46.6584	47	0.992733	-0.0969019	0.0164675	-1	-1	3
602	0.603807	49.9929	47	1.06368	-0.170339	0.0149796	-1	-1	3
603	0.603807	39.1673	47	0.833346	-0.183774	0.0146992	-1	-1	3
604	0.603807	48.6977	47	1.03612	-0.19254	0.0145409	-1	-1	3
605	0.603807	41.698	47	0.887191	-0.240922	0.0135866	-1	-1	3
606	0.603807	52.6291	47	1.11977	-0.241456	0.0136136	-1	-1	3
607	0.603807	53.0811	47	1.12939	-0.250475	0.01342	-1	-1	3
608	0.603807	47.9432	47	1.02007	-0.194582	0.0144464	-1	-1	3
609	0.603807	67.9571	47	1.4459	-0.26813	0.0130978	-1	-1	3
610	0.603807	50.2497	47	1.06914	-0.255987	0.0132666	-1	-1	3
611	0.603807	96.4102	47	2.05128	-0.289151	0.0127328	-1	-1	3
612	0.603807	47.2161	47	1.0046	-0.248374	0.0134212	-1	-1	3
613	0.603807	74.5085	47	1.58529	-0.329202	0.0119865	-1	-1	3
614	0.603807	101.53	47	2.16022	-0.348819	0.0116363	-1	-1	3
615	0.603807	54.3477	47	1.15633	-0.375435	0.0110946	-1	-1	3
616	0.603807	69.7552	47	1.48415	-0.363326	0.0113055	-1	-1	3
617	0.603807	54.4775	47	1.1591	0.0591037	0.0199983	-1	-1	3
618	0.603807	72.5763	47	1.54418	-0.0432991	0.017659	-1	-1	3
619	0.603807	40.7548	47	0.867124	-0.0658136	0.01717	-1	-1	3
620	0.603807	42.2643	47	0.89924	-0.13116	0.0158267	-1	-1	3
621	0.603807	39.5293	47	0.841048	-0.129366	0.0158363	-1	-1	3
622	0.603807	38.3561	47	0.816088	-0.143465	0.015551	-1	-1	3
623	0.603807	55.1223	47	1.17281	-0.16441	0.0151202	-1	-1	3
624	0.603807	72.6882	47	1.54656	-0.203859	0.014378	-1	-1	3
625	0.603807	56.7226	47	1.20686	-0.143898	0.0155078	-1	-1	3
626	0.603807	46.6732	47	0.993048	-0.120537	0.0159818	-1	-1	3
627	0.603807	44.9992	47	0.95743	-0.17583	0.0148406	-1	-1	3
628	0.603807	41.6744	47	0.886689	-0.178011	0.0148311	-1	-1	3
629	0.603807	78.6534	47	1.67348	-0.253208	0.0134015	-1	-1	3
630	0.603807	52.3833	47	1.11454	-0.178748	0.0147777	-1	-1	3
631	0.603807	40.883	47	0.869851	-0.198057	0.014423	-1	-1	3
632	0.603807	72.138	47	1.53485	-0.159593	0.0151168	-1	-1	3
633	0.603807	45.3107	47	0.964057	-0.252026	0.0133886	-1	-1	3
634	0.603807	54.3963	47	1.15737	-0.249249	0.0134474	-1	-1	3
635	0.603807	51.665	47	1.09925	-0.285272	0.0127341	-1	-1	3
636	0.603807	52.7636	47	1.12263	-0.319199	0.0121189	-1	-1	3
637	0.603807	54.1786	47	1.15274	-0.0448471	0.0176811	-1	-1	3
638	0.603807	72.4731	47	1.54198	-0.135333	0.0157653	-1	-1	3
639	0.603807	41.7679	47	0.88868	-0.124239	0.0159209	-1	-1	3
640	0.603807	43.8021	47	0.93196	-0.120159	0.0160461	-1	-1	3
641	0.603807	58.5784	47	1.24635	-0.115512	0.0161356	-1	-1	3
642	0.603807	56.4354	47	1.20075	-0.128802	0.0158395	-1	-1	3
643	0.603807	41.8202	47	0.889791	-0.126004	0.0159159	-1	-1	3
644	0.603807	63.1208	47	1.343	-0.173665	0.014944	-1	-1	3
645	0.603807	62.9123	47	1.33856	-0.189945	0.0146216	-1	-1	3
646	0.603807	49.557	47	1.0544	-0.157881	0.0152041	-1	-1	3
647	0.603807	60.436	47	1.28587	-0.189679	0.0146409	-1	-1	3
648	0.603807	50.6917	47	1.07855	-0.161769	0.0151246	-1	-1	3
649	0.603807	50.828	47	1.08145	-0.188111	0.0145852	-1	-1	3
650	0.603807	38.5844	47	0.820945	-0.198441	0.0144039	-1	-1	3
651	0.603807	94.1634	47	2.00348	-0.247331	0.0135265	-1	-1	3
652	0.603807	31.9687	47	0.680185	-0.227252	0.0138423	-1	-1	3
653	0.603807	41.9971	47	0.893556	0.00869789	0.0188617	-1	-1	3
654	0.603807	61.9087	47	1.31721	-0.00127479	0.018666	-1	-1	3
655	0.603807	44.1937	47	0.940292	0.00319633	0.0186942	-1	-1	3
656	0.603807	67.3868	47	1.43376	-0.0238776	0.0180375	-1	-1	3
657	0.603807	47.1483	47	1.00316	-0.0953803	0.0165112	-1	-1	3
658	0.603807	51.2927	47	1.09133	-0.0789066	0.0168686	-1	-1	3
659	0.603807	52.157	47	1.10972	-0.122444	0.0159585	-1	-1	3
660	0.603807	69.4217	47	1.47706	-0.223482	0.0139757	-1	-1	3
661	0.603807	57.263	47	1.21836	-0.144898	0.0155062	-1	-1	3
662	0.603807	51.2394	47	1.0902	-0.159302	0.0152337	-1	-1	3
663	0.603807	38.287	47	0.814617	-0.161006	0.0151757	-1	-1	3
664	0.603807	46.3774	47	0.986754	-0.193743	0.0145472	-1	-1	3
665	0.603807	56.643	47	1.20517	-0.184872	0.0147152	-1	-1	3
666	0.603807	62.1737	47	1.32284	-0.247261	0.013482	-1	-1	3
667	0.603807	38.3056	47	0.815013	-0.18766	0.0146099	-1	-1	3
668	0.603807	56.8639	47	1.20987	-0.276946	0.0129107	-1	-1	3
669	0.603807	61.4864	47	1.30822	-0.301247	0.0124661	-1	-1	3
670	0.603807	52.5275	47	1.11761	-0.295079	0.0125968	-1	-1	3
671	0.603807	52.3958	47	1.11481	-0.361889	0.0113604	-1	-1	3
672	0.603807	58.1103	47	1.23639	0.0341745	0.0194286	-1	-1	3
673	0.603807	39.334	47	0.836894	0.0559285	0.0199051	-1	-1	3
674	0.603807	36.8699	47	0.784465	-0.0353007	0.0178384	-1	-1	3
675	0.603807	93.63	47	1.99213	-0.014524	0.0181898	-1	-1	3
676	0.603807	31.9381	47	0.679534	-0.0931013	0.0166004	-1	-1	3
677	0.603807	36.4174	47	0.774839	-0.0583939	0.0172767	-1	-1	3
678	0.603807	31.7703	47	0.675963	-0.0734089	0.0169676	-1	-1	3
679	0.603807	44.2041	47	0.940512	-0.0985693	0.0164427	-1	-1	3
680	0.603807	50.7166	47	1.07908	-0.116026	0.0160639	-1	-1	3
681	0.603807	36.667	47	0.78015	-0.153186	0.0152985	-1	-1	3
682	0.603807	103.678	47	2.20591	-0.206686	0.0143311	-1	-1	3
683	0.603807	50.0393	47	1.06467	-0.111739	0.0161819	-1	-1	3
684	0.603807	47.3693	47	1.00786	-0.175697	0.0148345	-1	-1	3
685	0.603807	56.8187	47	1.20891	-0.17889	0.0147562	-1	-1	3
686	0.603807	69.2787	47	1.47402	-0.249999	0.0134353	-1	-1	3
687	0.603807	71.4211	47	1.5196	-0.24179	0.0135975	-1	-1	3
688	0.603807	39.8521	47	0.847916	-0.224222	0.0138653	-1	-1	3
689	0.603807	52.1877	47	1.11038	-0.286137	0.012739	-1	-1	3
690	0.603807	48.0883	47	1.02315	-0.23568	0.0136295	-1	-1	3
691	0.603807	48.6194	47	1.03445	-0.281405	0.0127921	-1	-1	3
692	0.603807	74.1523	47	1.57771	-0.3399	0.0117686	-1	-1	3
693	0.603807	54.7282	47	1.16443	0.128457	0.0215733	-1	-1	3
694	0.603807	52.0706	47	1.10789	-0.0509184	0.0174865	-1	-1	3
695	0.603807	58.781	47	1.25066	-0.0970436	0.0165361	-1	-1	3
696	0.603807	64.7845	47	1.37839	-0.112401	0.016206	-1	-1	3
697	0.603807	74.3151	47	1.58117	-0.0430509	0.0176129	-1	-1	3
698	0.603807	64.8473	47	1.37973	-0.0665112	0.0170883	-1	-1	3
699	0.603807	60.5402	47	1.28809	-0.0983751	0.0164342	-1	-1	3
700	0.603807	40.6103	47	0.864049	-0.078691	0.0168437	-1	-1	3
701	0.603807	55.4845	47	1.18052	-0.104709	0.0163006	-1	-1	3
702	0.603807	41.8458	47	0.890337	-0.111781	0.0161685	-1	-1	3
703	0.603807	60.2704	47	1.28235	-0.14922	0.0153899	-1	-1	3
704	0.603807	48.233	47	1.02623	-0.155059	0.0152618	-1	-1	3
705	0.603807	52.8918	47	1.12536	-0.180884	0.0147654	-1	-1	3
706	0.603807	57.2078	47	1.21719	-0.181029	0.0146937	-1	-1	3
707	0.603807	45.0024	47	0.957499	-0.183672	0.0146492	-1	-1	3
708	0.603807	66.5002	47	1.4149	0.0364847	0.0194251	-1	-1	3
709	0.603807	61.6741	47	1.31221	0.00423109	0.0187075	-1	-1	3
710	0.603807	56.0827	47	1.19325	-0.0493386	0.0175219	-1	-1	3
711	0.603807	78.6537	47	1.67348	-0.00101424	0.0185186	-1	-1	3
712	0.603807	71.6524	47	1.52452	-0.108814	0.0162873	-1	-1	3
713	0.603807	81.0881	47	1.72528	-0.0372956	0.0177154	-1	-1	3
714	0.603807	38.5241	47	0.819662	-0.0741413	0.016977	-1	-1	3
715	0.603807	51.1017	47	1.08727	-0.0921946	0.0165747	-1	-1	3
716	0.603807	33.3874	47	0.710371	-0.114551	0.0161287	-1	-1	3
717	0.603807	45.2123	47	0.961964	-0.0844435	0.0167368	-1	-1	3
718	0.603807	38.3408	47	0.815762	-0.143999	0.0155052	-1	-1	3
719	0.603807	67.7724	47	1.44197	-0.215932	0.014122	-1	-1	3
720	0.603807	54.8684	47	1.16741	-0.110976	0.0161904	-1	-1	3
721	0.603807	50.837	47	1.08164	-0.145491	0.0154777	-1	-1	3
722	0.603807	37.6941	47	0.802002	-0.165648	0.0150682	-1	-1	3
723	0.603807	71.8266	47	1.52822	-0.0980622	0.016399	-1	-1	3
724	0.603807	30.6513	47	0.652156	-0.157546	0.0152639	-1	-1	3
725	0.603807	36.7635	47	0.782202	-0.168216	0.0150217	-1	-1	3
726	0.603807	52.611	47	1.11938	-0.145287	0.0154195	-1	-1	3
727	0.603807	62.312	47	1.32579	-0.189665	0.01454	-1	-1	3
728	0.603807	53.1767	47	1.13142	-0.226066	0.013853	-1	-1	3
729	0.603807	45.4794	47	0.967647	-0.292355	0.0126102	-1	-1	3
730	0.603807	53.4961	47	1.13822	0.121342	0.0214566	-1	-1	3
731	0.603807	47.1995	47	1.00425	-0.0097471	0.0185221	-1	-1	3
732	0.603807	49.9884	47	1.06358	0.0192668	0.0190743	-1	-1	3
733	0.603807	38.341	47	0.815766	-0.00896615	0.0184711	-1	-1	3
734	0.603807	56.9467	47	1.21163	-0.0181693	0.0182357	-1	-1	3
735	0.603807	58.9426	47	1.2541	0.0225324	0.0191713	-1	-1	3
736	0.603807	38.6229	47	0.821763	-0.0540202	0.0174892	-1	-1	3
737	0.603807	34.6108	47	0.736399	-0.0743515	0.0170571	-1	-1	3
738	0.603807	71.1652	47	1.51415	-0.0572062	0.0174333	-1	-1	3
739	0.603807	35.519	47	0.755724	-0.0894178	0.016774	-1	-1	3
740	0.603807	63.2149	47	1.345	-0.026156	0.0180236	-1	-1	3
741	0.603807	60.0014	47	1.27663	-0.131673	0.0158664	-1	-1	3
742	0.603807	44.2081	47	0.940598	-0.0425093	0.0176865	-1	-1	3
743	0.603807	54.2267	47	1.15376	-0.159628	0.0152758	-1	-1	3
744	0.603807	55.677	47	1.18462	-0.140977	0.0156798	-1	-1	3
745	0.603807	58.8215	47	1.25152	-0.08872	0.0167183	-1	-1	3
746	0.603807	45.035	47	0.958192	-0.157343	0.0152797	-1	-1	3
747	0.603807	58.4378	47	1.24336	-0.108328	0.0162404	-1	-1	3
748	0.603807	53.2223	47	1.13239	-0.211781	0.0142063	-1	-1	3
749	0.603807	64.1017	47	1.36386	-0.182	0.0147367	-1	-1	3
750	0.603807	55.2741	47	1.17605	-0.170337	0.0149775	-1	-1	3
751	0.603807	39.6503	47	0.843623	-0.225683	0.0139023	-1	-1	3
752	0.603807	28.4945	47	0.606267	-0.238027	0.013657	-1	-1	3
753	0.603807	51.762	47	1.10132	0.0828875	0.0206884	-1	-1	3
754	0.603807	49.9012	47	1.06173	0.0741725	0.0204047	-1	-1	3
755	0.603807	63.2775	47	1.34633	-0.0203642	0.0183294	-1	-1	3
756	0.603807	58.6219	47	1.24727	0.00549246	0.0188178	-1	-1	3
757	0.603807	48.5566	47	1.03312	-0.00977659	0.0184925	-1	-1	3
758	0.603807	59.0514	47	1.25641	-0.0219794	0.0182335	-1	-1	3
759	0.603807	62.7801	47	1.33575	-0.0420893	0.0177612	-1	-1	3
760	0.603807	35.7975	47	0.761649	-0.0740892	0.0170871	-1	-1	3
761	0.603807	40.0856	47	0.852885	-0.104739	0.0164547	-1	-1	3
762	0.603807	71.2225	47	1.51537	-0.0195764	0.0182017	-1	-1	3
763	0.603807	36.551	47	0.777682	-0.108981	0.0163059	-1	-1	3
764	0.603807	52.8783	47	1.12507	-0.139527	0.0156897	-1	-1	3
765	0.603807	30.0107	47	0.638525	-0.152269	0.0154079	-1	-1	3
766	0.603807	49.6217	47	1.05578	-0.168717	0.0150814	-1	-1	3
767	0.603807	69.2662	47	1.47375	-0.206367	0.0143809	-1	-1	3
768	0.603807	49.2571	47	1.04802	-0.179827	0.0148815	-1	-1	3
769	0.603807	64.2096	47	1.36616	-0.121372	0.0159909	-1	-1	3
770	0.603807	43.8509	47	0.932997	-0.177212	0.0148787	-1	-1	3
771	0.603807	46.9674	47	0.999307	0.0937421	0.0210318	-1	-1	3
772	0.603807	45.9314	47	0.977264	0.0209676	0.0192667	-1	-1	3
773	0.603807	64.9404	47	1.38171	0.0893585	0.0207923	-1	-1	3
774	0.603807	49.1433	47	1.0456	0.00954959	0.0189633	-1	-1	3
775	0.603807	44.2887	47	0.942313	-0.0136234	0.0184322	-1	-1	3
776	0.603807	41.1148	47	0.874784	-0.0193494	0.0183526	-1	-1	3
777	0.603807	36.1328	47	0.768783	-0.0396921	0.0178856	-1	-1	3
778	0.603807	52.1352	47	1.10926	-0.0701311	0.0172222	-1	-1	3
779	0.603807	64.1426	47	1.36474	-0.0836068	0.0169298	-1	-1	3
780	0.603807	66.1456	47	1.40735	-0.0527723	0.0175107	-1	-1	3
781	0.603807	42.9305	47	0.913416	-0.114142	0.0162692	-1	-1	3
782	0.603807	66.5645	47	1.41627	-0.0731114	0.017092	-1	-1	3
783	0.603807	67.1511	47	1.42875	-0.146144	0.0156599	-1	-1	3
784	0.603807	35.6443	47	0.75839	-0.104792	0.016418	-1	-1	3
785	0.603807	51.0699	47	1.08659	-0.135801	0.0157894	-1	-1	3
786	0.603807	47.4568	47	1.00972	-0.142976	0.0156568	-1	-1	3
787	0.603807	57.9448	47	1.23287	-0.167646	0.015149	-1	-1	3
788	0.603807	48.2457	47	1.0265	-0.215206	0.0142082	-1	-1	3
789	0.603807	59.0875	47	1.25718	-0.179025	0.0148473	-1	-1	3
790	0.603807	71.0246	47	1.51116	-0.235601	0.0137977	-1	-1	3
791	0.603807	56.4656	47	1.20139	-0.20559	0.0143509	-1	-1	3
792	0.603807	41.7164	47	0.887583	0.0167629	0.0192166	-1	-1	3
793	0.603807	37.7137	47	0.802419	0.0151983	0.0191293	-1	-1	3
794	0.603807	62.9015	47	1.33833	-0.0569215	0.0175915	-1	-1	3
795	0.603807	44.9379	47	0.956125	-0.0774615	0.0171385	-1	-1	3
796	0.603807	44.0761	47	0.93779	-0.0100866	0.0185432	-1	-1	3
797	0.603807	49.8172	47	1.05994	-0.0168043	0.0183832	-1	-1	3
798	0.603807	39.2539	47	0.835188	-0.0629183	0.0174121	-1	-1	3
799	0.603807	46.5744	47	0.990946	-0.0623454	0.017383	-1	-1	3
800	0.603807	44.4428	47	0.945591	-0.0434567	0.0178282	-1	-1	3
801	0.603807	57.4831	47	1.22304	-0.0817364	0.0169936	-1	-1	3
802	0.603807	53.2431	47	1.13283	-0.134189	0.0158988	-1	-1	3
803	0.603807	61.2574	47	1.30335	-0.0538542	0.0175375	-1	-1	3
804	0.603807	49.204	47	1.04689	-0.114833	0.0162372	-1	-1	3
805	0.603807	56.0707	47	1.19299	-0.102404	0.0165088	-1	-1	3
806	0.603807	75.4767	47	1.60589	-0.230825	0.0139616	-1	-1	3
807	0.603807	70.0314	47	1.49003	-0.14026	0.0156598	-1	-1	3
808	0.603807	73.3669	47	1.561	-0.192616	0.014606	-1	-1	3
809	0.603807	52.5908	47	1.11895	-0.226165	0.0140326	-1	-1	3
810	0.603807	38.6232	47	0.82177	-0.181675	0.0148431	-1	-1	3
811	0.603807	51.6355	47	1.09863	-0.298302	0.0126149	-1	-1	3
812	0.603807	49.0933	47	1.04454	0.103802	0.0213612	-1	-1	3
813	0.603807	80.6673	47	1.71633	0.0823979	0.0207481	-1	-1	3
814	0.603807	66.7625	47	1.42048	0.0785045	0.0205993	-1	-1	3
815	0.603807	58.2109	47	1.23853	-0.0252137	0.0183001	-1	-1	3
816	0.603807	47.5807	47	1.01235	0.0121312	0.0190923	-1	-1	3
817	0.603807	49.2332	47	1.04751	-0.106634	0.0164369	-1	-1	3
818	0.603807	61.0456	47	1.29884	-0.111942	0.0163511	-1	-1	3
819	0.603807	52.5437	47	1.11795	-0.122754	0.016124	-1	-1	3
820	0.603807	39.0733	47	0.831347	-0.183785	0.0148677	-1	-1	3
821	0.603807	55.1022	47	1.17239	-0.12936	0.0159313	-1	-1	3
822	0.603807	49.4022	47	1.05111	-0.22243	0.0141118	-1	-1	3
823	0.603807	61.9197	47	1.31744	-0.17321	0.0150289	-1	-1	3
824	0.603807	41.1441	47	0.875406	-0.238488	0.0137462	-1	-1	3
825	0.603807	73.4144	47	1.56201	0.30739	0.0264398	-1	-1	3
826	0.603807	63.972	47	1.36111	0.0992683	0.0212369	-1	-1	3
827	0.603807	59.9542	47	1.27562	0.102763	0.0213673	-1	-1	3
828	0.603807	48.952	47	1.04153	0.0796752	0.0208025	-1	-1	3
829	0.603807	74.1312	47	1.57726	0.11814	0.0216069	-1	-1	3
830	0.603807	68.1398	47	1.44978	0.128088	0.02187	-1	-1	3
831	0.603807	82.8201	47	1.76213	0.101094	0.0211435	-1	-1	3
832	0.603807	55.7709	47	1.18661	0.0225214	0.0193992	-1	-1	3
833	0.603807	66.3315	47	1.41131	0.0843021	0.020745	-1	-1	3
834	0.603807	78.4934	47	1.67007	0.074586	0.0205264	-1	-1	3
835	0.603807	40.535	47	0.862447	-0.0306214	0.0181373	-1	-1	3
836	0.603807	53.6825	47	1.14218	-0.136249	0.015942	-1	-1	3
837	0.603807	54.3285	47	1.15593	-0.106119	0.0165221	-1	-1	3
838	0.603807	40.55	47	0.862765	-0.144306	0.0156708	-1	-1	3
839	0.603807	51.3937	47	1.09348	-0.152368	0.0155332	-1	-1	3
840	0.603807	101.588	47	2.16144	0.221379	0.0241675	-1	-1	3
841	0.603807	52.7339	47	1.122	0.0660151	0.0204747	-1	-1	3
842	0.603807	48.419	47	1.03019	0.0167138	0.0192778	-1	-1	3
843	0.603807	46.6784	47	0.993158	-0.0430354	0.0179431	-1	-1	3
844	0.603807	90.475	47	1.925	0.0568129	0.0201532	-1	-1	3
845	0.603807	57.0151	47	1.21309	0.00939443	0.0190597	-1	-1	3
846	0.603807	52.2947	47	1.11265	-0.0185218	0.0184419	-1	-1	3
847	0.603807	43.7589	47	0.93104	-0.0444007	0.0178441	-1	-1	3
848	0.603807	45.5638	47	0.969442	-0.072179	0.0172724	-1	-1	3
849	0.603807	41.3647	47	0.880099	-0.178017	0.0150022	-1	-1	3
850	0.603807	46.3368	47	0.98589	-0.204027	0.0144819	-1	-1	3
851	0.603807	40.3845	47	0.859244	-0.211576	0.0143513	-1	-1	3
852	0.603807	80.4015	47	1.71067	0.156322	0.0225782	-1	-1	3
853	0.603807	83.2469	47	1.77121	0.165993	0.0228307	-1	-1	3
854	0.603807	24.3863	47	0.518857	0.0171429	0.0193394	-1	-1	3
855	0.603807	39.4018	47	0.838336	-0.068159	0.017364	-1	-1	3
856	0.603807	47.8907	47	1.01895	-0.0527236	0.0177036	-1	-1	3
857	0.603807	54.6956	47	1.16374	-0.067144	0.0173631	-1	-1	3
858	0.603807	40.8802	47	0.869791	-0.0891243	0.0169224	-1	-1	3
859	0.603807	88.3736	47	1.88029	-0.0143782	0.018478	-1	-1	3
860	0.603807	34.6909	47	0.738103	-0.104288	0.0165821	-1	-1	3
861	0.603807	35.6021	47	0.757491	-0.0886368	0.0168699	-1	-1	3
862	0.603807	122.573	47	2.60793	0.347065	0.0275893	-1	-1	3
863	0.603807	64.7214	47	1.37705	0.198407	0.0237482	-1	-1	3
864	0.603807	87.1331	47	1.8539	0.238915	0.0246918	-1	-1	3
865	0.603807	41.6075	47	0.885266	0.106106	0.0214144	-1	-1	3
866	0.603807	34.9598	47	0.743826	0.0296623	0.0196001	-1	-1	3
867	0.603807	72.1233	47	1.53454	0.0919858	0.0210232	-1	-1	3
868	0.603807	65.6308	47	1.3964	-0.0307456	0.0182198	-1	-1	3
869	0.603807	38.9068	47	0.827804	-0.0490692	0.0177962	-1	-1	3
870	0.603807	57.9111	47	1.23215	-0.171449	0.0151554	-1	-1	3
871	0.603807	56.5171	47	1.20249	-0.250047	0.0136715	-1	-1	3
872	0.603807	43.587	47	0.927383	-0.226659	0.0140918	-1	-1	3
873	0.603807	65.0413	47	1.38386	0.163305	0.0228137	-1	-1	3
874	0.603807	66.6461	47	1.418	0.0589518	0.0202736	-1	-1	3
875	0.603807	48.44	47	1.03064	0.0395851	0.0198257	-1	-1	3
876	0.603807	71.9306	47	1.53044	0.0376182	0.0197279	-1	-1	3
877	0.603807	72.7388	47	1.54763	-0.0336931	0.0181483	-1	-1	3
878	0.603807	39.7782	47	0.846345	-0.0658997	0.0174182	-1	-1	3
879	0.603807	75.6456	47	1.60948	-0.0945315	0.0168021	-1	-1	3
880	0.603807	48.1993	47	1.02552	-0.149477	0.0156184	-1	-1	3
881	0.603807	48.2402	47	1.02639	-0.160592	0.015427	-1	-1	3
882	0.603807	84.7267	47	1.8027	0.286488	0.0260441	-1	-1	3
883	0.603807	52.591	47	1.11896	0.310177	0.0267198	-1	-1	3
884	0.603807	82.3051	47	1.75117	0.0398408	0.0199633	-1	-1	3
885	0.603807	48.3932	47	1.02964	0.00108193	0.0189824	-1	-1	3
886	0.603807	60.2716	47	1.28237	-0.00568155	0.0188496	-1	-1	3
887	0.603807	43.306	47	0.921404	-0.0442387	0.0179743	-1	-1	3
888	0.603807	49.8953	47	1.0616	-0.057519	0.0177004	-1	-1	3
889	0.603807	73.7346	47	1.56882	0.00269729	0.0189617	-1	-1	3
890	0.603807	53.156	47	1.13098	-0.0141738	0.0185998	-1	-1	3
891	0.603807	82.5625	47	1.75665	-0.107428	0.0165091	-1	-1	3
892	0.603807	81.6914	47	1.73812	-0.165981	0.0152845	-1	-1	3
893	0.603807	55.5177	47	1.18123	0.148364	0.0225742	-1	-1	3
894	0.603807	76.4327	47	1.62623	0.225272	0.0244395	-1	-1	3
895	0.603807	49.0969	47	1.04461	0.186815	0.0234966	-1	-1	3
896	0.603807	74.6818	47	1.58898	0.000762312	0.0189949	-1	-1	3
897	0.603807	72.8607	47	1.55023	0.0411548	0.0198847	-1	-1	3
898	0.603807	58.8602	47	1.25234	-0.0535009	0.0177574	-1	-1	3
899	0.603807	83.5179	47	1.77698	0.328317	0.0272745	-1	-1	3
900	0.603807	57.4193	47	1.22169	0.182224	0.0234959	-1	-1	3
901	0.603807	101.948	47	2.16911	0.0385863	0.0198419	-1	-1	3
902	0.603807	74.705	47	1.58947	-0.0257197	0.0183869	-1	-1	3
903	0.603807	55.4712	47	1.18024	-0.0392992	0.0181195	-1	-1	3
904	0.603807	65.5497	47	1.39467	-0.0956012	0.0168771	-1	-1	3
905	0.603807	59.1441	47	1.25839	-0.0527162	0.0177866	-1	-1	3
906	0.603807	98.363	47	2.09283	0.404492	0.0295235	-1	-1	3
907	0.603807	56.8418	47	1.2094	0.152722	0.0228159	-1	-1	3
908	0.603807	74.5459	47	1.58608	0.161352	0.0229677	-1	-1	3
909	0.603807	54.273	47	1.15475	-0.0854033	0.0171554	-1	-1	3
910	0.603807	78.3231	47	1.66645	-0.0737715	0.0173594	-1	-1	3
911	0.603807	76.1283	47	1.61975	0.166371	0.023259	-1	-1	3
912	0.603807	132.351	47	2.81597	0.158672	0.0229752	-1	-1	3
913	0.603807	96.3086	47	2.04912	0.129387	0.0222748	-1	-1	3
914	0.603807	59.5742	47	1.26754	-0.00454795	0.0190965	-1	-1	3
915	0.603807	41.7852	47	0.889048	-0.104008	0.0168486	-1	-1	3
916	0.603807	109.354	47	2.32668	0.262407	0.025841	-1	-1	3
917	0.603807	77.338	47	1.64549	0.165227	0.0233177	-1	-1	3
918	0.603807	63.1012	47	1.34258	0.0657245	0.0208864	-1	-1	3
919	0.603807	63.5303	47	1.35171	-0.131216	0.0163684	-1	-1	3
920	0.603807	92.876	47	1.97609	0.34705	0.0284755	-1	-1	3
921	0.603807	98.3981	47	2.09358	0.338733	0.0281777	-1	-1	3
922	0.603807	96.2335	47	2.04752	0.201363	0.0244167	-1	-1	3
923	0.603807	96.4878	47	2.05293	0.186629	0.0240451	-1	-1	3
924	0.603807	65.9712	47	1.40364	-0.0778641	0.0176576	-1	-1	3
925	0.603807	41.468	47	0.882299	-0.120432	0.0167174	-1	-1	3
926	0.603807	86.6985	47	1.84465	-0.105255	0.0169911	-1	-1	3
927	0.603807	75.5083	47	1.60656	0.0900888	0.0218034	-1	-1	3
928	0.603807	51.8395	47	1.10297	-0.0446727	0.0186162	-1	-1	3
929	0.603807	64.0697	47	1.36319	-0.139622	0.0164541	-1	-1	3
930	0.603807	101.048	47	2.14996	0.178659	0.0243336	-1	-1	3
931	0.603807	96.505	47	2.0533	0.165178	0.0239416	-1	-1	3
932	0.603807	59.4059	47	1.26396	0.0568679	0.0212142	-1	-1	3
933	0.603807	88.3081	47	1.8789	-0.00233941	0.0200441	-1	-1	3
934	0.603807	94.2496	47	2.00531	-0.0752907	0.0182824	-1	-1	3
935	0.603807	75.034	47	1.59647	-0.0634801	0.0185742	-1	-1	3
936	0.603807	69.3952	47	1.47649	0.00992933	0.0210132	-1	-1	3
937	0.603807	94.2388	47	2.00508	-0.0341362	0.0198858	-1	-1	3
