1	0.602916	56.8038	47	1.20859	0.0644301	0.0188082	-1	-1	3
2	0.602916	44.2169	47	0.940785	-0.0099523	0.0172369	-1	-1	3
3	0.602916	48.8962	47	1.04034	-0.0141761	0.0171186	-1	-1	3
4	0.602916	103.509	47	2.20231	-0.167803	0.0141357	-1	-1	3
5	0.602916	64.2382	47	1.36677	-0.159217	0.0142661	-1	-1	3
6	0.602916	73.622	47	1.56643	-0.192402	0.0136327	-1	-1	3
7	0.602916	80.5259	47	1.71332	-0.218258	0.0131561	-1	-1	3
8	0.602916	85.7018	47	1.82344	-0.22133	0.0131115	-1	-1	3
9	0.602916	88.3552	47	1.8799	-0.290146	0.0118826	-1	-1	3
10	0.602916	139.646	47	2.97119	-0.315959	0.011438	-1	-1	3
11	0.602916	138.904	47	2.95541	-0.343337	0.0109804	-1	-1	3
12	0.602916	171.102	47	3.64048	-0.344742	0.0109641	-1	-1	3
13	0.602916	115.242	47	2.45195	-0.33798	0.0110425	-1	-1	3
14	0.602916	41.7981	47	0.889321	0.17643	0.0213306	-1	-1	3
15	0.602916	53.7178	47	1.14293	-0.0201678	0.0170122	-1	-1	3
16	0.602916	75.938	47	1.6157	-0.0785895	0.0158644	-1	-1	3
17	0.602916	78.6354	47	1.67309	-0.0664427	0.0161124	-1	-1	3
18	0.602916	65.3457	47	1.39033	-0.187151	0.013714	-1	-1	3
19	0.602916	50.9376	47	1.08378	-0.131885	0.0147221	-1	-1	3
20	0.602916	126.456	47	2.69055	-0.222455	0.0131222	-1	-1	3
21	0.602916	139.148	47	2.9606	-0.25124	0.0125802	-1	-1	3
22	0.602916	125.198	47	2.66379	-0.291515	0.0118516	-1	-1	3
23	0.602916	136.48	47	2.90383	-0.312885	0.0114712	-1	-1	3
24	0.602916	184.371	47	3.92278	-0.345399	0.0109511	-1	-1	3
25	0.602916	136.234	47	2.89859	-0.355104	0.0107761	-1	-1	3
26	0.602916	100.297	47	2.13399	-0.302276	0.0116305	-1	-1	3
27	0.602916	183.16	47	3.89703	-0.385573	0.0102874	-1	-1	3
28	0.602916	164.052	47	3.49046	-0.412757	0.00982968	-1	-1	3
29	0.602916	51.8124	47	1.10239	-0.00794489	0.0172978	-1	-1	3
30	0.602916	46.3643	47	0.986475	-0.0543594	0.0163228	-1	-1	3
31	0.602916	61.8988	47	1.317	-0.110637	0.0151982	-1	-1	3
32	0.602916	69.1561	47	1.47141	-0.121819	0.0149503	-1	-1	3
33	0.602916	126.704	47	2.69583	-0.201506	0.0135096	-1	-1	3
34	0.602916	71.2988	47	1.517	-0.196614	0.0135295	-1	-1	3
35	0.602916	59.685	47	1.26989	-0.186515	0.013705	-1	-1	3
36	0.602916	131.108	47	2.78954	-0.252297	0.0125609	-1	-1	3
37	0.602916	69.7033	47	1.48305	-0.215374	0.0131684	-1	-1	3
38	0.602916	158.374	47	3.36966	-0.308778	0.011584	-1	-1	3
39	0.602916	120.72	47	2.56852	-0.280055	0.0120464	-1	-1	3
40	0.602916	116.019	47	2.4685	-0.327619	0.0112181	-1	-1	3
41	0.602916	117.93	47	2.50914	-0.331542	0.0111631	-1	-1	3
42	0.602916	37.6288	47	0.800612	0.157588	0.0208955	-1	-1	3
43	0.602916	57.8555	47	1.23097	0.0272571	0.0179961	-1	-1	3
44	0.602916	52.0202	47	1.10681	-0.0698493	0.0159871	-1	-1	3
45	0.602916	85.9994	47	1.82977	-0.157343	0.0143097	-1	-1	3
46	0.602916	54.1433	47	1.15199	-0.0592489	0.0161827	-1	-1	3
47	0.602916	47.1251	47	1.00266	-0.161577	0.0141541	-1	-1	3
48	0.602916	56.4386	47	1.20082	-0.149546	0.0144184	-1	-1	3
49	0.602916	66.467	47	1.41419	-0.21915	0.0131018	-1	-1	3
50	0.602916	89.1637	47	1.8971	-0.241408	0.0127387	-1	-1	3
51	0.602916	120.423	47	2.56218	-0.252694	0.0125438	-1	-1	3
52	0.602916	141.781	47	3.01662	-0.254024	0.0125423	-1	-1	3
53	0.602916	73.6137	47	1.56625	-0.265167	0.0122805	-1	-1	3
54	0.602916	65.0788	47	1.38465	-0.294333	0.0117694	-1	-1	3
55	0.602916	167.064	47	3.55455	-0.352297	0.0108119	-1	-1	3
56	0.602916	57.4558	47	1.22246	0.080516	0.0190944	-1	-1	3
57	0.602916	39.1571	47	0.833129	0.0356039	0.0181409	-1	-1	3
58	0.602916	41.088	47	0.874212	-0.0346933	0.0166727	-1	-1	3
59	0.602916	46.1599	47	0.982125	-0.0291791	0.0168176	-1	-1	3
60	0.602916	55.7076	47	1.18527	-0.0570219	0.0162451	-1	-1	3
61	0.602916	57.8279	47	1.23038	-0.0306528	0.0167886	-1	-1	3
62	0.602916	40.383	47	0.859212	-0.075399	0.0158301	-1	-1	3
63	0.602916	105.831	47	2.25172	-0.144862	0.014533	-1	-1	3
64	0.602916	46.8779	47	0.997402	-0.120485	0.0149391	-1	-1	3
65	0.602916	124.279	47	2.64423	-0.225889	0.0130498	-1	-1	3
66	0.602916	168.776	47	3.59098	-0.236079	0.0128655	-1	-1	3
67	0.602916	95.5836	47	2.03369	-0.208043	0.0133323	-1	-1	3
68	0.602916	120.455	47	2.56287	-0.266514	0.0122886	-1	-1	3
69	0.602916	49.072	47	1.04408	-0.20782	0.0132744	-1	-1	3
70	0.602916	105.551	47	2.24576	-0.280018	0.0120301	-1	-1	3
71	0.602916	148.06	47	3.1502	-0.260317	0.0124128	-1	-1	3
72	0.602916	137.601	47	2.92768	-0.30502	0.0116218	-1	-1	3
73	0.602916	190.395	47	4.05096	-0.337013	0.0110949	-1	-1	3
74	0.602916	86.1631	47	1.83326	-0.323221	0.0112779	-1	-1	3
75	0.602916	129.887	47	2.76355	-0.323006	0.0112967	-1	-1	3
76	0.602916	151.766	47	3.22906	-0.346745	0.0108998	-1	-1	3
77	0.602916	47.4357	47	1.00927	0.0680694	0.018893	-1	-1	3
78	0.602916	57.89	47	1.2317	0.0496994	0.018486	-1	-1	3
79	0.602916	100.462	47	2.1375	-0.0431061	0.0165851	-1	-1	3
80	0.602916	33.7274	47	0.717605	0.032359	0.0180672	-1	-1	3
81	0.602916	71.0997	47	1.51276	-0.0592554	0.0162345	-1	-1	3
82	0.602916	61.2205	47	1.30256	-0.0901743	0.015573	-1	-1	3
83	0.602916	54.6127	47	1.16197	-0.107529	0.0152367	-1	-1	3
84	0.602916	89.7068	47	1.90866	-0.110476	0.0151975	-1	-1	3
85	0.602916	68.6738	47	1.46114	-0.111481	0.0151475	-1	-1	3
86	0.602916	41.8536	47	0.890501	-0.103753	0.0152173	-1	-1	3
87	0.602916	110.777	47	2.35696	-0.159301	0.0142699	-1	-1	3
88	0.602916	82.2892	47	1.75083	-0.153161	0.0143725	-1	-1	3
89	0.602916	39.246	47	0.835021	-0.108115	0.0151694	-1	-1	3
90	0.602916	83.5202	47	1.77703	-0.150719	0.0144012	-1	-1	3
91	0.602916	57.0718	47	1.21429	-0.161693	0.0141768	-1	-1	3
92	0.602916	123.381	47	2.62512	-0.22422	0.0130322	-1	-1	3
93	0.602916	63.9767	47	1.36121	-0.21934	0.0130869	-1	-1	3
94	0.602916	79.8851	47	1.69968	-0.302023	0.011623	-1	-1	3
95	0.602916	85.4727	47	1.81857	-0.335252	0.0110456	-1	-1	3
96	0.602916	60.3683	47	1.28443	0.443648	0.0279443	-1	-1	3
97	0.602916	39.008	47	0.829957	0.138445	0.0204118	-1	-1	3
98	0.602916	63.8867	47	1.35929	-0.0185775	0.0170291	-1	-1	3
99	0.602916	52.6711	47	1.12066	-0.0795467	0.015764	-1	-1	3
100	0.602916	57.3941	47	1.22115	-0.0915511	0.0155283	-1	-1	3
101	0.602916	56.4888	47	1.20189	-0.128513	0.014796	-1	-1	3
102	0.602916	58.0374	47	1.23484	-0.100751	0.0153015	-1	-1	3
103	0.602916	89.6863	47	1.90822	-0.178532	0.0138922	-1	-1	3
104	0.602916	83.5318	47	1.77727	-0.198567	0.0135077	-1	-1	3
105	0.602916	66.4709	47	1.41427	-0.164023	0.0140985	-1	-1	3
106	0.602916	70.0273	47	1.48994	-0.176136	0.0139083	-1	-1	3
107	0.602916	87.3444	47	1.85839	-0.224609	0.0130189	-1	-1	3
108	0.602916	74.1799	47	1.5783	-0.272257	0.0121546	-1	-1	3
109	0.602916	87.8346	47	1.86882	-0.259086	0.0123921	-1	-1	3
110	0.602916	52.9977	47	1.12761	-0.221766	0.0130185	-1	-1	3
111	0.602916	146.019	47	3.10678	-0.285339	0.0119445	-1	-1	3
112	0.602916	61.0693	47	1.29935	-0.249869	0.0125204	-1	-1	3
113	0.602916	91.0268	47	1.93674	-0.349306	0.0108407	-1	-1	3
114	0.602916	55.0818	47	1.17195	0.487529	0.0290662	-1	-1	3
115	0.602916	72.5042	47	1.54264	0.0411102	0.0182833	-1	-1	3
116	0.602916	61.3093	47	1.30445	0.0213225	0.0178525	-1	-1	3
117	0.602916	33.2459	47	0.70736	-0.0297328	0.0167349	-1	-1	3
118	0.602916	37.0064	47	0.78737	-0.0540101	0.0162614	-1	-1	3
119	0.602916	50.3834	47	1.07199	-0.0901291	0.015568	-1	-1	3
120	0.602916	92.0426	47	1.95835	-0.148862	0.0144581	-1	-1	3
121	0.602916	68.493	47	1.4573	-0.164736	0.0140957	-1	-1	3
122	0.602916	47.9175	47	1.01952	-0.202461	0.0133841	-1	-1	3
123	0.602916	134.992	47	2.87218	-0.255776	0.0124915	-1	-1	3
124	0.602916	44.6681	47	0.950386	-0.157572	0.014195	-1	-1	3
125	0.602916	97.1015	47	2.06599	-0.226456	0.0129689	-1	-1	3
126	0.602916	74.0345	47	1.5752	-0.242871	0.0126734	-1	-1	3
127	0.602916	54.9949	47	1.1701	-0.226525	0.0129203	-1	-1	3
128	0.602916	95.144	47	2.02434	-0.256181	0.0124434	-1	-1	3
129	0.602916	119.19	47	2.53597	-0.261144	0.0123682	-1	-1	3
130	0.602916	100.518	47	2.13868	-0.309547	0.0115178	-1	-1	3
131	0.602916	79.5006	47	1.6915	-0.27475	0.01208	-1	-1	3
132	0.602916	156.574	47	3.33136	-0.330656	0.0111633	-1	-1	3
133	0.602916	113.217	47	2.40887	-0.31119	0.0114788	-1	-1	3
134	0.602916	108.349	47	2.30529	-0.336793	0.0110237	-1	-1	3
135	0.602916	137.03	47	2.91554	-0.354076	0.010749	-1	-1	3
136	0.602916	134.158	47	2.85442	-0.379101	0.0103277	-1	-1	3
137	0.602916	43.5539	47	0.926678	0.268938	0.0234617	-1	-1	3
138	0.602916	55.0633	47	1.17156	0.205397	0.0219481	-1	-1	3
139	0.602916	52.4646	47	1.11627	0.0845422	0.0191829	-1	-1	3
140	0.602916	43.9582	47	0.935282	0.0244052	0.0179136	-1	-1	3
141	0.602916	68.6869	47	1.46142	0.0498647	0.0184727	-1	-1	3
142	0.602916	65.8601	47	1.40128	-0.00823669	0.0172694	-1	-1	3
143	0.602916	69.0362	47	1.46886	-0.000728035	0.0173462	-1	-1	3
144	0.602916	33.4139	47	0.710935	-0.0112463	0.017112	-1	-1	3
145	0.602916	59.4953	47	1.26586	-0.0760626	0.0158263	-1	-1	3
146	0.602916	58.871	47	1.25257	-0.0886108	0.0155801	-1	-1	3
147	0.602916	64.9444	47	1.38179	-0.121367	0.0149568	-1	-1	3
148	0.602916	81.7976	47	1.74038	-0.206411	0.0133491	-1	-1	3
149	0.602916	54.0353	47	1.14969	-0.155137	0.014263	-1	-1	3
150	0.602916	53.4976	47	1.13825	-0.194653	0.0135407	-1	-1	3
151	0.602916	85.4868	47	1.81887	-0.240751	0.0127336	-1	-1	3
152	0.602916	72.5176	47	1.54293	-0.23115	0.0128647	-1	-1	3
153	0.602916	63.6712	47	1.35471	-0.236105	0.0127846	-1	-1	3
154	0.602916	120.358	47	2.56081	-0.231141	0.0128909	-1	-1	3
155	0.602916	48.9265	47	1.04099	-0.200281	0.0133867	-1	-1	3
156	0.602916	107.276	47	2.28246	-0.243029	0.0126755	-1	-1	3
157	0.602916	93.2272	47	1.98356	-0.261275	0.012351	-1	-1	3
158	0.602916	120.566	47	2.56524	-0.306224	0.0115625	-1	-1	3
159	0.602916	155.523	47	3.30899	-0.3391	0.0110192	-1	-1	3
160	0.602916	138.877	47	2.95483	-0.378302	0.0103514	-1	-1	3
161	0.602916	59.5724	47	1.2675	0.167102	0.0210365	-1	-1	3
162	0.602916	35.9493	47	0.764878	0.141519	0.0205066	-1	-1	3
163	0.602916	43.3715	47	0.922797	-0.0499494	0.0163289	-1	-1	3
164	0.602916	62.3225	47	1.32601	-0.0299735	0.0167609	-1	-1	3
165	0.602916	63.2572	47	1.3459	-0.0592446	0.0161692	-1	-1	3
166	0.602916	62.9854	47	1.34011	-0.134037	0.0146752	-1	-1	3
167	0.602916	60.1105	47	1.27895	-0.12465	0.0148089	-1	-1	3
168	0.602916	47.5343	47	1.01137	-0.0868819	0.0155705	-1	-1	3
169	0.602916	66.1475	47	1.40739	-0.182388	0.0137885	-1	-1	3
170	0.602916	36.8062	47	0.783111	-0.165477	0.0140325	-1	-1	3
171	0.602916	84.7227	47	1.80261	-0.213193	0.0132174	-1	-1	3
172	0.602916	44.6683	47	0.950389	-0.165248	0.0140695	-1	-1	3
173	0.602916	65.5327	47	1.39431	-0.207286	0.013296	-1	-1	3
174	0.602916	70.7705	47	1.50576	-0.233672	0.0128208	-1	-1	3
175	0.602916	91.346	47	1.94353	-0.290105	0.0118441	-1	-1	3
176	0.602916	49.9525	47	1.06282	0.527998	0.0301713	-1	-1	3
177	0.602916	57.5666	47	1.22482	0.389868	0.0264314	-1	-1	3
178	0.602916	34.6287	47	0.736781	0.365888	0.0258793	-1	-1	3
179	0.602916	40.6745	47	0.865414	0.313324	0.0245173	-1	-1	3
180	0.602916	38.149	47	0.81168	0.177826	0.0212881	-1	-1	3
181	0.602916	43.6775	47	0.929308	0.0651281	0.018804	-1	-1	3
182	0.602916	65.8344	47	1.40073	0.154365	0.0207254	-1	-1	3
183	0.602916	44.3824	47	0.944307	0.168042	0.0210233	-1	-1	3
184	0.602916	57.5038	47	1.22349	-0.00828114	0.0172468	-1	-1	3
185	0.602916	52.1776	47	1.11016	0.0377379	0.0181596	-1	-1	3
186	0.602916	38.0864	47	0.81035	-0.0162539	0.0169799	-1	-1	3
187	0.602916	33.8751	47	0.720747	-0.0785429	0.015742	-1	-1	3
188	0.602916	36.6247	47	0.779248	-0.0848979	0.0156055	-1	-1	3
189	0.602916	44.5312	47	0.947473	-0.0942104	0.0154329	-1	-1	3
190	0.602916	78.6374	47	1.67314	-0.127767	0.0147967	-1	-1	3
191	0.602916	42.2547	47	0.899035	-0.145868	0.0144539	-1	-1	3
192	0.602916	73.0734	47	1.55475	-0.159752	0.0141878	-1	-1	3
193	0.602916	42.5011	47	0.904278	-0.0761621	0.0157461	-1	-1	3
194	0.602916	64.4948	47	1.37223	-0.197494	0.013496	-1	-1	3
195	0.602916	76.8981	47	1.63613	-0.15827	0.0142072	-1	-1	3
196	0.602916	44.6819	47	0.95068	-0.107777	0.0151419	-1	-1	3
197	0.602916	96.8263	47	2.06013	-0.193762	0.0135783	-1	-1	3
198	0.602916	41.9012	47	0.891514	-0.172686	0.0139025	-1	-1	3
199	0.602916	122.061	47	2.59704	-0.266333	0.0122788	-1	-1	3
200	0.602916	74.6634	47	1.58858	-0.261887	0.0123071	-1	-1	3
201	0.602916	135.979	47	2.89317	-0.302083	0.0116436	-1	-1	3
202	0.602916	128.651	47	2.73727	-0.328169	0.0111951	-1	-1	3
203	0.602916	82.9493	47	1.76488	0.400335	0.0266579	-1	-1	3
204	0.602916	83.7532	47	1.78198	0.267651	0.0233222	-1	-1	3
205	0.602916	73.1967	47	1.55738	0.12858	0.020111	-1	-1	3
206	0.602916	37.5911	47	0.799811	0.0799894	0.0191112	-1	-1	3
207	0.602916	43.9529	47	0.935169	-0.0625907	0.0160826	-1	-1	3
208	0.602916	77.8369	47	1.6561	0.0438016	0.0182281	-1	-1	3
209	0.602916	93.7804	47	1.99533	-0.130381	0.0147852	-1	-1	3
210	0.602916	48.3687	47	1.02912	-0.0565938	0.0161708	-1	-1	3
211	0.602916	37.1163	47	0.789708	-0.0608541	0.0160664	-1	-1	3
212	0.602916	53.7619	47	1.14387	-0.103401	0.0152504	-1	-1	3
213	0.602916	50.7281	47	1.07932	-0.0659567	0.0159241	-1	-1	3
214	0.602916	35.4313	47	0.753857	-0.150968	0.0143456	-1	-1	3
215	0.602916	65.7075	47	1.39803	-0.152471	0.0143233	-1	-1	3
216	0.602916	69.427	47	1.47717	-0.186044	0.013692	-1	-1	3
217	0.602916	103.365	47	2.19926	-0.201831	0.0134147	-1	-1	3
218	0.602916	112.929	47	2.40274	-0.233038	0.0128464	-1	-1	3
219	0.602916	33.7867	47	0.718866	-0.177492	0.0138114	-1	-1	3
220	0.602916	76.6213	47	1.63024	-0.238024	0.0127088	-1	-1	3
221	0.602916	74.4186	47	1.58338	-0.304146	0.0115676	-1	-1	3
222	0.602916	37.2413	47	0.792369	-0.275005	0.0120288	-1	-1	3
223	0.602916	92.3563	47	1.96503	-0.295726	0.0117115	-1	-1	3
224	0.602916	76.7404	47	1.63278	-0.344971	0.0108702	-1	-1	3
225	0.602916	134.038	47	2.85187	-0.352896	0.0107656	-1	-1	3
226	0.602916	56.8896	47	1.21042	0.212233	0.0221411	-1	-1	3
227	0.602916	67.9708	47	1.44619	0.307237	0.0242961	-1	-1	3
228	0.602916	49.5471	47	1.05419	0.0764668	0.0189606	-1	-1	3
229	0.602916	43.9117	47	0.934291	-0.000894193	0.0173295	-1	-1	3
230	0.602916	36.9156	47	0.785438	0.0104182	0.0175653	-1	-1	3
231	0.602916	53.946	47	1.14779	-0.00513456	0.0172508	-1	-1	3
232	0.602916	86.3683	47	1.83762	-0.07334	0.0159061	-1	-1	3
233	0.602916	62.3101	47	1.32575	-0.0147855	0.017016	-1	-1	3
234	0.602916	39.5195	47	0.840841	-0.0704343	0.015876	-1	-1	3
235	0.602916	60.0781	47	1.27826	-0.0953667	0.0153782	-1	-1	3
236	0.602916	59.5897	47	1.26787	-0.096098	0.0153759	-1	-1	3
237	0.602916	39.8305	47	0.847459	-0.105255	0.0152114	-1	-1	3
238	0.602916	58.8663	47	1.25247	-0.118124	0.0149077	-1	-1	3
239	0.602916	64.5218	47	1.37281	-0.160928	0.0141469	-1	-1	3
240	0.602916	74.349	47	1.58189	-0.177944	0.0138349	-1	-1	3
241	0.602916	53.0488	47	1.1287	-0.120619	0.0148734	-1	-1	3
242	0.602916	69.1437	47	1.47114	-0.18535	0.013699	-1	-1	3
243	0.602916	92.8733	47	1.97603	-0.197212	0.013491	-1	-1	3
244	0.602916	109.483	47	2.32942	-0.237361	0.012762	-1	-1	3
245	0.602916	57.6149	47	1.22585	-0.221244	0.0130231	-1	-1	3
246	0.602916	121.92	47	2.59403	-0.307079	0.0115274	-1	-1	3
247	0.602916	70.8819	47	1.50813	-0.349183	0.0107717	-1	-1	3
248	0.602916	56.0984	47	1.19358	0.333062	0.0249527	-1	-1	3
249	0.602916	40.6888	47	0.86572	0.103555	0.0195867	-1	-1	3
250	0.602916	54.0207	47	1.14938	0.138925	0.0203193	-1	-1	3
251	0.602916	47.9369	47	1.01994	0.0834582	0.0190931	-1	-1	3
252	0.602916	49.827	47	1.06015	0.0636927	0.0186604	-1	-1	3
253	0.602916	50.4286	47	1.07295	0.0259079	0.0178592	-1	-1	3
254	0.602916	62.9543	47	1.33945	0.00780536	0.0175095	-1	-1	3
255	0.602916	52.5208	47	1.11746	-0.0215756	0.0168868	-1	-1	3
256	0.602916	50.2442	47	1.06903	-0.00714405	0.0171936	-1	-1	3
257	0.602916	65.9329	47	1.40283	-0.0679799	0.0159874	-1	-1	3
258	0.602916	53.4013	47	1.1362	-0.0278463	0.0167072	-1	-1	3
259	0.602916	51.5199	47	1.09617	-0.0236039	0.0167947	-1	-1	3
260	0.602916	34.4132	47	0.732196	-0.0609978	0.0160237	-1	-1	3
261	0.602916	41.3247	47	0.87925	-0.0900532	0.0154753	-1	-1	3
262	0.602916	63.8168	47	1.35781	-0.0986602	0.0153252	-1	-1	3
263	0.602916	37.7091	47	0.802321	-0.1105	0.0150874	-1	-1	3
264	0.602916	54.4845	47	1.15925	-0.119032	0.0149095	-1	-1	3
265	0.602916	61.5114	47	1.30875	-0.146888	0.0143899	-1	-1	3
266	0.602916	63.0602	47	1.34171	-0.160184	0.0141728	-1	-1	3
267	0.602916	79.5628	47	1.69282	-0.178669	0.0138191	-1	-1	3
268	0.602916	62.1557	47	1.32246	-0.206783	0.0132915	-1	-1	3
269	0.602916	84.3985	47	1.79571	-0.213379	0.0131948	-1	-1	3
270	0.602916	54.1994	47	1.15318	-0.225048	0.012942	-1	-1	3
271	0.602916	44.2234	47	0.940922	0.209656	0.0219696	-1	-1	3
272	0.602916	68.6737	47	1.46114	0.174347	0.0210879	-1	-1	3
273	0.602916	47.9478	47	1.02017	0.173839	0.0210829	-1	-1	3
274	0.602916	43.5038	47	0.925612	0.154541	0.0207007	-1	-1	3
275	0.602916	71.2509	47	1.51598	0.100514	0.0194347	-1	-1	3
276	0.602916	50.5768	47	1.0761	0.0362016	0.0180787	-1	-1	3
277	0.602916	41.5367	47	0.883759	0.0599851	0.018571	-1	-1	3
278	0.602916	46.7274	47	0.9942	0.0144571	0.0176507	-1	-1	3
279	0.602916	44.9103	47	0.955538	-0.0325819	0.0166551	-1	-1	3
280	0.602916	49.551	47	1.05428	0.00414686	0.0174034	-1	-1	3
281	0.602916	42.4538	47	0.903272	0.00259084	0.0173279	-1	-1	3
282	0.602916	59.6135	47	1.26837	-0.0687742	0.0159422	-1	-1	3
283	0.602916	66.4281	47	1.41336	-0.0783543	0.0157534	-1	-1	3
284	0.602916	51.4482	47	1.09464	-0.0162934	0.0169183	-1	-1	3
285	0.602916	36.7786	47	0.782524	-0.0382442	0.0164985	-1	-1	3
286	0.602916	36.065	47	0.76734	-0.0667052	0.0159192	-1	-1	3
287	0.602916	91.5737	47	1.94838	-0.139942	0.014573	-1	-1	3
288	0.602916	60.5449	47	1.28819	-0.0851826	0.0155719	-1	-1	3
289	0.602916	39.8892	47	0.848707	-0.122062	0.014876	-1	-1	3
290	0.602916	44.3415	47	0.943436	-0.140077	0.0145285	-1	-1	3
291	0.602916	69.4899	47	1.47851	-0.178415	0.0138092	-1	-1	3
292	0.602916	58.7682	47	1.25039	-0.0963967	0.0152901	-1	-1	3
293	0.602916	72.5329	47	1.54325	-0.157173	0.0142281	-1	-1	3
294	0.602916	93.3146	47	1.98542	-0.222645	0.0130019	-1	-1	3
295	0.602916	59.3904	47	1.26363	-0.211519	0.0131816	-1	-1	3
296	0.602916	51.5423	47	1.09665	-0.246311	0.0125402	-1	-1	3
297	0.602916	82.0754	47	1.74628	-0.343968	0.0108864	-1	-1	3
298	0.602916	51.3267	47	1.09206	0.210048	0.0219704	-1	-1	3
299	0.602916	57.511	47	1.22364	0.187637	0.0214514	-1	-1	3
300	0.602916	61.519	47	1.30891	0.113509	0.0198192	-1	-1	3
301	0.602916	53.8187	47	1.14508	0.0454452	0.0183237	-1	-1	3
302	0.602916	56.2466	47	1.19674	0.077494	0.0190055	-1	-1	3
303	0.602916	61.9171	47	1.31738	0.0488291	0.0183401	-1	-1	3
304	0.602916	40.007	47	0.851214	0.0901864	0.0192452	-1	-1	3
305	0.602916	58.4938	47	1.24455	-0.0205046	0.0168908	-1	-1	3
306	0.602916	53.0498	47	1.12872	-0.000738803	0.0172909	-1	-1	3
307	0.602916	34.097	47	0.725468	0.0681799	0.0186941	-1	-1	3
308	0.602916	61.715	47	1.31309	-0.0301277	0.0166517	-1	-1	3
309	0.602916	46.3837	47	0.986887	-0.0799797	0.015718	-1	-1	3
310	0.602916	70.3288	47	1.49636	-0.0506343	0.0162425	-1	-1	3
311	0.602916	59.4765	47	1.26546	-0.08017	0.0156518	-1	-1	3
312	0.602916	53.0946	47	1.12967	-0.104394	0.0151528	-1	-1	3
313	0.602916	46.4867	47	0.989079	-0.139729	0.014511	-1	-1	3
314	0.602916	41.5501	47	0.884044	-0.126324	0.014751	-1	-1	3
315	0.602916	59.595	47	1.26798	-0.11185	0.0150493	-1	-1	3
316	0.602916	49.8594	47	1.06084	-0.173198	0.0138903	-1	-1	3
317	0.602916	50.1	47	1.06596	-0.176642	0.0138383	-1	-1	3
318	0.602916	42.3709	47	0.901508	-0.148752	0.0143269	-1	-1	3
319	0.602916	31.585	47	0.672021	-0.163815	0.01403	-1	-1	3
320	0.602916	48.8708	47	1.0398	-0.212713	0.0131282	-1	-1	3
321	0.602916	111.931	47	2.38151	-0.311098	0.0114313	-1	-1	3
322	0.602916	56.9212	47	1.21109	0.13842	0.0203085	-1	-1	3
323	0.602916	45.6246	47	0.970737	0.109823	0.0196528	-1	-1	3
324	0.602916	33.8266	47	0.719715	0.084332	0.0190856	-1	-1	3
325	0.602916	58.4403	47	1.24341	0.0517824	0.0183736	-1	-1	3
326	0.602916	53.3536	47	1.13518	0.0408417	0.018139	-1	-1	3
327	0.602916	53.022	47	1.12813	0.0223712	0.0177364	-1	-1	3
328	0.602916	38.3145	47	0.815202	-0.00905563	0.0171007	-1	-1	3
329	0.602916	86.4674	47	1.83973	0.0898642	0.019131	-1	-1	3
330	0.602916	38.6307	47	0.821929	0.00412869	0.0173971	-1	-1	3
331	0.602916	44.671	47	0.950447	-0.0264466	0.016754	-1	-1	3
332	0.602916	47.3495	47	1.00744	-0.0398174	0.0164643	-1	-1	3
333	0.602916	57.3505	47	1.22022	-0.0727441	0.0158535	-1	-1	3
334	0.602916	52.1298	47	1.10914	-0.101591	0.0152613	-1	-1	3
335	0.602916	29.9335	47	0.636882	-0.0171216	0.0169183	-1	-1	3
336	0.602916	73.6403	47	1.56682	-0.102684	0.0152518	-1	-1	3
337	0.602916	54.9871	47	1.16994	-0.0517101	0.0162106	-1	-1	3
338	0.602916	50.699	47	1.0787	-0.078214	0.0156923	-1	-1	3
339	0.602916	53.4617	47	1.13748	-0.0983605	0.0152948	-1	-1	3
340	0.602916	42.5291	47	0.904875	-0.0902134	0.0154599	-1	-1	3
341	0.602916	49.4084	47	1.05124	-0.150717	0.0142983	-1	-1	3
342	0.602916	48.5214	47	1.03237	-0.149417	0.0143428	-1	-1	3
343	0.602916	50.7323	47	1.07941	0.235358	0.0225327	-1	-1	3
344	0.602916	33.5269	47	0.713339	0.108492	0.019664	-1	-1	3
345	0.602916	38.0414	47	0.809392	0.129243	0.0200978	-1	-1	3
346	0.602916	48.3836	47	1.02944	0.216935	0.0220573	-1	-1	3
347	0.602916	25.7129	47	0.547084	0.0513469	0.0184118	-1	-1	3
348	0.602916	46.8777	47	0.997399	0.0617089	0.0185667	-1	-1	3
349	0.602916	57.7312	47	1.22832	0.0425148	0.018195	-1	-1	3
350	0.602916	43.6896	47	0.929566	-0.00234015	0.0172174	-1	-1	3
351	0.602916	44.4387	47	0.945505	0.0155898	0.017629	-1	-1	3
352	0.602916	37.1031	47	0.789428	-0.00417122	0.0172021	-1	-1	3
353	0.602916	42.8435	47	0.911564	0.0287044	0.0179046	-1	-1	3
354	0.602916	35.0417	47	0.745567	-0.0390851	0.0164781	-1	-1	3
355	0.602916	51.4114	47	1.09386	-0.0437736	0.0164176	-1	-1	3
356	0.602916	47.8936	47	1.01901	-0.0499448	0.0162829	-1	-1	3
357	0.602916	61.3419	47	1.30515	-0.0732649	0.0158352	-1	-1	3
358	0.602916	55.2737	47	1.17604	-0.0316671	0.0165913	-1	-1	3
359	0.602916	39.8401	47	0.847663	-0.0902433	0.0154423	-1	-1	3
360	0.602916	34.6058	47	0.736293	-0.0791177	0.0156588	-1	-1	3
361	0.602916	50.7267	47	1.07929	-0.115436	0.0149415	-1	-1	3
362	0.602916	41.966	47	0.892893	-0.113088	0.0149987	-1	-1	3
363	0.602916	54.1853	47	1.15288	-0.137146	0.0145518	-1	-1	3
364	0.602916	65.3009	47	1.38938	-0.189834	0.0135619	-1	-1	3
365	0.602916	40.4076	47	0.859736	-0.144381	0.0143388	-1	-1	3
366	0.602916	54.0047	47	1.14904	-0.230504	0.0128263	-1	-1	3
367	0.602916	75.1934	47	1.59986	-0.273693	0.0120542	-1	-1	3
368	0.602916	51.1656	47	1.08863	-0.239021	0.0126135	-1	-1	3
369	0.602916	63.7203	47	1.35575	0.398555	0.0266923	-1	-1	3
370	0.602916	78.9179	47	1.6791	0.484027	0.0287974	-1	-1	3
371	0.602916	41.1441	47	0.875406	0.293272	0.024014	-1	-1	3
372	0.602916	45.6253	47	0.970752	0.220313	0.0221839	-1	-1	3
373	0.602916	56.6755	47	1.20586	0.215508	0.0220686	-1	-1	3
374	0.602916	57.6772	47	1.22718	0.146146	0.0204688	-1	-1	3
375	0.602916	35.4734	47	0.754752	0.13463	0.0202258	-1	-1	3
376	0.602916	66.3464	47	1.41163	0.206094	0.0217898	-1	-1	3
377	0.602916	33.6376	47	0.715693	0.105798	0.0195925	-1	-1	3
378	0.602916	34.7011	47	0.738321	0.0730377	0.0188929	-1	-1	3
379	0.602916	61.1624	47	1.30133	0.0596774	0.0185773	-1	-1	3
380	0.602916	62.923	47	1.33879	0.12026	0.0198358	-1	-1	3
381	0.602916	47.7813	47	1.01662	0.0715246	0.0187713	-1	-1	3
382	0.602916	34.1723	47	0.727071	0.0635034	0.0186152	-1	-1	3
383	0.602916	41.8797	47	0.891057	0.041549	0.0181315	-1	-1	3
384	0.602916	61.9871	47	1.31887	0.000490567	0.0172992	-1	-1	3
385	0.602916	28.3661	47	0.603534	0.00427165	0.0173636	-1	-1	3
386	0.602916	49.7737	47	1.05902	-0.0344894	0.0165514	-1	-1	3
387	0.602916	48.8489	47	1.03934	-0.0438447	0.0163847	-1	-1	3
388	0.602916	62.109	47	1.32147	0.0279205	0.0178151	-1	-1	3
389	0.602916	69.6107	47	1.48108	-0.0920504	0.0154591	-1	-1	3
390	0.602916	75.1239	47	1.59838	-0.106023	0.0151701	-1	-1	3
391	0.602916	48.844	47	1.03923	-0.130552	0.014649	-1	-1	3
392	0.602916	45.3067	47	0.963973	-0.152024	0.014249	-1	-1	3
393	0.602916	64.5852	47	1.37415	-0.162641	0.0140456	-1	-1	3
394	0.602916	125.036	47	2.66034	-0.32893	0.0111318	-1	-1	3
395	0.602916	55.911	47	1.1896	-0.31335	0.0113479	-1	-1	3
396	0.602916	80.3477	47	1.70953	0.506007	0.0294094	-1	-1	3
397	0.602916	77.3382	47	1.64549	0.4042	0.0266228	-1	-1	3
398	0.602916	41.5509	47	0.884063	0.150199	0.020605	-1	-1	3
399	0.602916	41.9535	47	0.892627	0.14119	0.020371	-1	-1	3
400	0.602916	54.4092	47	1.15764	0.138209	0.0202704	-1	-1	3
401	0.602916	40.7208	47	0.8664	0.107725	0.0195884	-1	-1	3
402	0.602916	66.7988	47	1.42125	0.128413	0.0199971	-1	-1	3
403	0.602916	51.2489	47	1.0904	0.0385354	0.0181196	-1	-1	3
404	0.602916	51.8362	47	1.1029	0.0178583	0.0176522	-1	-1	3
405	0.602916	48.7286	47	1.03678	-0.00762485	0.0171861	-1	-1	3
406	0.602916	45.8378	47	0.975273	0.0278077	0.0177999	-1	-1	3
407	0.602916	44.4343	47	0.945411	0.0103795	0.0175024	-1	-1	3
408	0.602916	46.6046	47	0.991587	0.0108226	0.0174705	-1	-1	3
409	0.602916	51.802	47	1.10217	-0.0208475	0.0168433	-1	-1	3
410	0.602916	43.3899	47	0.92319	-0.0237138	0.0167925	-1	-1	3
411	0.602916	41.1551	47	0.875639	-0.0871461	0.0155211	-1	-1	3
412	0.602916	58.6639	47	1.24817	0.011432	0.017449	-1	-1	3
413	0.602916	65.9186	47	1.40252	-0.0840848	0.0155914	-1	-1	3
414	0.602916	65.0195	47	1.38339	-0.0903329	0.01549	-1	-1	3
415	0.602916	64.2538	47	1.3671	-0.138741	0.0145227	-1	-1	3
416	0.602916	50.4304	47	1.07299	-0.0650108	0.015922	-1	-1	3
417	0.602916	92.8772	47	1.97611	-0.137588	0.0145656	-1	-1	3
418	0.602916	63.0209	47	1.34087	-0.064972	0.0159114	-1	-1	3
419	0.602916	43.3192	47	0.921684	-0.128076	0.0146833	-1	-1	3
420	0.602916	38.0777	47	0.810163	-0.135407	0.0145357	-1	-1	3
421	0.602916	68.7916	47	1.46365	-0.192149	0.0135096	-1	-1	3
422	0.602916	61.3169	47	1.30462	-0.292531	0.0117116	-1	-1	3
423	0.602916	155.295	47	3.30416	0.747467	0.0361678	-1	-1	3
424	0.602916	43.5765	47	0.927159	0.250289	0.0229506	-1	-1	3
425	0.602916	82.4012	47	1.75322	0.243354	0.0226493	-1	-1	3
426	0.602916	55.5678	47	1.18229	0.131173	0.0201916	-1	-1	3
427	0.602916	59.2614	47	1.26088	0.132475	0.0201065	-1	-1	3
428	0.602916	53.3469	47	1.13504	0.109653	0.0196562	-1	-1	3
429	0.602916	43.3585	47	0.92252	0.0673079	0.018714	-1	-1	3
430	0.602916	65.0692	47	1.38445	0.0483442	0.0183193	-1	-1	3
431	0.602916	65.0978	47	1.38506	0.0703989	0.0187412	-1	-1	3
432	0.602916	51.7461	47	1.10098	0.0527116	0.0183717	-1	-1	3
433	0.602916	52.1902	47	1.11043	0.0210636	0.0176798	-1	-1	3
434	0.602916	36.5581	47	0.777832	-0.00703238	0.0171233	-1	-1	3
435	0.602916	45.9725	47	0.978139	-0.0194964	0.0168462	-1	-1	3
436	0.602916	50.5907	47	1.0764	-0.0275917	0.016702	-1	-1	3
437	0.602916	48.3793	47	1.02935	-0.0549374	0.0161419	-1	-1	3
438	0.602916	42.8544	47	0.911797	-0.0827073	0.0155914	-1	-1	3
439	0.602916	40.5221	47	0.862173	-0.121328	0.0148466	-1	-1	3
440	0.602916	45.155	47	0.960746	-0.168929	0.0139249	-1	-1	3
441	0.602916	82.6393	47	1.75828	-0.113177	0.0149107	-1	-1	3
442	0.602916	42.7076	47	0.908673	-0.184963	0.013643	-1	-1	3
443	0.602916	38.9621	47	0.82898	0.339969	0.0251646	-1	-1	3
444	0.602916	82.8358	47	1.76246	0.322719	0.0245575	-1	-1	3
445	0.602916	50.945	47	1.08394	0.218798	0.0221508	-1	-1	3
446	0.602916	51.2101	47	1.08958	0.261595	0.0231028	-1	-1	3
447	0.602916	56.0965	47	1.19354	0.230733	0.0223792	-1	-1	3
448	0.602916	53.6023	47	1.14048	0.206623	0.0218067	-1	-1	3
449	0.602916	51.6209	47	1.09832	0.0905821	0.0192026	-1	-1	3
450	0.602916	83.8635	47	1.78433	0.162627	0.0207507	-1	-1	3
451	0.602916	37.2742	47	0.793067	0.0587463	0.0185072	-1	-1	3
452	0.602916	53.6605	47	1.14171	0.115294	0.0197033	-1	-1	3
453	0.602916	48.4505	47	1.03086	0.0752479	0.0188325	-1	-1	3
454	0.602916	57.3439	47	1.22008	0.0785326	0.0188738	-1	-1	3
455	0.602916	58.4018	47	1.24259	-0.00135657	0.0172634	-1	-1	3
456	0.602916	59.7905	47	1.27214	0.0497415	0.0182753	-1	-1	3
457	0.602916	73.9445	47	1.57329	0.0313668	0.0179096	-1	-1	3
458	0.602916	55.2346	47	1.17521	0.0294957	0.0178623	-1	-1	3
459	0.602916	71.6387	47	1.52423	-0.0523695	0.0162652	-1	-1	3
460	0.602916	36.762	47	0.78217	0.0354001	0.0179599	-1	-1	3
461	0.602916	38.9869	47	0.829508	-0.0189975	0.0168695	-1	-1	3
462	0.602916	51.8223	47	1.1026	-0.0402921	0.0164115	-1	-1	3
463	0.602916	38.4302	47	0.817664	-0.0265978	0.0167106	-1	-1	3
464	0.602916	64.3926	47	1.37006	0.0446184	0.0181215	-1	-1	3
465	0.602916	53.5056	47	1.13842	-0.0535066	0.0161634	-1	-1	3
466	0.602916	87.8252	47	1.86862	-0.0170063	0.0168362	-1	-1	3
467	0.602916	48.4958	47	1.03183	-0.0587106	0.01605	-1	-1	3
468	0.602916	77.0809	47	1.64002	-0.144824	0.0144121	-1	-1	3
469	0.602916	43.5667	47	0.926952	-0.110417	0.0150017	-1	-1	3
470	0.602916	39.5102	47	0.840643	-0.119173	0.0148526	-1	-1	3
471	0.602916	54.5556	47	1.16076	-0.136582	0.0145188	-1	-1	3
472	0.602916	31.8053	47	0.676709	-0.161551	0.0140455	-1	-1	3
473	0.602916	68.4908	47	1.45725	-0.24631	0.0125273	-1	-1	3
474	0.602916	102.523	47	2.18135	-0.271891	0.0120956	-1	-1	3
475	0.602916	105.662	47	2.24813	0.516632	0.0295667	-1	-1	3
476	0.602916	102.925	47	2.18988	0.32605	0.0246425	-1	-1	3
477	0.602916	48.8047	47	1.0384	0.217419	0.0221392	-1	-1	3
478	0.602916	60.6278	47	1.28995	0.245122	0.0226931	-1	-1	3
479	0.602916	79.2659	47	1.68651	0.0944235	0.0193574	-1	-1	3
480	0.602916	54.3685	47	1.15678	0.169329	0.02094	-1	-1	3
481	0.602916	62.3416	47	1.32642	0.166514	0.0208746	-1	-1	3
482	0.602916	61.8536	47	1.31604	0.104218	0.0195681	-1	-1	3
483	0.602916	36.9982	47	0.787196	0.143514	0.0203857	-1	-1	3
484	0.602916	44.7538	47	0.952209	0.10811	0.0195898	-1	-1	3
485	0.602916	47.7117	47	1.01514	0.130905	0.0200453	-1	-1	3
486	0.602916	64.6798	47	1.37617	0.105621	0.0194635	-1	-1	3
487	0.602916	53.8064	47	1.14482	0.032471	0.0179802	-1	-1	3
488	0.602916	58.5526	47	1.2458	0.0140219	0.0175196	-1	-1	3
489	0.602916	52.0727	47	1.10793	-0.0139941	0.0169461	-1	-1	3
490	0.602916	74.6553	47	1.58841	-0.0532159	0.0162296	-1	-1	3
491	0.602916	49.6555	47	1.0565	0.00820195	0.017422	-1	-1	3
492	0.602916	50.9154	47	1.08331	-0.0339094	0.016557	-1	-1	3
493	0.602916	69.3815	47	1.4762	-0.0823485	0.0155368	-1	-1	3
494	0.602916	48.6452	47	1.035	-0.0908616	0.01536	-1	-1	3
495	0.602916	50.6351	47	1.07734	-0.178803	0.0137547	-1	-1	3
496	0.602916	34.5645	47	0.735415	-0.150386	0.01421	-1	-1	3
497	0.602916	55.4111	47	1.17896	-0.200328	0.0133036	-1	-1	3
498	0.602916	59.5416	47	1.26684	-0.257919	0.0122964	-1	-1	3
499	0.602916	160.572	47	3.41643	0.603716	0.0319583	-1	-1	3
500	0.602916	83.1097	47	1.76829	0.53996	0.0302653	-1	-1	3
501	0.602916	81.5298	47	1.73468	0.469685	0.0283566	-1	-1	3
502	0.602916	147.374	47	3.13562	0.315067	0.0243261	-1	-1	3
503	0.602916	37.4492	47	0.796792	0.179252	0.0212308	-1	-1	3
504	0.602916	57.8362	47	1.23056	0.269312	0.0232547	-1	-1	3
505	0.602916	64.2114	47	1.3662	0.216736	0.0220333	-1	-1	3
506	0.602916	64.1055	47	1.36395	0.158339	0.0206551	-1	-1	3
507	0.602916	57.3944	47	1.22116	0.154645	0.020606	-1	-1	3
508	0.602916	75.2596	47	1.60127	0.143334	0.0203695	-1	-1	3
509	0.602916	42.5949	47	0.906274	0.0630712	0.0185685	-1	-1	3
510	0.602916	61.2296	47	1.30276	0.0534129	0.0184016	-1	-1	3
511	0.602916	64.8784	47	1.38039	0.0683652	0.0187098	-1	-1	3
512	0.602916	43.6617	47	0.928972	0.0505338	0.0183822	-1	-1	3
513	0.602916	111.15	47	2.3649	0.0765196	0.0187968	-1	-1	3
514	0.602916	51.8033	47	1.1022	0.0894262	0.0191201	-1	-1	3
515	0.602916	41.3215	47	0.87918	0.0358788	0.0179821	-1	-1	3
516	0.602916	43.2709	47	0.920658	-0.01179	0.0170168	-1	-1	3
517	0.602916	43.0042	47	0.914983	0.00206663	0.0172731	-1	-1	3
518	0.602916	39.4654	47	0.839689	-0.00957386	0.0170566	-1	-1	3
519	0.602916	59.2368	47	1.26036	-0.0563305	0.0161241	-1	-1	3
520	0.602916	41.7156	47	0.887566	-0.102272	0.0151741	-1	-1	3
521	0.602916	42.5686	47	0.905716	-0.122033	0.0148117	-1	-1	3
522	0.602916	43.1583	47	0.918261	-0.142228	0.0144306	-1	-1	3
523	0.602916	36.0923	47	0.76792	-0.161313	0.0140503	-1	-1	3
524	0.602916	61.5684	47	1.30997	-0.212019	0.0131163	-1	-1	3
525	0.602916	46.9683	47	0.999325	-0.195732	0.0134158	-1	-1	3
526	0.602916	71.5359	47	1.52204	-0.210183	0.0131637	-1	-1	3
527	0.602916	118.424	47	2.51966	0.807382	0.0380323	-1	-1	3
528	0.602916	79.6069	47	1.69376	0.393126	0.0263486	-1	-1	3
529	0.602916	87.1856	47	1.85501	0.408644	0.0267676	-1	-1	3
530	0.602916	79.8974	47	1.69995	0.383915	0.0261338	-1	-1	3
531	0.602916	55.4741	47	1.1803	0.310566	0.024336	-1	-1	3
532	0.602916	54.8861	47	1.16779	0.288889	0.0237961	-1	-1	3
533	0.602916	74.52	47	1.58553	0.251274	0.022833	-1	-1	3
534	0.602916	50.0306	47	1.06448	0.145725	0.0205003	-1	-1	3
535	0.602916	61.2436	47	1.30306	0.207927	0.0218087	-1	-1	3
536	0.602916	36.8337	47	0.783695	0.121335	0.0199701	-1	-1	3
537	0.602916	58.4743	47	1.24413	0.204715	0.0217457	-1	-1	3
538	0.602916	46.7766	47	0.995247	0.158219	0.0206769	-1	-1	3
539	0.602916	59.935	47	1.27521	0.181927	0.0212156	-1	-1	3
540	0.602916	45.5925	47	0.970054	0.154068	0.0206248	-1	-1	3
541	0.602916	84.4314	47	1.79641	0.210693	0.0218101	-1	-1	3
542	0.602916	46.6585	47	0.992734	0.0491804	0.018318	-1	-1	3
543	0.602916	45.2263	47	0.962261	0.0155639	0.0176083	-1	-1	3
544	0.602916	75.9323	47	1.61558	0.134243	0.0200928	-1	-1	3
545	0.602916	48.1868	47	1.02525	0.0413991	0.0181456	-1	-1	3
546	0.602916	94.5819	47	2.01238	0.13165	0.0200427	-1	-1	3
547	0.602916	67.1476	47	1.42867	0.134589	0.0201002	-1	-1	3
548	0.602916	42.644	47	0.907318	-0.0293718	0.0166823	-1	-1	3
549	0.602916	46.2805	47	0.984692	0.00800135	0.0174289	-1	-1	3
550	0.602916	39.8872	47	0.848663	-0.019727	0.0168523	-1	-1	3
551	0.602916	55.535	47	1.1816	-0.0509815	0.0161893	-1	-1	3
552	0.602916	55.2423	47	1.17537	-0.0585707	0.0160514	-1	-1	3
553	0.602916	35.1245	47	0.747329	-0.0656961	0.0159168	-1	-1	3
554	0.602916	54.9446	47	1.16903	-0.0459178	0.0162605	-1	-1	3
555	0.602916	34.4821	47	0.733661	-0.109654	0.0150735	-1	-1	3
556	0.602916	184.696	47	3.9297	0.683335	0.0342212	-1	-1	3
557	0.602916	128.234	47	2.72839	0.628038	0.0326815	-1	-1	3
558	0.602916	96.7051	47	2.05756	0.574925	0.0312168	-1	-1	3
559	0.602916	99.8382	47	2.12422	0.503494	0.0292728	-1	-1	3
560	0.602916	45.9995	47	0.978713	0.313231	0.0244842	-1	-1	3
561	0.602916	158.809	47	3.37892	0.448894	0.0277186	-1	-1	3
562	0.602916	45.8558	47	0.975655	0.251681	0.0229148	-1	-1	3
563	0.602916	59.0449	47	1.25628	0.213786	0.0219919	-1	-1	3
564	0.602916	57.2147	47	1.21733	0.239522	0.0226249	-1	-1	3
565	0.602916	56.1152	47	1.19394	0.215143	0.022037	-1	-1	3
566	0.602916	132.526	47	2.81971	0.325151	0.0245776	-1	-1	3
567	0.602916	36.5958	47	0.778634	0.198254	0.0216811	-1	-1	3
568	0.602916	108.278	47	2.30378	0.285733	0.0236336	-1	-1	3
569	0.602916	74.4336	47	1.58369	0.260247	0.02303	-1	-1	3
570	0.602916	56.0614	47	1.1928	0.226805	0.022253	-1	-1	3
571	0.602916	89.4825	47	1.90388	0.171198	0.0209444	-1	-1	3
572	0.602916	59.6789	47	1.26976	0.148501	0.0204342	-1	-1	3
573	0.602916	67.2802	47	1.43149	0.151055	0.0205038	-1	-1	3
574	0.602916	56.0876	47	1.19335	0.126849	0.0199659	-1	-1	3
575	0.602916	148.104	47	3.15115	0.246514	0.0226197	-1	-1	3
576	0.602916	40.8219	47	0.868551	0.0986373	0.0193777	-1	-1	3
577	0.602916	42.2026	47	0.897927	0.0382074	0.018048	-1	-1	3
578	0.602916	59.4383	47	1.26464	0.0081126	0.0173731	-1	-1	3
579	0.602916	54.767	47	1.16526	-0.0246863	0.0167213	-1	-1	3
580	0.602916	38.7012	47	0.823431	-0.0816861	0.0156037	-1	-1	3
581	0.602916	57.7213	47	1.22811	-0.0471422	0.0162128	-1	-1	3
582	0.602916	32.0975	47	0.682926	-0.0805228	0.0156193	-1	-1	3
583	0.602916	32.8649	47	0.699254	-0.115327	0.0149534	-1	-1	3
584	0.602916	42.8662	47	0.912046	-0.158562	0.0140781	-1	-1	3
585	0.602916	149.403	47	3.17878	0.86017	0.0396575	-1	-1	3
586	0.602916	95.2877	47	2.0274	0.466207	0.0282514	-1	-1	3
587	0.602916	63.4936	47	1.35093	0.325904	0.0246808	-1	-1	3
588	0.602916	50.199	47	1.06806	0.154777	0.0206638	-1	-1	3
589	0.602916	96.3825	47	2.05069	0.24977	0.0227596	-1	-1	3
590	0.602916	44.1717	47	0.939824	0.164473	0.0209167	-1	-1	3
591	0.602916	49.9458	47	1.06268	0.173041	0.0210198	-1	-1	3
592	0.602916	71.2261	47	1.51545	0.0765919	0.0189696	-1	-1	3
593	0.602916	59.4247	47	1.26436	0.159276	0.0207017	-1	-1	3
594	0.602916	54.0487	47	1.14997	0.153423	0.0205793	-1	-1	3
595	0.602916	52.1298	47	1.10914	0.0924372	0.019287	-1	-1	3
596	0.602916	67.5932	47	1.43815	0.104217	0.0194791	-1	-1	3
597	0.602916	38.634	47	0.822	0.0616672	0.018565	-1	-1	3
598	0.602916	50.336	47	1.07098	0.0439667	0.0182119	-1	-1	3
599	0.602916	54.0242	47	1.14945	-0.0111622	0.0169791	-1	-1	3
600	0.602916	68.3452	47	1.45415	-0.0652515	0.0159733	-1	-1	3
601	0.602916	51.094	47	1.08711	-0.00506654	0.0171244	-1	-1	3
602	0.602916	41.6807	47	0.886823	-0.0262368	0.0167096	-1	-1	3
603	0.602916	59.7127	47	1.27048	-0.0631799	0.0159312	-1	-1	3
604	0.602916	61.815	47	1.31521	-0.0681512	0.0158546	-1	-1	3
605	0.602916	39.5531	47	0.841555	-0.136784	0.0144969	-1	-1	3
606	0.602916	109.706	47	2.33417	0.564142	0.0308958	-1	-1	3
607	0.602916	50.1282	47	1.06656	0.351886	0.0254388	-1	-1	3
608	0.602916	148.752	47	3.16494	0.420025	0.0270173	-1	-1	3
609	0.602916	42.7928	47	0.910486	0.281048	0.023709	-1	-1	3
610	0.602916	90.3503	47	1.92235	0.366085	0.0256706	-1	-1	3
611	0.602916	45.5384	47	0.968903	0.270712	0.0234295	-1	-1	3
612	0.602916	75.9151	47	1.61522	0.252556	0.022921	-1	-1	3
613	0.602916	41.3865	47	0.880564	0.137777	0.0202657	-1	-1	3
614	0.602916	88.2221	47	1.87707	0.263846	0.023109	-1	-1	3
615	0.602916	44.5563	47	0.948006	0.124083	0.0199927	-1	-1	3
616	0.602916	78.3566	47	1.66716	0.262508	0.0231174	-1	-1	3
617	0.602916	83.69	47	1.78064	0.173512	0.0210112	-1	-1	3
618	0.602916	49.4968	47	1.05312	0.173199	0.0210255	-1	-1	3
619	0.602916	39.3696	47	0.837652	0.054081	0.0184238	-1	-1	3
620	0.602916	37.1678	47	0.790805	0.0569872	0.0184844	-1	-1	3
621	0.602916	63.2574	47	1.3459	0.0736602	0.0188377	-1	-1	3
622	0.602916	79.0758	47	1.68246	0.0769451	0.0188283	-1	-1	3
623	0.602916	57.8329	47	1.23049	0.0224557	0.0176705	-1	-1	3
624	0.602916	60.0152	47	1.27692	0.00143582	0.0172743	-1	-1	3
625	0.602916	44.4257	47	0.945229	-0.16765	0.0139622	-1	-1	3
626	0.602916	98.4328	47	2.09431	0.561929	0.0308555	-1	-1	3
627	0.602916	114.22	47	2.43022	0.518852	0.0296687	-1	-1	3
628	0.602916	68.5583	47	1.45869	0.327709	0.0248097	-1	-1	3
629	0.602916	109.646	47	2.3329	0.396744	0.026465	-1	-1	3
630	0.602916	48.1238	47	1.02391	0.199454	0.0217848	-1	-1	3
631	0.602916	76.443	47	1.62645	0.271035	0.0233346	-1	-1	3
632	0.602916	118.11	47	2.51297	0.383526	0.0260518	-1	-1	3
633	0.602916	130.632	47	2.7794	0.356466	0.0253657	-1	-1	3
634	0.602916	56.8906	47	1.21044	0.216935	0.0221008	-1	-1	3
635	0.602916	176.391	47	3.75299	0.278306	0.0234077	-1	-1	3
636	0.602916	73.8895	47	1.57212	0.086917	0.0191215	-1	-1	3
637	0.602916	87.2041	47	1.85541	0.127122	0.0199291	-1	-1	3
638	0.602916	44.4564	47	0.945881	-0.0371756	0.0165261	-1	-1	3
639	0.602916	69.1994	47	1.47233	0.0277922	0.0178074	-1	-1	3
640	0.602916	56.2121	47	1.196	-0.106384	0.0151725	-1	-1	3
641	0.602916	45.9064	47	0.976731	-0.0483473	0.0162607	-1	-1	3
642	0.602916	57.9668	47	1.23334	-0.25553	0.012364	-1	-1	3
643	0.602916	92.4919	47	1.96791	0.567222	0.0310697	-1	-1	3
644	0.602916	137.657	47	2.92886	0.453164	0.0278989	-1	-1	3
645	0.602916	95.6674	47	2.03548	0.402025	0.0266091	-1	-1	3
646	0.602916	62.9328	47	1.339	0.377078	0.0259781	-1	-1	3
647	0.602916	56.1062	47	1.19375	0.265997	0.0232764	-1	-1	3
648	0.602916	170.701	47	3.63193	0.358185	0.0253833	-1	-1	3
649	0.602916	71.8843	47	1.52945	0.257365	0.0229969	-1	-1	3
650	0.602916	129.644	47	2.75839	0.242159	0.0225763	-1	-1	3
651	0.602916	91.8346	47	1.95393	0.261709	0.0230839	-1	-1	3
652	0.602916	74.8015	47	1.59152	0.21361	0.021959	-1	-1	3
653	0.602916	95.1434	47	2.02433	0.191819	0.02143	-1	-1	3
654	0.602916	44.5661	47	0.948215	0.141837	0.0203275	-1	-1	3
655	0.602916	55.15	47	1.1734	0.138623	0.0202691	-1	-1	3
656	0.602916	58.0139	47	1.23434	0.0423406	0.0182555	-1	-1	3
657	0.602916	91.6194	47	1.94935	0.122343	0.0198985	-1	-1	3
658	0.602916	40.6871	47	0.865683	0.0946145	0.0193017	-1	-1	3
659	0.602916	129.272	47	2.75047	0.155054	0.0205384	-1	-1	3
660	0.602916	92.4717	47	1.96748	0.0969001	0.0192694	-1	-1	3
661	0.602916	62.6216	47	1.33237	0.0275514	0.017809	-1	-1	3
662	0.602916	53.2181	47	1.1323	-0.143532	0.0144305	-1	-1	3
663	0.602916	64.2891	47	1.36785	-0.182014	0.0137184	-1	-1	3
664	0.602916	162.226	47	3.45161	0.736923	0.0359364	-1	-1	3
665	0.602916	63.3932	47	1.34879	0.33196	0.0249691	-1	-1	3
666	0.602916	135.34	47	2.87957	0.409927	0.0268196	-1	-1	3
667	0.602916	76.9091	47	1.63636	0.229003	0.0224647	-1	-1	3
668	0.602916	82.8928	47	1.76368	0.406466	0.0267723	-1	-1	3
669	0.602916	95.3898	47	2.02957	0.281606	0.023631	-1	-1	3
670	0.602916	69.0753	47	1.46969	0.264534	0.0232138	-1	-1	3
671	0.602916	136.92	47	2.9132	0.324288	0.024558	-1	-1	3
672	0.602916	53.896	47	1.14672	0.144087	0.0204682	-1	-1	3
673	0.602916	95.19	47	2.02532	0.272095	0.0233352	-1	-1	3
674	0.602916	89.786	47	1.91034	0.185079	0.021279	-1	-1	3
675	0.602916	84.6216	47	1.80046	0.215929	0.022042	-1	-1	3
676	0.602916	58.5705	47	1.24618	0.151754	0.0205726	-1	-1	3
677	0.602916	63.414	47	1.34923	0.0617334	0.0186531	-1	-1	3
678	0.602916	61.1927	47	1.30197	0.121809	0.0198962	-1	-1	3
679	0.602916	48.0463	47	1.02226	0.02372	0.0178021	-1	-1	3
680	0.602916	45.9877	47	0.978461	-0.0907463	0.0154179	-1	-1	3
681	0.602916	52.8068	47	1.12355	-0.08227	0.0156292	-1	-1	3
682	0.602916	134.972	47	2.87174	0.773255	0.0370969	-1	-1	3
683	0.602916	153.002	47	3.25535	0.567348	0.0310472	-1	-1	3
684	0.602916	106.739	47	2.27104	0.406205	0.0267426	-1	-1	3
685	0.602916	95.3867	47	2.0295	0.376636	0.0260138	-1	-1	3
686	0.602916	107.783	47	2.29325	0.35204	0.0253314	-1	-1	3
687	0.602916	53.1279	47	1.13038	0.138898	0.0203638	-1	-1	3
688	0.602916	28.4396	47	0.605098	0.152334	0.0206797	-1	-1	3
689	0.602916	93.0505	47	1.9798	0.17636	0.0210983	-1	-1	3
690	0.602916	75.0569	47	1.59696	0.128074	0.0200288	-1	-1	3
691	0.602916	50.0374	47	1.06463	0.123267	0.0199697	-1	-1	3
692	0.602916	65.634	47	1.39647	0.110527	0.019641	-1	-1	3
693	0.602916	47.724	47	1.0154	0.0364111	0.0180624	-1	-1	3
694	0.602916	62.6686	47	1.33337	-0.0299514	0.0166632	-1	-1	3
695	0.602916	105.919	47	2.2536	0.828611	0.0388676	-1	-1	3
696	0.602916	209.691	47	4.46152	0.781779	0.0372512	-1	-1	3
697	0.602916	140.703	47	2.99367	0.770747	0.0370274	-1	-1	3
698	0.602916	98.2617	47	2.09068	0.590397	0.0318293	-1	-1	3
699	0.602916	92.1512	47	1.96066	0.582233	0.0315665	-1	-1	3
700	0.602916	88.4887	47	1.88274	0.507362	0.029519	-1	-1	3
701	0.602916	78.2091	47	1.66402	0.427803	0.0273685	-1	-1	3
702	0.602916	159.608	47	3.39591	0.549143	0.0305394	-1	-1	3
703	0.602916	110.257	47	2.3459	0.310204	0.0243142	-1	-1	3
704	0.602916	54.221	47	1.15364	0.257182	0.0231736	-1	-1	3
705	0.602916	71.2388	47	1.51572	0.374154	0.02597	-1	-1	3
706	0.602916	72.1918	47	1.536	0.291864	0.0239509	-1	-1	3
707	0.602916	58.4241	47	1.24307	0.261034	0.0232084	-1	-1	3
708	0.602916	34.0973	47	0.725474	0.169817	0.021076	-1	-1	3
709	0.602916	66.0197	47	1.40468	0.129667	0.0201293	-1	-1	3
710	0.602916	100.591	47	2.14023	0.234692	0.0224893	-1	-1	3
711	0.602916	90.627	47	1.92823	0.0996116	0.019443	-1	-1	3
712	0.602916	64.2139	47	1.36625	0.0431858	0.0182035	-1	-1	3
713	0.602916	79.8717	47	1.6994	-0.0383887	0.0166263	-1	-1	3
714	0.602916	110.674	47	2.35476	0.121009	0.0198319	-1	-1	3
715	0.602916	47.8889	47	1.01891	0.0245218	0.0178395	-1	-1	3
716	0.602916	46.2536	47	0.984118	-0.0734576	0.0158397	-1	-1	3
717	0.602916	57.7654	47	1.22905	-0.0832683	0.0155975	-1	-1	3
718	0.602916	67.1727	47	1.42921	-0.129992	0.0147182	-1	-1	3
719	0.602916	57.1254	47	1.21543	0.472613	0.0287469	-1	-1	3
720	0.602916	104.449	47	2.22233	0.589615	0.0318169	-1	-1	3
721	0.602916	94.283	47	2.00602	0.56907	0.0312475	-1	-1	3
722	0.602916	82.2177	47	1.74931	0.533525	0.0302698	-1	-1	3
723	0.602916	80.0147	47	1.70244	0.515342	0.0297648	-1	-1	3
724	0.602916	135.484	47	2.88264	0.507241	0.0294817	-1	-1	3
725	0.602916	125.476	47	2.66971	0.432329	0.0274724	-1	-1	3
726	0.602916	84.9484	47	1.80741	0.420159	0.0271945	-1	-1	3
727	0.602916	103.021	47	2.19194	0.354692	0.025522	-1	-1	3
728	0.602916	119.187	47	2.53589	0.329741	0.0248633	-1	-1	3
729	0.602916	40.7623	47	0.867283	0.147715	0.0206407	-1	-1	3
730	0.602916	67.6483	47	1.43932	0.258988	0.0231717	-1	-1	3
731	0.602916	68.5364	47	1.45822	0.230417	0.0224945	-1	-1	3
732	0.602916	37.0687	47	0.788696	0.176971	0.0212667	-1	-1	3
733	0.602916	42.3291	47	0.900619	0.101695	0.0195749	-1	-1	3
734	0.602916	76.8547	47	1.63521	0.131181	0.0201576	-1	-1	3
735	0.602916	69.2828	47	1.4741	0.0698028	0.0188073	-1	-1	3
736	0.602916	37.6396	47	0.800842	0.0967768	0.0194162	-1	-1	3
737	0.602916	65.8589	47	1.40125	0.0625399	0.0186514	-1	-1	3
738	0.602916	61.8392	47	1.31573	-0.0400038	0.0165327	-1	-1	3
739	0.602916	73.7263	47	1.56865	-0.00899546	0.0171115	-1	-1	3
740	0.602916	86.4339	47	1.83902	0.635386	0.033256	-1	-1	3
741	0.602916	158.981	47	3.38258	0.721074	0.0356125	-1	-1	3
742	0.602916	160.006	47	3.40438	0.704811	0.035138	-1	-1	3
743	0.602916	137.232	47	2.91983	0.59887	0.0320985	-1	-1	3
744	0.602916	114.46	47	2.43532	0.549674	0.0307398	-1	-1	3
745	0.602916	109.414	47	2.32795	0.553704	0.0308485	-1	-1	3
746	0.602916	158.029	47	3.36233	0.514943	0.0297247	-1	-1	3
747	0.602916	180.206	47	3.83418	0.42627	0.0272879	-1	-1	3
748	0.602916	174.422	47	3.7111	0.488413	0.0289512	-1	-1	3
749	0.602916	86.6501	47	1.84362	0.294266	0.0240596	-1	-1	3
750	0.602916	77.163	47	1.64177	0.255512	0.0231382	-1	-1	3
751	0.602916	71.1	47	1.51277	0.178487	0.0213152	-1	-1	3
752	0.602916	121.829	47	2.59211	0.22478	0.0223204	-1	-1	3
753	0.602916	97.7016	47	2.07876	0.242103	0.0227512	-1	-1	3
754	0.602916	70.2722	47	1.49515	0.0245496	0.0178795	-1	-1	3
755	0.602916	37.0793	47	0.788922	-0.0468535	0.0164115	-1	-1	3
756	0.602916	73.2866	47	1.55929	-0.155639	0.0142452	-1	-1	3
757	0.602916	216.223	47	4.6005	0.692423	0.0347666	-1	-1	3
758	0.602916	168.936	47	3.59438	0.767478	0.0371128	-1	-1	3
759	0.602916	182.208	47	3.87676	0.595846	0.032034	-1	-1	3
760	0.602916	88.885	47	1.89117	0.547377	0.0307916	-1	-1	3
761	0.602916	114.363	47	2.43325	0.504843	0.0295961	-1	-1	3
762	0.602916	124.593	47	2.65091	0.418479	0.0272436	-1	-1	3
763	0.602916	61.7948	47	1.31478	0.324824	0.0249254	-1	-1	3
764	0.602916	63.2313	47	1.34535	0.292254	0.024085	-1	-1	3
765	0.602916	91.0369	47	1.93696	0.211952	0.0221273	-1	-1	3
766	0.602916	33.5156	47	0.713098	0.0355083	0.0182064	-1	-1	3
767	0.602916	49.8938	47	1.06157	0.000766704	0.017426	-1	-1	3
768	0.602916	83.2931	47	1.77219	0.0126851	0.0176032	-1	-1	3
769	0.602916	200.678	47	4.26975	0.785782	0.0376944	-1	-1	3
770	0.602916	73.7912	47	1.57002	0.57499	0.0317194	-1	-1	3
771	0.602916	114.073	47	2.42708	0.556428	0.0310849	-1	-1	3
772	0.602916	135.079	47	2.87403	0.509223	0.0296695	-1	-1	3
773	0.602916	198.301	47	4.21917	0.483911	0.0289572	-1	-1	3
774	0.602916	132.247	47	2.81376	0.396463	0.0266827	-1	-1	3
775	0.602916	137.794	47	2.93179	0.324832	0.0248433	-1	-1	3
776	0.602916	79.5156	47	1.69182	0.307052	0.0244912	-1	-1	3
777	0.602916	90.0341	47	1.91562	0.254964	0.0232171	-1	-1	3
778	0.602916	89.9142	47	1.91307	0.133939	0.0203437	-1	-1	3
779	0.602916	53.6796	47	1.14212	-0.0781259	0.0158173	-1	-1	3
780	0.602916	104.77	47	2.22915	-0.00600949	0.0174109	-1	-1	3
781	0.602916	69.1411	47	1.47109	-0.00327108	0.017396	-1	-1	3
782	0.602916	89.8553	47	1.91182	-0.0887906	0.0156811	-1	-1	3
783	0.602916	50.7841	47	1.08051	-0.106575	0.0152721	-1	-1	3
784	0.602916	82.6613	47	1.75875	-0.189952	0.0136662	-1	-1	3
785	0.602916	95.9076	47	2.04059	-0.184432	0.0137952	-1	-1	3
786	0.602916	135.454	47	2.882	-0.235439	0.012874	-1	-1	3
787	0.602916	159.517	47	3.39399	-0.255485	0.0125187	-1	-1	3
788	0.602916	131.817	47	2.80462	-0.267623	0.0122989	-1	-1	3
789	0.602916	86.525	47	1.84096	-0.265233	0.0122982	-1	-1	3
