1	0.603786	56.7596	47	1.20765	-0.071889	0.0172941	-1	-1	3
2	0.603786	43.9978	47	0.936124	-0.140315	0.0158486	-1	-1	3
3	0.603786	48.4098	47	1.03	-0.144228	0.0157392	-1	-1	3
4	0.603786	104.29	47	2.21893	-0.285378	0.0129985	-1	-1	3
5	0.603786	65.0376	47	1.38378	-0.277474	0.0131186	-1	-1	3
6	0.603786	73.7978	47	1.57017	-0.308107	0.0125336	-1	-1	3
7	0.603786	81.9185	47	1.74295	-0.331747	0.0120981	-1	-1	3
8	0.603786	85.4358	47	1.81778	-0.334672	0.0120552	-1	-1	3
9	0.603786	88.8874	47	1.89122	-0.397924	0.0109255	-1	-1	3
10	0.603786	138.924	47	2.95584	-0.421682	0.0105167	-1	-1	3
11	0.603786	139.268	47	2.96315	-0.446805	0.0100969	-1	-1	3
12	0.603786	170.742	47	3.6328	-0.44812	0.0100814	-1	-1	3
13	0.603786	114.956	47	2.44586	-0.441899	0.0101535	-1	-1	3
14	0.603786	42.3431	47	0.900918	0.0311823	0.0196158	-1	-1	3
15	0.603786	54.0799	47	1.15064	-0.149663	0.0156425	-1	-1	3
16	0.603786	76.9566	47	1.63737	-0.203311	0.0145889	-1	-1	3
17	0.603786	79.2476	47	1.68612	-0.192186	0.0148162	-1	-1	3
18	0.603786	65.5198	47	1.39404	-0.303245	0.0126089	-1	-1	3
19	0.603786	50.6957	47	1.07863	-0.252416	0.0135367	-1	-1	3
20	0.603786	124.875	47	2.65691	-0.335789	0.0120635	-1	-1	3
21	0.603786	140.806	47	2.99588	-0.3621	0.0115676	-1	-1	3
22	0.603786	124.884	47	2.6571	-0.399242	0.0108961	-1	-1	3
23	0.603786	135.259	47	2.87786	-0.418884	0.0105468	-1	-1	3
24	0.603786	184.249	47	3.92019	-0.448774	0.0100682	-1	-1	3
25	0.603786	136.95	47	2.91383	-0.457603	0.00990933	-1	-1	3
26	0.603786	99.825	47	2.12394	-0.409053	0.0106949	-1	-1	3
27	0.603786	183.958	47	3.91399	-0.485609	0.00946005	-1	-1	3
28	0.603786	164.01	47	3.48958	-0.510657	0.00903833	-1	-1	3
29	0.603786	52.9817	47	1.12727	-0.138224	0.0159106	-1	-1	3
30	0.603786	47.1394	47	1.00297	-0.18106	0.0150099	-1	-1	3
31	0.603786	62.0982	47	1.32124	-0.232841	0.0139752	-1	-1	3
32	0.603786	68.8704	47	1.46533	-0.243164	0.0137465	-1	-1	3
33	0.603786	126.325	47	2.68778	-0.316438	0.0124216	-1	-1	3
34	0.603786	72.0952	47	1.53394	-0.311863	0.0124414	-1	-1	3
35	0.603786	59.6876	47	1.26995	-0.302672	0.0126005	-1	-1	3
36	0.603786	131.525	47	2.79839	-0.36314	0.0115489	-1	-1	3
37	0.603786	71.3429	47	1.51793	-0.329025	0.0121113	-1	-1	3
38	0.603786	158.248	47	3.36697	-0.414993	0.010653	-1	-1	3
39	0.603786	119.649	47	2.54572	-0.388702	0.0110754	-1	-1	3
40	0.603786	116.103	47	2.47027	-0.43236	0.0103153	-1	-1	3
41	0.603786	119.454	47	2.54157	-0.435906	0.0102656	-1	-1	3
42	0.603786	37.7479	47	0.803148	0.0137791	0.0192138	-1	-1	3
43	0.603786	57.427	47	1.22185	-0.106052	0.0165482	-1	-1	3
44	0.603786	52.507	47	1.11717	-0.195328	0.0147007	-1	-1	3
45	0.603786	86.2286	47	1.83465	-0.2758	0.0131579	-1	-1	3
46	0.603786	54.8273	47	1.16654	-0.185569	0.0148809	-1	-1	3
47	0.603786	47.4152	47	1.00883	-0.279698	0.0130148	-1	-1	3
48	0.603786	56.1092	47	1.19381	-0.268652	0.0132574	-1	-1	3
49	0.603786	66.8839	47	1.42306	-0.332627	0.0120471	-1	-1	3
50	0.603786	89.0368	47	1.8944	-0.353129	0.0117126	-1	-1	3
51	0.603786	120.047	47	2.5542	-0.363542	0.0115325	-1	-1	3
52	0.603786	142.448	47	3.0308	-0.364677	0.0115329	-1	-1	3
53	0.603786	74.7201	47	1.58979	-0.374893	0.0112929	-1	-1	3
54	0.603786	65.7076	47	1.39803	-0.401766	0.0108215	-1	-1	3
55	0.603786	168.697	47	3.5893	-0.455028	0.00994185	-1	-1	3
56	0.603786	57.0948	47	1.21478	-0.0571345	0.0175568	-1	-1	3
57	0.603786	38.4345	47	0.817754	-0.0984751	0.0166789	-1	-1	3
58	0.603786	41.2427	47	0.877505	-0.16302	0.0153308	-1	-1	3
59	0.603786	45.1837	47	0.961355	-0.158053	0.015462	-1	-1	3
60	0.603786	56.1025	47	1.19367	-0.183535	0.014938	-1	-1	3
61	0.603786	58.7108	47	1.24917	-0.159236	0.0154387	-1	-1	3
62	0.603786	40.2085	47	0.8555	-0.200474	0.0145555	-1	-1	3
63	0.603786	107.166	47	2.28013	-0.264234	0.0133649	-1	-1	3
64	0.603786	47.2295	47	1.00488	-0.241886	0.0137371	-1	-1	3
65	0.603786	123.688	47	2.63166	-0.338914	0.0119975	-1	-1	3
66	0.603786	169.698	47	3.6106	-0.348152	0.0118306	-1	-1	3
67	0.603786	96.1743	47	2.04626	-0.322397	0.0122596	-1	-1	3
68	0.603786	121.796	47	2.59141	-0.376115	0.0113006	-1	-1	3
69	0.603786	48.2442	47	1.02647	-0.322273	0.0122049	-1	-1	3
70	0.603786	105.728	47	2.24953	-0.388607	0.0110615	-1	-1	3
71	0.603786	147.772	47	3.14408	-0.370506	0.0114133	-1	-1	3
72	0.603786	139.202	47	2.96175	-0.411467	0.0106888	-1	-1	3
73	0.603786	190.849	47	4.06062	-0.440982	0.0102022	-1	-1	3
74	0.603786	87.6096	47	1.86403	-0.428254	0.0103712	-1	-1	3
75	0.603786	131.242	47	2.79238	-0.428066	0.0103884	-1	-1	3
76	0.603786	151.869	47	3.23126	-0.449996	0.0100212	-1	-1	3
77	0.603786	47.3898	47	1.00829	-0.0685472	0.0173721	-1	-1	3
78	0.603786	57.7053	47	1.22777	-0.0854603	0.0169973	-1	-1	3
79	0.603786	100.941	47	2.14767	-0.170724	0.0152508	-1	-1	3
80	0.603786	33.5683	47	0.71422	-0.101397	0.0166123	-1	-1	3
81	0.603786	71.3345	47	1.51775	-0.185601	0.0149279	-1	-1	3
82	0.603786	62.2966	47	1.32546	-0.213962	0.0143212	-1	-1	3
83	0.603786	54.6224	47	1.16218	-0.229928	0.0140123	-1	-1	3
84	0.603786	90.2982	47	1.92124	-0.232664	0.013975	-1	-1	3
85	0.603786	69.3999	47	1.47659	-0.233575	0.0139293	-1	-1	3
86	0.603786	42.5775	47	0.905903	-0.226421	0.0139949	-1	-1	3
87	0.603786	111.369	47	2.36955	-0.277574	0.0131217	-1	-1	3
88	0.603786	82.7341	47	1.7603	-0.271926	0.0132161	-1	-1	3
89	0.603786	39.7567	47	0.845887	-0.230426	0.0139513	-1	-1	3
90	0.603786	83.7053	47	1.78096	-0.269708	0.0132421	-1	-1	3
91	0.603786	56.743	47	1.2073	-0.279831	0.013035	-1	-1	3
92	0.603786	125.436	47	2.66886	-0.337212	0.0119843	-1	-1	3
93	0.603786	63.9553	47	1.36075	-0.33284	0.0120328	-1	-1	3
94	0.603786	79.6273	47	1.6942	-0.408804	0.0106882	-1	-1	3
95	0.603786	87.3296	47	1.85808	-0.439294	0.0101579	-1	-1	3
96	0.603786	61.19	47	1.30192	0.276926	0.0256981	-1	-1	3
97	0.603786	39.472	47	0.83983	-0.00379573	0.0187692	-1	-1	3
98	0.603786	64.0098	47	1.36191	-0.148237	0.0156576	-1	-1	3
99	0.603786	52.1179	47	1.10889	-0.204311	0.0144942	-1	-1	3
100	0.603786	57.2835	47	1.2188	-0.215306	0.0142784	-1	-1	3
101	0.603786	55.8454	47	1.1882	-0.249327	0.0136043	-1	-1	3
102	0.603786	56.9167	47	1.21099	-0.223819	0.0140693	-1	-1	3
103	0.603786	88.9426	47	1.8924	-0.295364	0.0127723	-1	-1	3
104	0.603786	83.6986	47	1.78082	-0.31369	0.0124207	-1	-1	3
105	0.603786	66.4244	47	1.41328	-0.281955	0.0129634	-1	-1	3
106	0.603786	70.797	47	1.50632	-0.293057	0.012789	-1	-1	3
107	0.603786	87.3757	47	1.85906	-0.33768	0.01197	-1	-1	3
108	0.603786	74.3708	47	1.58236	-0.381463	0.0111762	-1	-1	3
109	0.603786	87.3168	47	1.8578	-0.36938	0.0113941	-1	-1	3
110	0.603786	52.9632	47	1.12688	-0.335066	0.0119699	-1	-1	3
111	0.603786	146.765	47	3.12267	-0.393476	0.010983	-1	-1	3
112	0.603786	61.3778	47	1.30591	-0.360926	0.0115112	-1	-1	3
113	0.603786	91.7139	47	1.95136	-0.452329	0.0099674	-1	-1	3
114	0.603786	54.2737	47	1.15476	0.316965	0.0267214	-1	-1	3
115	0.603786	71.1733	47	1.51433	-0.0934609	0.0168087	-1	-1	3
116	0.603786	62.0931	47	1.32113	-0.111435	0.0164175	-1	-1	3
117	0.603786	33.7664	47	0.718433	-0.158432	0.0153885	-1	-1	3
118	0.603786	37.4106	47	0.795969	-0.180768	0.0149529	-1	-1	3
119	0.603786	50.6303	47	1.07724	-0.213987	0.0143153	-1	-1	3
120	0.603786	92.0034	47	1.95752	-0.268004	0.0132942	-1	-1	3
121	0.603786	68.8853	47	1.46565	-0.282591	0.0129612	-1	-1	3
122	0.603786	47.6751	47	1.01436	-0.317306	0.0123064	-1	-1	3
123	0.603786	135.397	47	2.88078	-0.36623	0.011488	-1	-1	3
124	0.603786	44.3726	47	0.944097	-0.276041	0.0130518	-1	-1	3
125	0.603786	97.5773	47	2.07611	-0.339374	0.0119242	-1	-1	3
126	0.603786	74.3886	47	1.58274	-0.354461	0.0116528	-1	-1	3
127	0.603786	54.7352	47	1.16458	-0.33948	0.0118788	-1	-1	3
128	0.603786	95.9775	47	2.04208	-0.366645	0.0114424	-1	-1	3
129	0.603786	121.492	47	2.58494	-0.371129	0.0113746	-1	-1	3
130	0.603786	100.73	47	2.1432	-0.415688	0.0105923	-1	-1	3
131	0.603786	79.7398	47	1.69659	-0.383747	0.0111076	-1	-1	3
132	0.603786	157.352	47	3.34791	-0.43512	0.0102654	-1	-1	3
133	0.603786	113.55	47	2.41595	-0.417243	0.0105551	-1	-1	3
134	0.603786	108.425	47	2.30692	-0.440805	0.0101364	-1	-1	3
135	0.603786	137.389	47	2.92316	-0.456684	0.00988386	-1	-1	3
136	0.603786	134.353	47	2.85857	-0.479682	0.00949675	-1	-1	3
137	0.603786	43.5148	47	0.925846	0.116135	0.0215728	-1	-1	3
138	0.603786	54.986	47	1.16992	0.0577876	0.0201834	-1	-1	3
139	0.603786	52.509	47	1.11721	-0.0533722	0.0176392	-1	-1	3
140	0.603786	43.9173	47	0.934412	-0.108658	0.0164726	-1	-1	3
141	0.603786	68.8516	47	1.46493	-0.0852693	0.0169858	-1	-1	3
142	0.603786	66.2668	47	1.40993	-0.138561	0.0158833	-1	-1	3
143	0.603786	69.5955	47	1.48076	-0.131766	0.0159505	-1	-1	3
144	0.603786	34.1405	47	0.726393	-0.141425	0.0157354	-1	-1	3
145	0.603786	60.1672	47	1.28015	-0.201019	0.0145533	-1	-1	3
146	0.603786	58.7274	47	1.24952	-0.212619	0.0143258	-1	-1	3
147	0.603786	64.3535	47	1.36922	-0.242767	0.0137521	-1	-1	3
148	0.603786	82.2718	47	1.75046	-0.320893	0.012275	-1	-1	3
149	0.603786	53.4905	47	1.1381	-0.273805	0.0131142	-1	-1	3
150	0.603786	53.0791	47	1.12934	-0.310218	0.0124481	-1	-1	3
151	0.603786	85.9794	47	1.82935	-0.352498	0.0117084	-1	-1	3
152	0.603786	72.4228	47	1.54091	-0.343745	0.011827	-1	-1	3
153	0.603786	63.6701	47	1.35468	-0.348241	0.0117552	-1	-1	3
154	0.603786	121.595	47	2.58712	-0.343671	0.0118523	-1	-1	3
155	0.603786	48.4436	47	1.03071	-0.315313	0.0123086	-1	-1	3
156	0.603786	108.509	47	2.30871	-0.354547	0.0116556	-1	-1	3
157	0.603786	93.7707	47	1.99512	-0.371334	0.0113573	-1	-1	3
158	0.603786	120.471	47	2.56322	-0.412649	0.010633	-1	-1	3
159	0.603786	155.713	47	3.31304	-0.442922	0.0101323	-1	-1	3
160	0.603786	139.534	47	2.9688	-0.478957	0.00951826	-1	-1	3
161	0.603786	59.4512	47	1.26492	0.0224836	0.0193422	-1	-1	3
162	0.603786	35.9946	47	0.765842	-0.000992937	0.0188562	-1	-1	3
163	0.603786	42.9431	47	0.913682	-0.177084	0.0150138	-1	-1	3
164	0.603786	62.6337	47	1.33263	-0.158667	0.0154121	-1	-1	3
165	0.603786	64.0948	47	1.36372	-0.185554	0.0148687	-1	-1	3
166	0.603786	62.9212	47	1.33875	-0.254384	0.0134938	-1	-1	3
167	0.603786	60.2249	47	1.28138	-0.245737	0.013617	-1	-1	3
168	0.603786	46.9633	47	0.99922	-0.211062	0.0143163	-1	-1	3
169	0.603786	66.4428	47	1.41368	-0.298843	0.012678	-1	-1	3
170	0.603786	37.1104	47	0.789583	-0.283269	0.012903	-1	-1	3
171	0.603786	83.3617	47	1.77365	-0.32724	0.0121518	-1	-1	3
172	0.603786	45.1478	47	0.960592	-0.283058	0.0129372	-1	-1	3
173	0.603786	66.6995	47	1.41914	-0.321664	0.0122269	-1	-1	3
174	0.603786	70.9764	47	1.51014	-0.34598	0.0117888	-1	-1	3
175	0.603786	92.3	47	1.96383	-0.397863	0.0108905	-1	-1	3
176	0.603786	50.0911	47	1.06577	0.354291	0.0277395	-1	-1	3
177	0.603786	57.6618	47	1.22685	0.227373	0.0243045	-1	-1	3
178	0.603786	34.8006	47	0.740438	0.205339	0.0237973	-1	-1	3
179	0.603786	41.32	47	0.879149	0.157068	0.0225464	-1	-1	3
180	0.603786	37.7412	47	0.803005	0.0323533	0.0195742	-1	-1	3
181	0.603786	44.046	47	0.937149	-0.0712206	0.0172909	-1	-1	3
182	0.603786	65.568	47	1.39506	0.0107931	0.0190567	-1	-1	3
183	0.603786	44.8418	47	0.954081	0.0234204	0.0193315	-1	-1	3
184	0.603786	57.3689	47	1.22061	-0.138651	0.0158615	-1	-1	3
185	0.603786	51.9268	47	1.10483	-0.096456	0.0166972	-1	-1	3
186	0.603786	37.8212	47	0.804707	-0.146112	0.0156121	-1	-1	3
187	0.603786	33.1028	47	0.704316	-0.203404	0.0144736	-1	-1	3
188	0.603786	37.783	47	0.803894	-0.209096	0.0143511	-1	-1	3
189	0.603786	44.3538	47	0.943698	-0.217754	0.0141908	-1	-1	3
190	0.603786	78.9242	47	1.67924	-0.248579	0.0136061	-1	-1	3
191	0.603786	41.3158	47	0.87906	-0.265316	0.0132892	-1	-1	3
192	0.603786	73.9014	47	1.57237	-0.277966	0.0130466	-1	-1	3
193	0.603786	42.654	47	0.907531	-0.201146	0.0144787	-1	-1	3
194	0.603786	64.2534	47	1.36709	-0.312737	0.0124094	-1	-1	3
195	0.603786	76.2458	47	1.62225	-0.276701	0.0130627	-1	-1	3
196	0.603786	45.0635	47	0.958798	-0.23012	0.0139258	-1	-1	3
197	0.603786	97.2192	47	2.06849	-0.309337	0.0124838	-1	-1	3
198	0.603786	41.6796	47	0.886799	-0.289942	0.0127827	-1	-1	3
199	0.603786	121.534	47	2.58583	-0.376058	0.0112897	-1	-1	3
200	0.603786	76.0647	47	1.6184	-0.371849	0.0113177	-1	-1	3
201	0.603786	135.567	47	2.88441	-0.408864	0.0107071	-1	-1	3
202	0.603786	129.664	47	2.75881	-0.432845	0.0102944	-1	-1	3
203	0.603786	83.0507	47	1.76704	0.236991	0.0245127	-1	-1	3
204	0.603786	83.8235	47	1.78348	0.114977	0.021445	-1	-1	3
205	0.603786	73.5973	47	1.5659	-0.0128524	0.0184933	-1	-1	3
206	0.603786	37.2856	47	0.793311	-0.0576116	0.0175723	-1	-1	3
207	0.603786	44.0659	47	0.937572	-0.188679	0.014788	-1	-1	3
208	0.603786	78.4139	47	1.66838	-0.0908051	0.0167618	-1	-1	3
209	0.603786	92.9869	47	1.97844	-0.251059	0.0135941	-1	-1	3
210	0.603786	48.4833	47	1.03156	-0.183166	0.0148691	-1	-1	3
211	0.603786	37.4787	47	0.797419	-0.187049	0.0147737	-1	-1	3
212	0.603786	53.1068	47	1.12993	-0.226206	0.0140233	-1	-1	3
213	0.603786	51.6033	47	1.09794	-0.191723	0.0146434	-1	-1	3
214	0.603786	35.2761	47	0.750556	-0.269957	0.0131906	-1	-1	3
215	0.603786	65.5135	47	1.3939	-0.27134	0.01317	-1	-1	3
216	0.603786	68.8163	47	1.46418	-0.302279	0.0125879	-1	-1	3
217	0.603786	104.078	47	2.21444	-0.316657	0.0123358	-1	-1	3
218	0.603786	112.963	47	2.40348	-0.345406	0.0118122	-1	-1	3
219	0.603786	33.1932	47	0.706238	-0.294395	0.0126982	-1	-1	3
220	0.603786	76.5824	47	1.62941	-0.349997	0.0116855	-1	-1	3
221	0.603786	75.5294	47	1.60701	-0.410688	0.0106385	-1	-1	3
222	0.603786	37.1055	47	0.789478	-0.383999	0.0110602	-1	-1	3
223	0.603786	92.2133	47	1.96198	-0.403086	0.0107677	-1	-1	3
224	0.603786	76.282	47	1.62302	-0.448338	0.009995	-1	-1	3
225	0.603786	133.666	47	2.84395	-0.45565	0.00989824	-1	-1	3
226	0.603786	57.33	47	1.21979	0.0641505	0.0203627	-1	-1	3
227	0.603786	67.617	47	1.43866	0.151322	0.0223394	-1	-1	3
228	0.603786	48.7611	47	1.03747	-0.0608961	0.0174328	-1	-1	3
229	0.603786	44.3468	47	0.943549	-0.13192	0.0159351	-1	-1	3
230	0.603786	36.6304	47	0.77937	-0.121579	0.0161507	-1	-1	3
231	0.603786	54.8289	47	1.16657	-0.135734	0.0158649	-1	-1	3
232	0.603786	85.957	47	1.82887	-0.198609	0.0146249	-1	-1	3
233	0.603786	63.0627	47	1.34176	-0.144677	0.0156471	-1	-1	3
234	0.603786	39.3761	47	0.837789	-0.195895	0.0145979	-1	-1	3
235	0.603786	61.1226	47	1.30048	-0.218718	0.0141423	-1	-1	3
236	0.603786	58.0086	47	1.23422	-0.21958	0.0141366	-1	-1	3
237	0.603786	39.7252	47	0.845218	-0.227863	0.0139885	-1	-1	3
238	0.603786	59.0567	47	1.25653	-0.239729	0.013708	-1	-1	3
239	0.603786	64.0733	47	1.36326	-0.279146	0.0130073	-1	-1	3
240	0.603786	74.3561	47	1.58205	-0.294763	0.0127206	-1	-1	3
241	0.603786	54.1166	47	1.15142	-0.241955	0.0136777	-1	-1	3
242	0.603786	69.2826	47	1.4741	-0.301582	0.0125954	-1	-1	3
243	0.603786	93.4256	47	1.98778	-0.312429	0.0124057	-1	-1	3
244	0.603786	108.179	47	2.30167	-0.349461	0.0117331	-1	-1	3
245	0.603786	58.0428	47	1.23495	-0.33456	0.0119746	-1	-1	3
246	0.603786	122.245	47	2.60095	-0.413411	0.0106011	-1	-1	3
247	0.603786	71.5333	47	1.52199	-0.45222	0.00990385	-1	-1	3
248	0.603786	56.4802	47	1.20171	0.175174	0.0229458	-1	-1	3
249	0.603786	41.0599	47	0.873614	-0.0358684	0.0180108	-1	-1	3
250	0.603786	53.9896	47	1.14872	-0.00341863	0.0186829	-1	-1	3
251	0.603786	48.9177	47	1.0408	-0.0542745	0.0175587	-1	-1	3
252	0.603786	49.9253	47	1.06224	-0.0725632	0.0171584	-1	-1	3
253	0.603786	50.8914	47	1.0828	-0.107235	0.0164236	-1	-1	3
254	0.603786	63.9147	47	1.35989	-0.123779	0.0161047	-1	-1	3
255	0.603786	52.4426	47	1.1158	-0.15101	0.0155262	-1	-1	3
256	0.603786	50.3855	47	1.07203	-0.137608	0.0158122	-1	-1	3
257	0.603786	65.7468	47	1.39887	-0.193656	0.0147001	-1	-1	3
258	0.603786	52.9257	47	1.12608	-0.156785	0.0153614	-1	-1	3
259	0.603786	52.0195	47	1.1068	-0.152832	0.0154422	-1	-1	3
260	0.603786	33.6235	47	0.715394	-0.187277	0.0147326	-1	-1	3
261	0.603786	41.0864	47	0.874179	-0.213935	0.0142295	-1	-1	3
262	0.603786	64.2311	47	1.36662	-0.221785	0.014093	-1	-1	3
263	0.603786	36.9988	47	0.787209	-0.232783	0.013872	-1	-1	3
264	0.603786	55.1281	47	1.17294	-0.240539	0.0137102	-1	-1	3
265	0.603786	62.1765	47	1.3229	-0.266154	0.0132323	-1	-1	3
266	0.603786	63.4315	47	1.34961	-0.278398	0.0130322	-1	-1	3
267	0.603786	80.3266	47	1.70908	-0.295391	0.0127069	-1	-1	3
268	0.603786	62.5756	47	1.3314	-0.321237	0.012222	-1	-1	3
269	0.603786	85.0636	47	1.80986	-0.327293	0.0121332	-1	-1	3
270	0.603786	55.2475	47	1.17548	-0.338029	0.0119002	-1	-1	3
271	0.603786	44.6159	47	0.949274	0.0617549	0.0202046	-1	-1	3
272	0.603786	68.1044	47	1.44903	0.0291433	0.0193897	-1	-1	3
273	0.603786	48.0049	47	1.02138	0.0287319	0.0193866	-1	-1	3
274	0.603786	43.8797	47	0.933611	0.0110079	0.0190354	-1	-1	3
275	0.603786	70.3631	47	1.49709	-0.0387967	0.0178682	-1	-1	3
276	0.603786	50.8806	47	1.08257	-0.0978209	0.0166238	-1	-1	3
277	0.603786	42.2415	47	0.898754	-0.0759113	0.0170774	-1	-1	3
278	0.603786	46.616	47	0.991831	-0.117856	0.0162295	-1	-1	3
279	0.603786	44.3145	47	0.942861	-0.161147	0.0153133	-1	-1	3
280	0.603786	49.929	47	1.06232	-0.127262	0.0160038	-1	-1	3
281	0.603786	43.3556	47	0.92246	-0.128664	0.0159348	-1	-1	3
282	0.603786	59.6354	47	1.26884	-0.19437	0.0146588	-1	-1	3
283	0.603786	67.18	47	1.42936	-0.203127	0.0144863	-1	-1	3
284	0.603786	50.788	47	1.08059	-0.146194	0.0155546	-1	-1	3
285	0.603786	36.756	47	0.782042	-0.1663	0.0151703	-1	-1	3
286	0.603786	35.2622	47	0.750259	-0.192527	0.0146365	-1	-1	3
287	0.603786	91.0606	47	1.93746	-0.259862	0.013399	-1	-1	3
288	0.603786	60.7628	47	1.29282	-0.209437	0.0143188	-1	-1	3
289	0.603786	39.9086	47	0.84912	-0.243353	0.0136787	-1	-1	3
290	0.603786	43.6999	47	0.929786	-0.259974	0.0133582	-1	-1	3
291	0.603786	69.5762	47	1.48034	-0.295199	0.0126969	-1	-1	3
292	0.603786	58.4359	47	1.24332	-0.219774	0.0140594	-1	-1	3
293	0.603786	72.3499	47	1.53936	-0.275671	0.0130824	-1	-1	3
294	0.603786	94.285	47	2.00606	-0.335815	0.0119556	-1	-1	3
295	0.603786	60.9151	47	1.29607	-0.325578	0.0121209	-1	-1	3
296	0.603786	51.4651	47	1.095	-0.357665	0.0115294	-1	-1	3
297	0.603786	82.6273	47	1.75803	-0.447367	0.0100107	-1	-1	3
298	0.603786	51.4053	47	1.09373	0.0620893	0.0202046	-1	-1	3
299	0.603786	57.4694	47	1.22275	0.0414394	0.0197258	-1	-1	3
300	0.603786	60.614	47	1.28966	-0.0267785	0.018224	-1	-1	3
301	0.603786	54.2836	47	1.15497	-0.0892993	0.0168496	-1	-1	3
302	0.603786	57.2258	47	1.21757	-0.0597676	0.0174779	-1	-1	3
303	0.603786	62.3885	47	1.32742	-0.0861833	0.0168646	-1	-1	3
304	0.603786	40.3874	47	0.859307	-0.0481682	0.0176967	-1	-1	3
305	0.603786	58.7331	47	1.24964	-0.150005	0.0155304	-1	-1	3
306	0.603786	53.0461	47	1.12864	-0.131812	0.0158989	-1	-1	3
307	0.603786	34.2606	47	0.728949	-0.0684222	0.0171897	-1	-1	3
308	0.603786	61.9589	47	1.31827	-0.158809	0.0153116	-1	-1	3
309	0.603786	46.7338	47	0.994335	-0.204645	0.0144532	-1	-1	3
310	0.603786	71.2187	47	1.51529	-0.17763	0.0149363	-1	-1	3
311	0.603786	59.6853	47	1.2699	-0.204842	0.0143921	-1	-1	3
312	0.603786	52.395	47	1.11479	-0.227108	0.0139337	-1	-1	3
313	0.603786	47.0599	47	1.00127	-0.259565	0.0133437	-1	-1	3
314	0.603786	40.9138	47	0.870506	-0.247327	0.0135628	-1	-1	3
315	0.603786	59.2745	47	1.26116	-0.234	0.0138374	-1	-1	3
316	0.603786	50.1365	47	1.06673	-0.290386	0.012772	-1	-1	3
317	0.603786	50.2468	47	1.06908	-0.293559	0.0127239	-1	-1	3
318	0.603786	42.0337	47	0.894334	-0.267936	0.0131731	-1	-1	3
319	0.603786	31.9926	47	0.680694	-0.281739	0.0129008	-1	-1	3
320	0.603786	49.1629	47	1.04602	-0.326722	0.0120712	-1	-1	3
321	0.603786	113.022	47	2.40473	-0.41713	0.010512	-1	-1	3
322	0.603786	56.1249	47	1.19415	-0.00397435	0.0186708	-1	-1	3
323	0.603786	45.7682	47	0.973791	-0.0301488	0.0180708	-1	-1	3
324	0.603786	33.9765	47	0.722904	-0.0535687	0.0175499	-1	-1	3
325	0.603786	57.774	47	1.22924	-0.0835904	0.016893	-1	-1	3
326	0.603786	54.3746	47	1.15691	-0.0934866	0.0166807	-1	-1	3
327	0.603786	52.8777	47	1.12506	-0.11056	0.016309	-1	-1	3
328	0.603786	38.5932	47	0.821131	-0.139306	0.0157286	-1	-1	3
329	0.603786	87.073	47	1.85262	-0.0484476	0.0175922	-1	-1	3
330	0.603786	39.1771	47	0.833554	-0.12727	0.0159983	-1	-1	3
331	0.603786	45.5769	47	0.969722	-0.155435	0.0154049	-1	-1	3
332	0.603786	48.1031	47	1.02347	-0.167691	0.01514	-1	-1	3
333	0.603786	58.0532	47	1.23517	-0.197975	0.0145782	-1	-1	3
334	0.603786	52.8415	47	1.12429	-0.224447	0.014035	-1	-1	3
335	0.603786	29.9082	47	0.636345	-0.1469	0.0155557	-1	-1	3
336	0.603786	74.6524	47	1.58835	-0.225441	0.0140266	-1	-1	3
337	0.603786	55.2883	47	1.17635	-0.178648	0.0149062	-1	-1	3
338	0.603786	50.3094	47	1.07041	-0.20308	0.0144285	-1	-1	3
339	0.603786	53.9166	47	1.14716	-0.221502	0.0140651	-1	-1	3
340	0.603786	42.286	47	0.899702	-0.214097	0.0142153	-1	-1	3
341	0.603786	49.2115	47	1.04705	-0.269717	0.0131472	-1	-1	3
342	0.603786	49.2405	47	1.04767	-0.268469	0.013189	-1	-1	3
343	0.603786	50.0223	47	1.0643	0.0853174	0.0207213	-1	-1	3
344	0.603786	33.5163	47	0.713113	-0.0313784	0.0180809	-1	-1	3
345	0.603786	37.7918	47	0.804081	-0.0123214	0.0184795	-1	-1	3
346	0.603786	48.9444	47	1.04137	0.0684908	0.0202863	-1	-1	3
347	0.603786	25.3222	47	0.53877	-0.083951	0.0169288	-1	-1	3
348	0.603786	47.2707	47	1.00576	-0.0743589	0.0170728	-1	-1	3
349	0.603786	57.0917	47	1.21472	-0.0920993	0.016729	-1	-1	3
350	0.603786	43.3065	47	0.921415	-0.133307	0.0158309	-1	-1	3
351	0.603786	44.8169	47	0.953551	-0.116755	0.0162108	-1	-1	3
352	0.603786	36.4466	47	0.77546	-0.135002	0.0158169	-1	-1	3
353	0.603786	43.0225	47	0.915372	-0.10474	0.0164633	-1	-1	3
354	0.603786	34.8776	47	0.742077	-0.167085	0.0151513	-1	-1	3
355	0.603786	51.278	47	1.09102	-0.171398	0.0150957	-1	-1	3
356	0.603786	47.4043	47	1.0086	-0.177087	0.0149714	-1	-1	3
357	0.603786	60.7414	47	1.29237	-0.198537	0.0145596	-1	-1	3
358	0.603786	55.735	47	1.18585	-0.160216	0.0152564	-1	-1	3
359	0.603786	40.3191	47	0.857854	-0.214052	0.0142003	-1	-1	3
360	0.603786	33.8684	47	0.720604	-0.203931	0.0143973	-1	-1	3
361	0.603786	51.3777	47	1.09314	-0.237221	0.0137397	-1	-1	3
362	0.603786	42.6167	47	0.906737	-0.235077	0.0137922	-1	-1	3
363	0.603786	54.9714	47	1.1696	-0.257183	0.0133814	-1	-1	3
364	0.603786	66.3146	47	1.41095	-0.305676	0.0124697	-1	-1	3
365	0.603786	41.2651	47	0.877981	-0.263821	0.0131857	-1	-1	3
366	0.603786	54.3397	47	1.15616	-0.343128	0.0117922	-1	-1	3
367	0.603786	76.5043	47	1.62775	-0.382725	0.0110848	-1	-1	3
368	0.603786	51.104	47	1.08732	-0.350918	0.0115977	-1	-1	3
369	0.603786	63.5581	47	1.3523	0.235308	0.0245432	-1	-1	3
370	0.603786	79.2066	47	1.68525	0.313961	0.02648	-1	-1	3
371	0.603786	40.6759	47	0.865445	0.138472	0.0220796	-1	-1	3
372	0.603786	45.0603	47	0.958731	0.0714584	0.0203996	-1	-1	3
373	0.603786	56.0064	47	1.19163	0.0670199	0.020293	-1	-1	3
374	0.603786	57.5031	47	1.22347	0.0032279	0.0188203	-1	-1	3
375	0.603786	35.5248	47	0.755846	-0.00743256	0.0185945	-1	-1	3
376	0.603786	65.7763	47	1.3995	0.0583481	0.0200362	-1	-1	3
377	0.603786	33.4446	47	0.711588	-0.0338873	0.0180146	-1	-1	3
378	0.603786	34.6458	47	0.737145	-0.0639744	0.0173721	-1	-1	3
379	0.603786	61.1276	47	1.30059	-0.0762641	0.0170817	-1	-1	3
380	0.603786	61.9626	47	1.31835	-0.0206212	0.0182379	-1	-1	3
381	0.603786	48.2014	47	1.02556	-0.0653153	0.0172612	-1	-1	3
382	0.603786	34.381	47	0.731511	-0.0727236	0.0171171	-1	-1	3
383	0.603786	40.7843	47	0.867751	-0.093034	0.0166697	-1	-1	3
384	0.603786	62.8354	47	1.33692	-0.13061	0.015908	-1	-1	3
385	0.603786	28.184	47	0.599661	-0.127202	0.0159662	-1	-1	3
386	0.603786	49.4029	47	1.05112	-0.162886	0.0152183	-1	-1	3
387	0.603786	47.6313	47	1.01343	-0.171537	0.0150639	-1	-1	3
388	0.603786	61.25	47	1.30319	-0.105552	0.0163791	-1	-1	3
389	0.603786	71.5596	47	1.52255	-0.215605	0.0142179	-1	-1	3
390	0.603786	74.3837	47	1.58263	-0.228607	0.0139498	-1	-1	3
391	0.603786	48.366	47	1.02906	-0.251206	0.0134692	-1	-1	3
392	0.603786	45.4802	47	0.967664	-0.270916	0.013102	-1	-1	3
393	0.603786	64.6051	47	1.37458	-0.280665	0.0129149	-1	-1	3
394	0.603786	126.551	47	2.69258	-0.433543	0.010236	-1	-1	3
395	0.603786	57.0147	47	1.21308	-0.419201	0.0104353	-1	-1	3
396	0.603786	79.8642	47	1.69924	0.334002	0.0270383	-1	-1	3
397	0.603786	76.8398	47	1.63489	0.240628	0.0244848	-1	-1	3
398	0.603786	42.1083	47	0.895921	0.00695337	0.0189449	-1	-1	3
399	0.603786	41.4978	47	0.882932	-0.0013567	0.0187301	-1	-1	3
400	0.603786	54.4207	47	1.15789	-0.00407512	0.0186378	-1	-1	3
401	0.603786	41.52	47	0.883405	-0.0320054	0.0180132	-1	-1	3
402	0.603786	66.9416	47	1.42429	-0.0130438	0.0183879	-1	-1	3
403	0.603786	51.3202	47	1.09192	-0.0956971	0.016661	-1	-1	3
404	0.603786	51.3551	47	1.09266	-0.114746	0.0162306	-1	-1	3
405	0.603786	48.455	47	1.03096	-0.138081	0.0158049	-1	-1	3
406	0.603786	45.9036	47	0.976673	-0.105562	0.016367	-1	-1	3
407	0.603786	43.1828	47	0.918783	-0.121692	0.0160911	-1	-1	3
408	0.603786	47.1141	47	1.00243	-0.121149	0.0160648	-1	-1	3
409	0.603786	52.1727	47	1.11006	-0.150305	0.015487	-1	-1	3
410	0.603786	44.337	47	0.94334	-0.15291	0.0154408	-1	-1	3
411	0.603786	40.9449	47	0.871167	-0.211267	0.0142715	-1	-1	3
412	0.603786	57.4001	47	1.22128	-0.12073	0.016042	-1	-1	3
413	0.603786	66.7008	47	1.41917	-0.20839	0.0143375	-1	-1	3
414	0.603786	63.6452	47	1.35415	-0.214284	0.0142414	-1	-1	3
415	0.603786	64.4246	47	1.37074	-0.258691	0.0133539	-1	-1	3
416	0.603786	50.3568	47	1.07142	-0.190922	0.01464	-1	-1	3
417	0.603786	91.6697	47	1.95042	-0.257721	0.0133916	-1	-1	3
418	0.603786	63.216	47	1.34502	-0.190858	0.0146308	-1	-1	3
419	0.603786	43.5159	47	0.925871	-0.248885	0.0135016	-1	-1	3
420	0.603786	37.5044	47	0.797966	-0.255676	0.0133649	-1	-1	3
421	0.603786	68.6399	47	1.46042	-0.307891	0.0124201	-1	-1	3
422	0.603786	61.6807	47	1.31236	-0.400126	0.0107681	-1	-1	3
423	0.603786	154.77	47	3.29298	0.555802	0.0332427	-1	-1	3
424	0.603786	42.9571	47	0.913982	0.0989149	0.0211011	-1	-1	3
425	0.603786	81.7288	47	1.73891	0.09254	0.020824	-1	-1	3
426	0.603786	57.024	47	1.21328	-0.0103453	0.01857	-1	-1	3
427	0.603786	59.299	47	1.26168	-0.00947611	0.0184827	-1	-1	3
428	0.603786	52.7839	47	1.12306	-0.03038	0.0180724	-1	-1	3
429	0.603786	43.376	47	0.922894	-0.0692427	0.0172076	-1	-1	3
430	0.603786	65.1179	47	1.38549	-0.0866805	0.0168445	-1	-1	3
431	0.603786	64.1492	47	1.36488	-0.0664868	0.0172307	-1	-1	3
432	0.603786	51.492	47	1.09558	-0.0826991	0.016892	-1	-1	3
433	0.603786	52.5748	47	1.11861	-0.111712	0.0162579	-1	-1	3
434	0.603786	36.1433	47	0.769006	-0.13756	0.0157465	-1	-1	3
435	0.603786	46.0481	47	0.979747	-0.149081	0.0154893	-1	-1	3
436	0.603786	50.8064	47	1.08099	-0.156556	0.0153557	-1	-1	3
437	0.603786	48.7319	47	1.03685	-0.181626	0.014843	-1	-1	3
438	0.603786	42.9579	47	0.913999	-0.207161	0.0143366	-1	-1	3
439	0.603786	40.576	47	0.86332	-0.242686	0.0136516	-1	-1	3
440	0.603786	45.7501	47	0.973406	-0.286435	0.0128043	-1	-1	3
441	0.603786	81.6163	47	1.73652	-0.23527	0.0137091	-1	-1	3
442	0.603786	43.3748	47	0.922868	-0.301196	0.0125444	-1	-1	3
443	0.603786	38.6982	47	0.823365	0.181432	0.0231383	-1	-1	3
444	0.603786	82.8324	47	1.76239	0.1656	0.0225809	-1	-1	3
445	0.603786	50.9145	47	1.08329	0.0701272	0.0203706	-1	-1	3
446	0.603786	51.3807	47	1.09321	0.109425	0.0212436	-1	-1	3
447	0.603786	56.3219	47	1.19834	0.0811573	0.0205823	-1	-1	3
448	0.603786	53.9574	47	1.14803	0.058972	0.0200546	-1	-1	3
449	0.603786	51.6333	47	1.09858	-0.0478439	0.0176567	-1	-1	3
450	0.603786	83.4171	47	1.77483	0.0183605	0.0190792	-1	-1	3
451	0.603786	37.2413	47	0.792368	-0.0771123	0.0170174	-1	-1	3
452	0.603786	53.2115	47	1.13216	-0.0251124	0.018118	-1	-1	3
453	0.603786	48.0094	47	1.02148	-0.0619955	0.0173156	-1	-1	3
454	0.603786	56.7146	47	1.20669	-0.0589779	0.0173534	-1	-1	3
455	0.603786	58.7889	47	1.25083	-0.132344	0.0158743	-1	-1	3
456	0.603786	58.8826	47	1.25282	-0.0854942	0.0168021	-1	-1	3
457	0.603786	74.3408	47	1.58172	-0.102266	0.0164684	-1	-1	3
458	0.603786	55.5811	47	1.18258	-0.103974	0.0164249	-1	-1	3
459	0.603786	71.4165	47	1.5195	-0.179308	0.0149554	-1	-1	3
460	0.603786	36.2492	47	0.771261	-0.0986305	0.016513	-1	-1	3
461	0.603786	39.6169	47	0.842913	-0.148566	0.0155118	-1	-1	3
462	0.603786	52.6467	47	1.12014	-0.168115	0.0150916	-1	-1	3
463	0.603786	38.2165	47	0.813117	-0.155672	0.015363	-1	-1	3
464	0.603786	63.6329	47	1.35389	-0.0901702	0.0166613	-1	-1	3
465	0.603786	53.5629	47	1.13964	-0.180337	0.0148622	-1	-1	3
466	0.603786	88.2553	47	1.87777	-0.146749	0.0154811	-1	-1	3
467	0.603786	48.4473	47	1.03079	-0.185131	0.0147578	-1	-1	3
468	0.603786	76.9983	47	1.63826	-0.2643	0.0132518	-1	-1	3
469	0.603786	43.4923	47	0.925367	-0.232653	0.0137942	-1	-1	3
470	0.603786	40.2274	47	0.855903	-0.240652	0.0136581	-1	-1	3
471	0.603786	55.6024	47	1.18303	-0.256649	0.0133513	-1	-1	3
472	0.603786	31.1202	47	0.662133	-0.279733	0.0129138	-1	-1	3
473	0.603786	69.3083	47	1.47465	-0.357613	0.0115183	-1	-1	3
474	0.603786	103.432	47	2.20068	-0.381088	0.0111226	-1	-1	3
475	0.603786	105.233	47	2.23901	0.343795	0.0271832	-1	-1	3
476	0.603786	103.3	47	2.19786	0.168726	0.0226605	-1	-1	3
477	0.603786	48.9688	47	1.04189	0.0688786	0.0203604	-1	-1	3
478	0.603786	61.1343	47	1.30073	0.0943198	0.0208679	-1	-1	3
479	0.603786	78.2401	47	1.66468	-0.0444207	0.0177967	-1	-1	3
480	0.603786	54.0959	47	1.15098	0.0245049	0.0192527	-1	-1	3
481	0.603786	61.2777	47	1.30378	0.0218358	0.0191909	-1	-1	3
482	0.603786	62.6121	47	1.33217	-0.0352232	0.0179945	-1	-1	3
483	0.603786	36.8755	47	0.784586	0.000823596	0.0187445	-1	-1	3
484	0.603786	45.3136	47	0.964119	-0.0316763	0.018014	-1	-1	3
485	0.603786	47.1657	47	1.00352	-0.0108204	0.0184306	-1	-1	3
486	0.603786	63.8056	47	1.35757	-0.0341077	0.0178946	-1	-1	3
487	0.603786	54.8368	47	1.16674	-0.101179	0.0165347	-1	-1	3
488	0.603786	58.4251	47	1.24309	-0.118258	0.016109	-1	-1	3
489	0.603786	52.4737	47	1.11646	-0.143982	0.0155822	-1	-1	3
490	0.603786	74.0931	47	1.57645	-0.180098	0.0149224	-1	-1	3
491	0.603786	49.4471	47	1.05207	-0.123491	0.0160226	-1	-1	3
492	0.603786	50.6014	47	1.07663	-0.162338	0.0152237	-1	-1	3
493	0.603786	69.307	47	1.47462	-0.206842	0.0142862	-1	-1	3
494	0.603786	48.8485	47	1.03933	-0.214645	0.0141242	-1	-1	3
495	0.603786	51.0713	47	1.08662	-0.295532	0.0126473	-1	-1	3
496	0.603786	35.0656	47	0.746076	-0.269381	0.0130666	-1	-1	3
497	0.603786	55.2688	47	1.17593	-0.315336	0.0122325	-1	-1	3
498	0.603786	58.1972	47	1.23824	-0.368351	0.0113054	-1	-1	3
499	0.603786	160.773	47	3.42071	0.424059	0.0293888	-1	-1	3
500	0.603786	83.0797	47	1.76765	0.36523	0.0278241	-1	-1	3
501	0.603786	81.4433	47	1.73284	0.300713	0.026073	-1	-1	3
502	0.603786	147.537	47	3.13908	0.158601	0.0223689	-1	-1	3
503	0.603786	37.6121	47	0.800257	0.0337239	0.019523	-1	-1	3
504	0.603786	57.573	47	1.22496	0.116472	0.0213821	-1	-1	3
505	0.603786	63.8959	47	1.35949	0.0681972	0.0202616	-1	-1	3
506	0.603786	63.6442	47	1.35413	0.0144097	0.0189914	-1	-1	3
507	0.603786	58.5485	47	1.24571	0.0111974	0.0189503	-1	-1	3
508	0.603786	75.7796	47	1.61233	0.000738524	0.0187314	-1	-1	3
509	0.603786	42.9423	47	0.913667	-0.0731165	0.0170743	-1	-1	3
510	0.603786	61.9591	47	1.31828	-0.0819457	0.0169217	-1	-1	3
511	0.603786	65.1207	47	1.38555	-0.0682359	0.0172043	-1	-1	3
512	0.603786	43.6614	47	0.928965	-0.0846755	0.0169023	-1	-1	3
513	0.603786	109.812	47	2.33643	-0.060899	0.0172811	-1	-1	3
514	0.603786	52.2735	47	1.1122	-0.0488596	0.0175818	-1	-1	3
515	0.603786	41.3407	47	0.87959	-0.0981493	0.0165344	-1	-1	3
516	0.603786	43.5172	47	0.925898	-0.141966	0.015647	-1	-1	3
517	0.603786	43.341	47	0.922149	-0.129197	0.0158832	-1	-1	3
518	0.603786	39.1669	47	0.833339	-0.139825	0.0156874	-1	-1	3
519	0.603786	58.7231	47	1.24943	-0.182965	0.0148253	-1	-1	3
520	0.603786	40.7416	47	0.866843	-0.225185	0.0139527	-1	-1	3
521	0.603786	42.0492	47	0.894663	-0.243361	0.0136189	-1	-1	3
522	0.603786	42.8971	47	0.912704	-0.261928	0.0132686	-1	-1	3
523	0.603786	36.8974	47	0.78505	-0.279411	0.01292	-1	-1	3
524	0.603786	61.2835	47	1.3039	-0.326121	0.0120593	-1	-1	3
525	0.603786	48.4558	47	1.03097	-0.311014	0.0123375	-1	-1	3
526	0.603786	70.7267	47	1.50482	-0.324482	0.0121017	-1	-1	3
527	0.603786	118.505	47	2.52138	0.610822	0.0349513	-1	-1	3
528	0.603786	79.14	47	1.68383	0.230265	0.024226	-1	-1	3
529	0.603786	87.0231	47	1.85156	0.244791	0.02462	-1	-1	3
530	0.603786	79.2921	47	1.68707	0.221793	0.0240283	-1	-1	3
531	0.603786	54.5694	47	1.16105	0.154316	0.0223743	-1	-1	3
532	0.603786	55.0692	47	1.17169	0.134527	0.0218813	-1	-1	3
533	0.603786	74.3278	47	1.58144	0.0998862	0.0209944	-1	-1	3
534	0.603786	49.7568	47	1.05866	0.00281498	0.018849	-1	-1	3
535	0.603786	61.1575	47	1.30122	0.0601045	0.0200551	-1	-1	3
536	0.603786	36.4407	47	0.775335	-0.0195863	0.0183625	-1	-1	3
537	0.603786	58.6911	47	1.24875	0.057193	0.019998	-1	-1	3
538	0.603786	46.7222	47	0.994089	0.0143544	0.0190125	-1	-1	3
539	0.603786	60.9556	47	1.29693	0.036294	0.0195114	-1	-1	3
540	0.603786	46.006	47	0.978851	0.0105845	0.0189658	-1	-1	3
541	0.603786	84.4972	47	1.79781	0.0626819	0.0200572	-1	-1	3
542	0.603786	47.1805	47	1.00384	-0.0858729	0.0168442	-1	-1	3
543	0.603786	45.3474	47	0.964839	-0.116813	0.0161911	-1	-1	3
544	0.603786	75.4654	47	1.60565	-0.00785359	0.0184706	-1	-1	3
545	0.603786	49.1806	47	1.0464	-0.0929816	0.0166867	-1	-1	3
546	0.603786	94.2063	47	2.00439	-0.0101176	0.0184285	-1	-1	3
547	0.603786	66.3202	47	1.41107	-0.00757907	0.0184767	-1	-1	3
548	0.603786	41.8608	47	0.890656	-0.158211	0.015338	-1	-1	3
549	0.603786	46.5766	47	0.990992	-0.123632	0.0160297	-1	-1	3
550	0.603786	39.0411	47	0.830661	-0.149361	0.0154935	-1	-1	3
551	0.603786	54.538	47	1.16038	-0.178095	0.0148844	-1	-1	3
552	0.603786	55.3599	47	1.17787	-0.184975	0.0147594	-1	-1	3
553	0.603786	35.5254	47	0.75586	-0.191508	0.0146361	-1	-1	3
554	0.603786	56.1921	47	1.19558	-0.173326	0.0149512	-1	-1	3
555	0.603786	33.5516	47	0.713864	-0.232018	0.0138589	-1	-1	3
556	0.603786	184.907	47	3.93419	0.497236	0.0314676	-1	-1	3
557	0.603786	126.819	47	2.69827	0.446027	0.0300416	-1	-1	3
558	0.603786	95.9013	47	2.04045	0.397385	0.0287012	-1	-1	3
559	0.603786	100.265	47	2.1333	0.331862	0.0269173	-1	-1	3
560	0.603786	45.6929	47	0.97219	0.156837	0.0225124	-1	-1	3
561	0.603786	158.872	47	3.38025	0.281632	0.0254873	-1	-1	3
562	0.603786	45.6788	47	0.971889	0.100265	0.0210696	-1	-1	3
563	0.603786	59.9045	47	1.27456	0.0656305	0.0202268	-1	-1	3
564	0.603786	57.0466	47	1.21376	0.0890766	0.020803	-1	-1	3
565	0.603786	55.9632	47	1.19071	0.0667487	0.0202654	-1	-1	3
566	0.603786	131.515	47	2.7982	0.16769	0.0225959	-1	-1	3
567	0.603786	36.5394	47	0.777434	0.0512084	0.0199375	-1	-1	3
568	0.603786	108.354	47	2.30541	0.131602	0.0217314	-1	-1	3
569	0.603786	74.354	47	1.582	0.108141	0.0211758	-1	-1	3
570	0.603786	55.5077	47	1.18101	0.0774359	0.0204636	-1	-1	3
571	0.603786	88.4176	47	1.88123	0.0261302	0.0192546	-1	-1	3
572	0.603786	59.3552	47	1.26288	0.0053307	0.0187869	-1	-1	3
573	0.603786	67.2158	47	1.43012	0.00765471	0.0188497	-1	-1	3
574	0.603786	55.2189	47	1.17487	-0.0145836	0.0183569	-1	-1	3
575	0.603786	146.968	47	3.12698	0.0953894	0.0207955	-1	-1	3
576	0.603786	41.7821	47	0.888981	-0.0403416	0.0178198	-1	-1	3
577	0.603786	42.2402	47	0.898727	-0.0960036	0.0165951	-1	-1	3
578	0.603786	59.6704	47	1.26958	-0.123542	0.0159783	-1	-1	3
579	0.603786	54.0575	47	1.15016	-0.153931	0.0153725	-1	-1	3
580	0.603786	39.389	47	0.838064	-0.206192	0.0143486	-1	-1	3
581	0.603786	57.2933	47	1.21901	-0.174506	0.014907	-1	-1	3
582	0.603786	31.8138	47	0.67689	-0.205192	0.0143615	-1	-1	3
583	0.603786	32.7329	47	0.696446	-0.23719	0.0137495	-1	-1	3
584	0.603786	42.6717	47	0.907908	-0.276946	0.0129445	-1	-1	3
585	0.603786	149.356	47	3.17778	0.660255	0.0364879	-1	-1	3
586	0.603786	95.6524	47	2.03516	0.297594	0.0259784	-1	-1	3
587	0.603786	63.6102	47	1.35341	0.168572	0.0226951	-1	-1	3
588	0.603786	49.9408	47	1.06257	0.0111636	0.0189999	-1	-1	3
589	0.603786	95.9186	47	2.04082	0.0984696	0.0209261	-1	-1	3
590	0.603786	43.5338	47	0.926252	0.0200139	0.0192309	-1	-1	3
591	0.603786	49.5103	47	1.05341	0.027948	0.0193273	-1	-1	3
592	0.603786	71.0934	47	1.51263	-0.0607163	0.0174424	-1	-1	3
593	0.603786	58.2592	47	1.23956	0.0151853	0.0190323	-1	-1	3
594	0.603786	54.1782	47	1.15273	0.00979357	0.0189174	-1	-1	3
595	0.603786	51.4253	47	1.09416	-0.0462178	0.0177327	-1	-1	3
596	0.603786	68.5223	47	1.45792	-0.035197	0.0179131	-1	-1	3
597	0.603786	38.5175	47	0.819521	-0.0744428	0.0170702	-1	-1	3
598	0.603786	50.6077	47	1.07676	-0.090683	0.0167463	-1	-1	3
599	0.603786	53.7244	47	1.14307	-0.141431	0.0156114	-1	-1	3
600	0.603786	69.4043	47	1.47669	-0.191054	0.014689	-1	-1	3
601	0.603786	50.6816	47	1.07833	-0.135784	0.0157464	-1	-1	3
602	0.603786	41.4147	47	0.881164	-0.155338	0.0153621	-1	-1	3
603	0.603786	59.6317	47	1.26876	-0.189234	0.0146486	-1	-1	3
604	0.603786	61.0354	47	1.29862	-0.19386	0.0145771	-1	-1	3
605	0.603786	39.8993	47	0.848921	-0.256866	0.0133305	-1	-1	3
606	0.603786	108.717	47	2.31312	0.38745	0.0284052	-1	-1	3
607	0.603786	50.1676	47	1.0674	0.192436	0.0233917	-1	-1	3
608	0.603786	148.12	47	3.15148	0.255207	0.0248491	-1	-1	3
609	0.603786	41.6304	47	0.885754	0.127116	0.0217966	-1	-1	3
610	0.603786	89.8726	47	1.91218	0.205431	0.0236031	-1	-1	3
611	0.603786	45.9721	47	0.978129	0.117854	0.0215451	-1	-1	3
612	0.603786	75.5862	47	1.60822	0.101025	0.0210746	-1	-1	3
613	0.603786	41.0009	47	0.872359	-0.00451162	0.0186324	-1	-1	3
614	0.603786	87.8983	47	1.87018	0.111431	0.0212478	-1	-1	3
615	0.603786	44.0182	47	0.936557	-0.0170803	0.0183826	-1	-1	3
616	0.603786	77.4435	47	1.64773	0.11011	0.0212535	-1	-1	3
617	0.603786	83.8572	47	1.7842	0.0284614	0.0193211	-1	-1	3
618	0.603786	49.2033	47	1.04688	0.0281088	0.0193329	-1	-1	3
619	0.603786	39.6748	47	0.844144	-0.0813845	0.0169411	-1	-1	3
620	0.603786	36.4444	47	0.775413	-0.0788029	0.0169949	-1	-1	3
621	0.603786	63.3012	47	1.34683	-0.0634033	0.0173214	-1	-1	3
622	0.603786	79.1349	47	1.68372	-0.0603699	0.017313	-1	-1	3
623	0.603786	57.8758	47	1.2314	-0.110453	0.0162489	-1	-1	3
624	0.603786	60.2377	47	1.28165	-0.129802	0.0158839	-1	-1	3
625	0.603786	44.4799	47	0.94638	-0.285291	0.012838	-1	-1	3
626	0.603786	97.6611	47	2.0779	0.385436	0.028369	-1	-1	3
627	0.603786	113.392	47	2.4126	0.34576	0.0272748	-1	-1	3
628	0.603786	69.1861	47	1.47204	0.170284	0.0228151	-1	-1	3
629	0.603786	109.3	47	2.32554	0.233624	0.0243336	-1	-1	3
630	0.603786	48.4677	47	1.03123	0.0523659	0.0200341	-1	-1	3
631	0.603786	76.9393	47	1.63701	0.118154	0.0214579	-1	-1	3
632	0.603786	117.835	47	2.50713	0.221485	0.0239541	-1	-1	3
633	0.603786	129.818	47	2.76209	0.196517	0.0233212	-1	-1	3
634	0.603786	56.9045	47	1.21073	0.0684161	0.0203246	-1	-1	3
635	0.603786	176.267	47	3.75036	0.12476	0.0215233	-1	-1	3
636	0.603786	74.1002	47	1.5766	-0.0511871	0.0175826	-1	-1	3
637	0.603786	87.3562	47	1.85864	-0.0142203	0.0183255	-1	-1	3
638	0.603786	45.6512	47	0.971302	-0.16521	0.0151978	-1	-1	3
639	0.603786	68.9202	47	1.46639	-0.10561	0.0163732	-1	-1	3
640	0.603786	56.8859	47	1.21034	-0.228839	0.0139539	-1	-1	3
641	0.603786	45.4837	47	0.967738	-0.175616	0.014951	-1	-1	3
642	0.603786	57.9421	47	1.23281	-0.366032	0.01137	-1	-1	3
643	0.603786	92.6324	47	1.9709	0.390491	0.0285711	-1	-1	3
644	0.603786	137.791	47	2.93173	0.285551	0.0256531	-1	-1	3
645	0.603786	95.4637	47	2.03114	0.238667	0.0244731	-1	-1	3
646	0.603786	62.6157	47	1.33225	0.215564	0.0238864	-1	-1	3
647	0.603786	55.9966	47	1.19142	0.113427	0.0214023	-1	-1	3
648	0.603786	170.154	47	3.6203	0.19815	0.0233386	-1	-1	3
649	0.603786	71.137	47	1.51355	0.105418	0.0211434	-1	-1	3
650	0.603786	129.46	47	2.75447	0.0915047	0.0207583	-1	-1	3
651	0.603786	91.5557	47	1.94799	0.109467	0.0212248	-1	-1	3
652	0.603786	74.3779	47	1.58251	0.0652994	0.0201928	-1	-1	3
653	0.603786	94.3728	47	2.00793	0.0451899	0.0197041	-1	-1	3
654	0.603786	44.0095	47	0.936372	-0.000775259	0.0186899	-1	-1	3
655	0.603786	55.0015	47	1.17025	-0.00372296	0.0186362	-1	-1	3
656	0.603786	58.537	47	1.24547	-0.0921531	0.0167869	-1	-1	3
657	0.603786	90.3954	47	1.92331	-0.0187443	0.0182946	-1	-1	3
658	0.603786	41.379	47	0.880404	-0.0440594	0.0177495	-1	-1	3
659	0.603786	129.636	47	2.75821	0.0114922	0.0188863	-1	-1	3
660	0.603786	91.8145	47	1.9535	-0.0421028	0.0177167	-1	-1	3
661	0.603786	61.5044	47	1.3086	-0.105851	0.0163749	-1	-1	3
662	0.603786	53.6997	47	1.14255	-0.263076	0.0132695	-1	-1	3
663	0.603786	64.2553	47	1.36713	-0.298527	0.0126131	-1	-1	3
664	0.603786	161.684	47	3.44008	0.546317	0.0330392	-1	-1	3
665	0.603786	63.8621	47	1.35877	0.174203	0.0229616	-1	-1	3
666	0.603786	135.824	47	2.88987	0.24608	0.0246707	-1	-1	3
667	0.603786	76.7867	47	1.63376	0.0795157	0.0206597	-1	-1	3
668	0.603786	82.7596	47	1.76084	0.24278	0.0246241	-1	-1	3
669	0.603786	95.669	47	2.03551	0.127855	0.02173	-1	-1	3
670	0.603786	69.5358	47	1.47949	0.112168	0.0213467	-1	-1	3
671	0.603786	136.573	47	2.9058	0.167015	0.0225805	-1	-1	3
672	0.603786	53.7667	47	1.14397	0.0013416	0.0188202	-1	-1	3
673	0.603786	95.2197	47	2.02595	0.119076	0.0214571	-1	-1	3
674	0.603786	89.0164	47	1.89397	0.0389881	0.0195651	-1	-1	3
675	0.603786	83.5898	47	1.77851	0.0673577	0.0202675	-1	-1	3
676	0.603786	58.2815	47	1.24003	0.00825591	0.0189118	-1	-1	3
677	0.603786	63.4569	47	1.35015	-0.0743724	0.0171515	-1	-1	3
678	0.603786	61.1457	47	1.30097	-0.0191023	0.0182953	-1	-1	3
679	0.603786	48.8063	47	1.03843	-0.109226	0.0163714	-1	-1	3
680	0.603786	45.8672	47	0.975899	-0.214573	0.0141768	-1	-1	3
681	0.603786	51.8983	47	1.10422	-0.206838	0.0143698	-1	-1	3
682	0.603786	134.937	47	2.871	0.579571	0.0340971	-1	-1	3
683	0.603786	152.652	47	3.24792	0.390497	0.0285476	-1	-1	3
684	0.603786	106.367	47	2.26313	0.24251	0.0245959	-1	-1	3
685	0.603786	95.3298	47	2.02829	0.21518	0.02392	-1	-1	3
686	0.603786	107.215	47	2.28116	0.192482	0.0232905	-1	-1	3
687	0.603786	52.9448	47	1.12648	-0.00345329	0.0187235	-1	-1	3
688	0.603786	28.482	47	0.606001	0.00881096	0.0190106	-1	-1	3
689	0.603786	92.2972	47	1.96377	0.0309666	0.0193987	-1	-1	3
690	0.603786	74.2576	47	1.57995	-0.0134522	0.0184149	-1	-1	3
691	0.603786	49.4658	47	1.05246	-0.0178349	0.0183614	-1	-1	3
692	0.603786	65.5	47	1.39362	-0.0295195	0.0180595	-1	-1	3
693	0.603786	47.7594	47	1.01616	-0.0976593	0.0166082	-1	-1	3
694	0.603786	62.4233	47	1.32815	-0.158697	0.0153213	-1	-1	3
695	0.603786	105.283	47	2.24007	0.630927	0.0357498	-1	-1	3
696	0.603786	209.439	47	4.45614	0.587309	0.0342356	-1	-1	3
697	0.603786	140.134	47	2.98157	0.577136	0.0340294	-1	-1	3
698	0.603786	98.395	47	2.09351	0.411814	0.02927	-1	-1	3
699	0.603786	92.3547	47	1.96499	0.404296	0.0290283	-1	-1	3
700	0.603786	88.2276	47	1.87718	0.335306	0.0271404	-1	-1	3
701	0.603786	78.1223	47	1.66218	0.262481	0.0251758	-1	-1	3
702	0.603786	158.844	47	3.37966	0.373497	0.0280711	-1	-1	3
703	0.603786	109.436	47	2.32844	0.153986	0.0223544	-1	-1	3
704	0.603786	54.2266	47	1.15376	0.105344	0.0213082	-1	-1	3
705	0.603786	71.6174	47	1.52377	0.212984	0.0238817	-1	-1	3
706	0.603786	73.0483	47	1.55422	0.137359	0.022026	-1	-1	3
707	0.603786	58.2457	47	1.23927	0.10885	0.0213395	-1	-1	3
708	0.603786	34.5777	47	0.735697	0.0250425	0.0193797	-1	-1	3
709	0.603786	65.6999	47	1.39787	-0.0119241	0.0185085	-1	-1	3
710	0.603786	100.982	47	2.14855	0.0848285	0.0206844	-1	-1	3
711	0.603786	90.213	47	1.91943	-0.0395839	0.0178769	-1	-1	3
712	0.603786	63.986	47	1.3614	-0.0914402	0.0167377	-1	-1	3
713	0.603786	79.7092	47	1.69594	-0.16645	0.0152875	-1	-1	3
714	0.603786	111.094	47	2.36371	-0.0198006	0.0182372	-1	-1	3
715	0.603786	48.3296	47	1.02829	-0.108506	0.0164053	-1	-1	3
716	0.603786	44.9535	47	0.956456	-0.198779	0.0145626	-1	-1	3
717	0.603786	56.5233	47	1.20262	-0.207789	0.0143401	-1	-1	3
718	0.603786	66.4017	47	1.4128	-0.250717	0.0135324	-1	-1	3
719	0.603786	57.0326	47	1.21346	0.3034	0.0264317	-1	-1	3
720	0.603786	104.054	47	2.21391	0.410977	0.0292553	-1	-1	3
721	0.603786	94.4829	47	2.01027	0.392196	0.0287349	-1	-1	3
722	0.603786	82.1578	47	1.74804	0.359333	0.0278287	-1	-1	3
723	0.603786	79.8742	47	1.69945	0.342673	0.0273669	-1	-1	3
724	0.603786	135.07	47	2.87383	0.335175	0.0271054	-1	-1	3
725	0.603786	124.658	47	2.6523	0.26655	0.025269	-1	-1	3
726	0.603786	84.8038	47	1.80434	0.255406	0.0250142	-1	-1	3
727	0.603786	102.733	47	2.18582	0.194979	0.0234671	-1	-1	3
728	0.603786	117.952	47	2.50961	0.171893	0.0228579	-1	-1	3
729	0.603786	40.7869	47	0.867806	0.00466074	0.0189781	-1	-1	3
730	0.603786	67.2454	47	1.43075	0.106961	0.0213053	-1	-1	3
731	0.603786	68.9357	47	1.46672	0.0808884	0.0206888	-1	-1	3
732	0.603786	37.2317	47	0.792164	0.0316339	0.0195561	-1	-1	3
733	0.603786	42.3474	47	0.901009	-0.0376244	0.017999	-1	-1	3
734	0.603786	76.6654	47	1.63118	-0.010526	0.0185347	-1	-1	3
735	0.603786	69.1455	47	1.47118	-0.0669524	0.0172932	-1	-1	3
736	0.603786	37.2045	47	0.791585	-0.0421968	0.0178521	-1	-1	3
737	0.603786	65.8015	47	1.40003	-0.0736331	0.0171498	-1	-1	3
738	0.603786	61.8055	47	1.31501	-0.167915	0.0152018	-1	-1	3
739	0.603786	72.8329	47	1.54964	-0.139345	0.0157365	-1	-1	3
740	0.603786	86.0163	47	1.83013	0.452976	0.0305757	-1	-1	3
741	0.603786	158.013	47	3.36197	0.531688	0.0327408	-1	-1	3
742	0.603786	159.781	47	3.39959	0.516871	0.0323074	-1	-1	3
743	0.603786	137.53	47	2.92618	0.419612	0.0295181	-1	-1	3
744	0.603786	114.306	47	2.43205	0.374134	0.028259	-1	-1	3
745	0.603786	108.953	47	2.31816	0.377926	0.0283641	-1	-1	3
746	0.603786	159.074	47	3.38455	0.342526	0.0273361	-1	-1	3
747	0.603786	180.697	47	3.84462	0.261165	0.0251038	-1	-1	3
748	0.603786	173.879	47	3.69955	0.317835	0.0266171	-1	-1	3
749	0.603786	86.7259	47	1.84523	0.139474	0.0221235	-1	-1	3
750	0.603786	77.8463	47	1.6563	0.103893	0.0212777	-1	-1	3
751	0.603786	70.1837	47	1.49327	0.0329164	0.0195979	-1	-1	3
752	0.603786	121.16	47	2.57787	0.0755748	0.0205253	-1	-1	3
753	0.603786	98.0489	47	2.08615	0.091526	0.0209208	-1	-1	3
754	0.603786	70.3677	47	1.49719	-0.108523	0.0164414	-1	-1	3
755	0.603786	38.0427	47	0.809419	-0.174035	0.0150949	-1	-1	3
756	0.603786	72.6246	47	1.5452	-0.274296	0.0130975	-1	-1	3
757	0.603786	215.625	47	4.58776	0.505389	0.0319634	-1	-1	3
758	0.603786	168.162	47	3.57792	0.574063	0.0341064	-1	-1	3
759	0.603786	181.072	47	3.85261	0.416549	0.0294505	-1	-1	3
760	0.603786	88.4268	47	1.88142	0.371951	0.0283049	-1	-1	3
761	0.603786	113.869	47	2.42275	0.332927	0.0272098	-1	-1	3
762	0.603786	123.921	47	2.63661	0.253767	0.0250568	-1	-1	3
763	0.603786	61.5607	47	1.3098	0.167518	0.0229186	-1	-1	3
764	0.603786	63.4163	47	1.34928	0.137629	0.0221471	-1	-1	3
765	0.603786	90.9952	47	1.93607	0.0638257	0.0203486	-1	-1	3
766	0.603786	33.4522	47	0.711749	-0.0984862	0.0167405	-1	-1	3
767	0.603786	49.6028	47	1.05538	-0.130454	0.0160226	-1	-1	3
768	0.603786	83.6533	47	1.77986	-0.119435	0.0161867	-1	-1	3
769	0.603786	200.47	47	4.26532	0.591004	0.0346429	-1	-1	3
770	0.603786	73.731	47	1.56874	0.397614	0.0291678	-1	-1	3
771	0.603786	113.447	47	2.41376	0.380401	0.0285806	-1	-1	3
772	0.603786	134.881	47	2.86981	0.337039	0.0272791	-1	-1	3
773	0.603786	197.661	47	4.20554	0.31369	0.0266224	-1	-1	3
774	0.603786	132.031	47	2.80918	0.233398	0.0245345	-1	-1	3
775	0.603786	137.537	47	2.92632	0.167515	0.0228429	-1	-1	3
776	0.603786	79.9064	47	1.70014	0.151254	0.0225213	-1	-1	3
777	0.603786	89.9054	47	1.91288	0.10329	0.0213478	-1	-1	3
778	0.603786	89.7109	47	1.90874	-0.00809912	0.0187018	-1	-1	3
779	0.603786	54.5353	47	1.16033	-0.202896	0.0145453	-1	-1	3
780	0.603786	103.975	47	2.21223	-0.136678	0.0160095	-1	-1	3
781	0.603786	69.8224	47	1.48558	-0.134071	0.0159971	-1	-1	3
782	0.603786	89.6971	47	1.90845	-0.212787	0.0144187	-1	-1	3
783	0.603786	51.6528	47	1.099	-0.228994	0.0140459	-1	-1	3
784	0.603786	83.1194	47	1.7685	-0.305815	0.0125651	-1	-1	3
785	0.603786	97.0409	47	2.0647	-0.300686	0.0126849	-1	-1	3
786	0.603786	135.642	47	2.886	-0.347613	0.0118376	-1	-1	3
787	0.603786	160.081	47	3.40597	-0.365978	0.0115126	-1	-1	3
788	0.603786	130.506	47	2.77672	-0.377279	0.0113076	-1	-1	3
789	0.603786	85.3314	47	1.81556	-0.375072	0.0113071	-1	-1	3
790	0.603786	96.7307	47	2.0581	-0.377565	0.0112772	-1	-1	3
791	0.603786	107.674	47	2.29093	-0.417666	0.0105713	-1	-1	3
792	0.603786	146.016	47	3.10673	-0.430561	0.0103673	-1	-1	3
793	0.603786	150.99	47	3.21255	-0.465343	0.00980415	-1	-1	3
794	0.603786	200.012	47	4.25557	-0.492733	0.0093451	-1	-1	3
795	0.603786	88.8455	47	1.89033	-0.202199	0.0145889	-1	-1	3
796	0.603786	60.407	47	1.28526	-0.208183	0.0144782	-1	-1	3
797	0.603786	69.9871	47	1.48909	-0.230927	0.014035	-1	-1	3
798	0.603786	103.356	47	2.19906	-0.24862	0.0136913	-1	-1	3
799	0.603786	86.194	47	1.83392	-0.293942	0.0127952	-1	-1	3
800	0.603786	77.0977	47	1.64038	-0.325466	0.0122137	-1	-1	3
801	0.603786	146.772	47	3.12281	-0.382077	0.0112214	-1	-1	3
802	0.603786	69.5157	47	1.47906	-0.34552	0.0118143	-1	-1	3
803	0.603786	99.2315	47	2.11131	-0.366117	0.0114733	-1	-1	3
804	0.603786	93.1377	47	1.98165	-0.41524	0.0106072	-1	-1	3
805	0.603786	155.461	47	3.30767	-0.434858	0.0102972	-1	-1	3
806	0.603786	154.959	47	3.29699	-0.479725	0.00955636	-1	-1	3
807	0.603786	61.6019	47	1.31068	-0.0557503	0.0176968	-1	-1	3
808	0.603786	71.3069	47	1.51717	-0.201151	0.0146428	-1	-1	3
809	0.603786	66.947	47	1.4244	-0.176824	0.015097	-1	-1	3
810	0.603786	45.5312	47	0.968748	-0.210829	0.0143988	-1	-1	3
811	0.603786	58.8739	47	1.25264	-0.288361	0.0128958	-1	-1	3
812	0.603786	95.4357	47	2.03055	-0.321822	0.0122817	-1	-1	3
813	0.603786	97.2323	47	2.06877	-0.330524	0.0121363	-1	-1	3
814	0.603786	126.8	47	2.69787	-0.361182	0.0115797	-1	-1	3
815	0.603786	123.51	47	2.62788	-0.382084	0.0112024	-1	-1	3
816	0.603786	84.1788	47	1.79104	-0.401207	0.0108408	-1	-1	3
817	0.603786	127.243	47	2.7073	-0.445495	0.0100967	-1	-1	3
818	0.603786	47.7332	47	1.0156	-0.133793	0.0159393	-1	-1	3
819	0.603786	61.1216	47	1.30046	-0.226728	0.0140427	-1	-1	3
820	0.603786	134.094	47	2.85307	-0.315516	0.0124268	-1	-1	3
821	0.603786	77.3164	47	1.64503	-0.27662	0.0131179	-1	-1	3
822	0.603786	45.0171	47	0.957812	-0.27053	0.0131929	-1	-1	3
823	0.603786	71.2809	47	1.51661	-0.352925	0.0116969	-1	-1	3
824	0.603786	53.8043	47	1.14477	-0.299344	0.012645	-1	-1	3
825	0.603786	101.541	47	2.16044	-0.337502	0.0119995	-1	-1	3
826	0.603786	146.558	47	3.11825	-0.382916	0.0111967	-1	-1	3
827	0.603786	203.144	47	4.32222	-0.421198	0.0105521	-1	-1	3
828	0.603786	158.563	47	3.37369	-0.451872	0.00999698	-1	-1	3
829	0.603786	198.249	47	4.21806	-0.468705	0.00973105	-1	-1	3
830	0.603786	60.7493	47	1.29254	0.108083	0.0214458	-1	-1	3
831	0.603786	86.3215	47	1.83663	-0.213247	0.0144001	-1	-1	3
832	0.603786	43.2592	47	0.920409	-0.155987	0.0154993	-1	-1	3
833	0.603786	46.9444	47	0.998817	-0.212105	0.0143664	-1	-1	3
834	0.603786	101.665	47	2.16308	-0.221449	0.0141833	-1	-1	3
835	0.603786	59.0046	47	1.25542	-0.238434	0.0138476	-1	-1	3
836	0.603786	119.06	47	2.5332	-0.246537	0.0137155	-1	-1	3
837	0.603786	124.475	47	2.6484	-0.356939	0.011663	-1	-1	3
838	0.603786	99.9565	47	2.12673	-0.291661	0.012825	-1	-1	3
839	0.603786	82.7268	47	1.76014	-0.286578	0.0129236	-1	-1	3
840	0.603786	103.066	47	2.1929	-0.347107	0.0118209	-1	-1	3
841	0.603786	115.007	47	2.44695	-0.359396	0.0116073	-1	-1	3
842	0.603786	113.113	47	2.40666	-0.388982	0.0110738	-1	-1	3
843	0.603786	144.895	47	3.08288	-0.397328	0.0109365	-1	-1	3
844	0.603786	152.61	47	3.24701	-0.413952	0.0106533	-1	-1	3
845	0.603786	99.085	47	2.10819	-0.378009	0.0112407	-1	-1	3
846	0.603786	106.642	47	2.26897	-0.413122	0.0106347	-1	-1	3
847	0.603786	162.758	47	3.46295	-0.446851	0.0100785	-1	-1	3
848	0.603786	67.6241	47	1.43881	-0.416515	0.0105468	-1	-1	3
849	0.603786	140.372	47	2.98664	-0.4847	0.00945495	-1	-1	3
850	0.603786	30.3953	47	0.646709	-0.135334	0.0159429	-1	-1	3
851	0.603786	59.1955	47	1.25948	-0.173698	0.0151504	-1	-1	3
852	0.603786	64.9583	47	1.38209	-0.153668	0.015537	-1	-1	3
853	0.603786	145.474	47	3.0952	-0.225429	0.0141564	-1	-1	3
854	0.603786	67.1455	47	1.42863	-0.199867	0.0146018	-1	-1	3
855	0.603786	81.4428	47	1.73283	-0.254374	0.0135537	-1	-1	3
856	0.603786	71.099	47	1.51275	-0.246657	0.0136932	-1	-1	3
857	0.603786	76.8261	47	1.6346	-0.255903	0.0135137	-1	-1	3
858	0.603786	121.503	47	2.58517	-0.292987	0.0128343	-1	-1	3
859	0.603786	86.5546	47	1.84159	-0.312807	0.0124316	-1	-1	3
860	0.603786	45.3315	47	0.9645	-0.227216	0.0140441	-1	-1	3
861	0.603786	70.4741	47	1.49945	-0.322002	0.01223	-1	-1	3
862	0.603786	123.225	47	2.62181	-0.370761	0.0113927	-1	-1	3
863	0.603786	137.067	47	2.91631	-0.401981	0.0108392	-1	-1	3
864	0.603786	133.856	47	2.84801	-0.398362	0.0109071	-1	-1	3
865	0.603786	69.2122	47	1.4726	-0.365464	0.0114402	-1	-1	3
866	0.603786	125.918	47	2.6791	-0.501287	0.00915926	-1	-1	3
867	0.603786	44.7345	47	0.951798	0.0746656	0.0206547	-1	-1	3
868	0.603786	67.5565	47	1.43737	-0.117885	0.0163181	-1	-1	3
869	0.603786	42.1207	47	0.896186	-0.174439	0.0151132	-1	-1	3
870	0.603786	84.6639	47	1.80136	-0.202298	0.0145911	-1	-1	3
871	0.603786	65.8537	47	1.40114	-0.192886	0.0147255	-1	-1	3
872	0.603786	53.1751	47	1.13139	-0.184736	0.0148769	-1	-1	3
873	0.603786	47.6202	47	1.0132	-0.219269	0.0141865	-1	-1	3
874	0.603786	69.5394	47	1.47956	-0.230526	0.0139991	-1	-1	3
875	0.603786	36.3592	47	0.7736	-0.173246	0.0150819	-1	-1	3
876	0.603786	93.9317	47	1.99855	-0.280906	0.0130501	-1	-1	3
877	0.603786	74.3317	47	1.58152	-0.272861	0.013192	-1	-1	3
878	0.603786	41.398	47	0.880808	-0.242138	0.013728	-1	-1	3
879	0.603786	38.2345	47	0.8135	-0.259408	0.013398	-1	-1	3
880	0.603786	54.4549	47	1.15861	-0.279966	0.0130082	-1	-1	3
881	0.603786	69.2756	47	1.47395	-0.306674	0.0125202	-1	-1	3
882	0.603786	138.732	47	2.95174	-0.365294	0.0114958	-1	-1	3
883	0.603786	66.3631	47	1.41198	-0.318315	0.0123055	-1	-1	3
884	0.603786	101.817	47	2.16632	-0.349428	0.0117409	-1	-1	3
885	0.603786	76.3365	47	1.62418	-0.365778	0.0114463	-1	-1	3
886	0.603786	117.13	47	2.49214	-0.389082	0.0110626	-1	-1	3
887	0.603786	145.292	47	3.09132	-0.388581	0.0110829	-1	-1	3
888	0.603786	121.478	47	2.58464	-0.389903	0.0110301	-1	-1	3
889	0.603786	31.8907	47	0.678526	-0.0756835	0.0171666	-1	-1	3
890	0.603786	48.06	47	1.02255	-0.0896249	0.016881	-1	-1	3
891	0.603786	61.1058	47	1.30012	-0.0644915	0.0174256	-1	-1	3
892	0.603786	50.6867	47	1.07844	-0.120482	0.0162295	-1	-1	3
893	0.603786	58.7442	47	1.24988	-0.174287	0.0150965	-1	-1	3
894	0.603786	54.9103	47	1.1683	-0.208667	0.0143988	-1	-1	3
895	0.603786	47.3072	47	1.00654	-0.206454	0.0144498	-1	-1	3
896	0.603786	81.0243	47	1.72392	-0.251192	0.013571	-1	-1	3
897	0.603786	85.884	47	1.82732	-0.240041	0.0138113	-1	-1	3
898	0.603786	95.7594	47	2.03743	-0.308658	0.012512	-1	-1	3
899	0.603786	50.5258	47	1.07502	-0.233193	0.0139039	-1	-1	3
900	0.603786	112.261	47	2.38852	-0.312967	0.0124332	-1	-1	3
901	0.603786	101.958	47	2.16931	-0.327446	0.0121772	-1	-1	3
902	0.603786	74.6398	47	1.58808	-0.299929	0.0126394	-1	-1	3
903	0.603786	90.8621	47	1.93324	-0.348325	0.0117741	-1	-1	3
904	0.603786	117.365	47	2.49713	-0.357524	0.0116165	-1	-1	3
905	0.603786	101.547	47	2.16057	-0.395243	0.0109431	-1	-1	3
906	0.603786	79.3189	47	1.68764	-0.41346	0.010626	-1	-1	3
907	0.603786	99.0916	47	2.10833	-0.413307	0.0106262	-1	-1	3
908	0.603786	124.149	47	2.64147	-0.407773	0.0107335	-1	-1	3
909	0.603786	66.7552	47	1.42032	-0.361204	0.0115067	-1	-1	3
910	0.603786	45.778	47	0.974001	0.0212473	0.0193194	-1	-1	3
911	0.603786	33.162	47	0.705575	0.0484957	0.0199575	-1	-1	3
912	0.603786	48.1483	47	1.02443	-0.0474251	0.0177967	-1	-1	3
913	0.603786	49.2805	47	1.04852	-0.0373255	0.0179818	-1	-1	3
914	0.603786	49.7366	47	1.05823	-0.0799457	0.0170784	-1	-1	3
915	0.603786	62.8222	47	1.33664	-0.156607	0.0154841	-1	-1	3
916	0.603786	60.0647	47	1.27797	-0.167758	0.0152634	-1	-1	3
917	0.603786	68.7054	47	1.46182	-0.102575	0.0165365	-1	-1	3
918	0.603786	47.3742	47	1.00796	-0.158952	0.0153866	-1	-1	3
919	0.603786	42.8788	47	0.912315	-0.210889	0.014352	-1	-1	3
920	0.603786	39.3923	47	0.838134	-0.210747	0.0143523	-1	-1	3
921	0.603786	86.8604	47	1.84809	-0.250795	0.0135785	-1	-1	3
922	0.603786	72.4776	47	1.54208	-0.261993	0.0133692	-1	-1	3
923	0.603786	60.8904	47	1.29554	-0.240871	0.0137214	-1	-1	3
924	0.603786	71.7194	47	1.52594	-0.27527	0.0131197	-1	-1	3
925	0.603786	95.6783	47	2.03571	-0.304275	0.0125866	-1	-1	3
926	0.603786	45.9976	47	0.978672	-0.253286	0.0135013	-1	-1	3
927	0.603786	63.9636	47	1.36093	-0.279896	0.0129871	-1	-1	3
928	0.603786	60.9114	47	1.29599	-0.299008	0.0126506	-1	-1	3
929	0.603786	73.2837	47	1.55923	-0.340586	0.011909	-1	-1	3
930	0.603786	82.3234	47	1.75156	-0.373741	0.0113047	-1	-1	3
931	0.603786	126.281	47	2.68684	-0.37897	0.0112286	-1	-1	3
932	0.603786	78.6391	47	1.67317	-0.390148	0.0109799	-1	-1	3
933	0.603786	87.7497	47	1.86701	-0.405029	0.0107395	-1	-1	3
934	0.603786	105.932	47	2.25386	-0.441327	0.0101375	-1	-1	3
935	0.603786	58.346	47	1.2414	0.0324738	0.0196173	-1	-1	3
936	0.603786	76.9646	47	1.63754	-0.123878	0.0161997	-1	-1	3
937	0.603786	45.7775	47	0.973989	-0.0750973	0.0171206	-1	-1	3
938	0.603786	87.8047	47	1.86819	-0.199854	0.0146183	-1	-1	3
939	0.603786	50.6024	47	1.07665	-0.176099	0.0150393	-1	-1	3
940	0.603786	60.6065	47	1.2895	-0.183947	0.0148724	-1	-1	3
941	0.603786	44.4471	47	0.945682	-0.219006	0.0141921	-1	-1	3
942	0.603786	60.5044	47	1.28733	-0.225792	0.0140518	-1	-1	3
943	0.603786	86.0685	47	1.83124	-0.242053	0.0137538	-1	-1	3
944	0.603786	53.1023	47	1.12984	-0.265674	0.0132899	-1	-1	3
945	0.603786	94.9503	47	2.02022	-0.26449	0.0133295	-1	-1	3
946	0.603786	78.646	47	1.67332	-0.302051	0.0126188	-1	-1	3
947	0.603786	62.8722	47	1.33771	-0.320574	0.01224	-1	-1	3
948	0.603786	103.58	47	2.20383	-0.342258	0.0118633	-1	-1	3
949	0.603786	57.8936	47	1.23178	-0.329208	0.0120456	-1	-1	3
950	0.603786	48.1847	47	1.02521	-0.309426	0.012431	-1	-1	3
951	0.603786	87.545	47	1.86266	-0.361501	0.0115147	-1	-1	3
952	0.603786	66.3241	47	1.41115	-0.386341	0.0110749	-1	-1	3
953	0.603786	134.786	47	2.86778	-0.487555	0.00937641	-1	-1	3
954	0.603786	35.3642	47	0.752431	0.0596975	0.0202341	-1	-1	3
955	0.603786	48.4292	47	1.03041	-0.0162673	0.018509	-1	-1	3
956	0.603786	74.9761	47	1.59524	-0.10122	0.016675	-1	-1	3
957	0.603786	36.569	47	0.778064	-0.00156799	0.0187804	-1	-1	3
958	0.603786	50.9138	47	1.08327	-0.0184632	0.0183907	-1	-1	3
959	0.603786	56.6966	47	1.20631	-0.134155	0.0158523	-1	-1	3
960	0.603786	34.4835	47	0.733691	-0.139542	0.0157519	-1	-1	3
961	0.603786	53.2752	47	1.13351	-0.157954	0.0153822	-1	-1	3
962	0.603786	95.3399	47	2.02851	-0.236423	0.0138916	-1	-1	3
963	0.603786	72.1886	47	1.53593	-0.206071	0.0143998	-1	-1	3
964	0.603786	50.8733	47	1.08241	-0.201362	0.0145253	-1	-1	3
965	0.603786	46.9604	47	0.999158	-0.25054	0.0135528	-1	-1	3
966	0.603786	40.6304	47	0.864476	-0.211947	0.0142584	-1	-1	3
967	0.603786	52.6557	47	1.12033	-0.264243	0.0133035	-1	-1	3
968	0.603786	58.9621	47	1.25451	-0.215086	0.0142019	-1	-1	3
969	0.603786	55.4749	47	1.18032	-0.264381	0.0133034	-1	-1	3
970	0.603786	46.8568	47	0.996954	-0.218819	0.0141251	-1	-1	3
971	0.603786	56.8584	47	1.20975	-0.276097	0.0130763	-1	-1	3
972	0.603786	93.754	47	1.99477	-0.305815	0.0125483	-1	-1	3
973	0.603786	50.9509	47	1.08406	-0.22233	0.0140807	-1	-1	3
974	0.603786	70.4624	47	1.4992	-0.297955	0.0126716	-1	-1	3
975	0.603786	59.7359	47	1.27098	-0.300505	0.0125798	-1	-1	3
976	0.603786	76.2924	47	1.62324	-0.345765	0.0117837	-1	-1	3
977	0.603786	47.4521	47	1.00962	-0.32194	0.0121697	-1	-1	3
978	0.603786	131.53	47	2.7985	-0.354379	0.0116468	-1	-1	3
979	0.603786	53.4026	47	1.13622	0.0569799	0.020145	-1	-1	3
980	0.603786	49.0085	47	1.04273	-0.121019	0.0161801	-1	-1	3
981	0.603786	60.5249	47	1.28776	-0.154526	0.0154899	-1	-1	3
982	0.603786	55.5997	47	1.18297	-0.172561	0.0151395	-1	-1	3
983	0.603786	62.834	47	1.33689	-0.118659	0.016151	-1	-1	3
984	0.603786	35.4403	47	0.75405	-0.191768	0.0147087	-1	-1	3
985	0.603786	41.5865	47	0.884819	-0.21261	0.0142662	-1	-1	3
986	0.603786	67.4448	47	1.435	-0.247403	0.0136135	-1	-1	3
987	0.603786	59.1882	47	1.25932	-0.280368	0.0129918	-1	-1	3
988	0.603786	67.1841	47	1.42945	-0.284436	0.0129444	-1	-1	3
989	0.603786	48.9594	47	1.04169	-0.230215	0.013908	-1	-1	3
990	0.603786	92.0144	47	1.95775	-0.309786	0.0124658	-1	-1	3
991	0.603786	112.999	47	2.40423	-0.299007	0.0126758	-1	-1	3
992	0.603786	99.117	47	2.10887	-0.312276	0.0124191	-1	-1	3
993	0.603786	26.2969	47	0.559508	-0.324006	0.0121428	-1	-1	3
994	0.603786	59.0358	47	1.25608	-0.341714	0.0118488	-1	-1	3
995	0.603786	70.0109	47	1.48959	-0.335271	0.0119571	-1	-1	3
996	0.603786	52.8236	47	1.12391	-0.300453	0.0125422	-1	-1	3
997	0.603786	55.3476	47	1.17761	-0.0669029	0.0173701	-1	-1	3
998	0.603786	33.0526	47	0.703247	-0.019178	0.0183298	-1	-1	3
999	0.603786	37.796	47	0.80417	-0.0424501	0.0178454	-1	-1	3
1000	0.603786	50.8152	47	1.08117	-0.140765	0.0157708	-1	-1	3
1001	0.603786	39.9505	47	0.850011	-0.135588	0.0158776	-1	-1	3
1002	0.603786	46.1628	47	0.982188	-0.0862042	0.0168483	-1	-1	3
1003	0.603786	31.2127	47	0.6641	-0.127354	0.0159846	-1	-1	3
1004	0.603786	82.2912	47	1.75088	-0.194023	0.0147051	-1	-1	3
1005	0.603786	42.0519	47	0.89472	-0.152464	0.0154853	-1	-1	3
1006	0.603786	90.9928	47	1.93602	-0.202424	0.0145425	-1	-1	3
1007	0.603786	62.7264	47	1.3346	-0.198248	0.0145679	-1	-1	3
1008	0.603786	63.1321	47	1.34324	-0.209071	0.0143556	-1	-1	3
1009	0.603786	56.3043	47	1.19796	-0.211396	0.0143067	-1	-1	3
1010	0.603786	44.2006	47	0.940438	-0.261908	0.0132729	-1	-1	3
1011	0.603786	74.7559	47	1.59055	-0.284047	0.0129197	-1	-1	3
1012	0.603786	79.0094	47	1.68105	-0.303483	0.0125596	-1	-1	3
1013	0.603786	39.7765	47	0.846308	-0.269304	0.0131588	-1	-1	3
1014	0.603786	97.345	47	2.07117	-0.313501	0.0123761	-1	-1	3
1015	0.603786	44.8925	47	0.95516	-0.256183	0.0134002	-1	-1	3
1016	0.603786	89.9722	47	1.9143	-0.325429	0.0121677	-1	-1	3
1017	0.603786	55.8807	47	1.18895	-0.294232	0.0126984	-1	-1	3
1018	0.603786	58.7281	47	1.24953	-0.312685	0.0123631	-1	-1	3
1019	0.603786	118.619	47	2.5238	-0.355897	0.0116126	-1	-1	3
1020	0.603786	61.6734	47	1.3122	-0.32382	0.0121586	-1	-1	3
1021	0.603786	144.202	47	3.06812	-0.414261	0.0106018	-1	-1	3
1022	0.603786	46.822	47	0.996212	0.0622931	0.0202646	-1	-1	3
1023	0.603786	70.795	47	1.50628	0.119778	0.0215317	-1	-1	3
1024	0.603786	66.881	47	1.423	0.0583731	0.020066	-1	-1	3
1025	0.603786	45.316	47	0.96417	-0.0696895	0.0172946	-1	-1	3
1026	0.603786	59.581	47	1.26768	0.00680255	0.0189115	-1	-1	3
1027	0.603786	38.476	47	0.818639	-0.0628841	0.0173998	-1	-1	3
1028	0.603786	45.5122	47	0.968344	-0.0595714	0.0174798	-1	-1	3
1029	0.603786	42.9748	47	0.914358	-0.117432	0.0162166	-1	-1	3
1030	0.603786	49.6262	47	1.05588	-0.141136	0.0157576	-1	-1	3
1031	0.603786	73.0404	47	1.55405	-0.190738	0.014751	-1	-1	3
1032	0.603786	70.1098	47	1.4917	-0.195277	0.0146652	-1	-1	3
1033	0.603786	70.2375	47	1.49442	-0.228674	0.0140191	-1	-1	3
1034	0.603786	55.8784	47	1.1889	-0.199654	0.0144892	-1	-1	3
1035	0.603786	56.048	47	1.19251	-0.196348	0.0145885	-1	-1	3
1036	0.603786	51.0596	47	1.08638	-0.24189	0.0136789	-1	-1	3
1037	0.603786	133.917	47	2.8493	-0.270142	0.0132367	-1	-1	3
1038	0.603786	58.6871	47	1.24866	-0.280156	0.0129726	-1	-1	3
1039	0.603786	43.2965	47	0.921203	-0.302165	0.0125552	-1	-1	3
1040	0.603786	59.723	47	1.2707	-0.296851	0.0126756	-1	-1	3
1041	0.603786	40.9253	47	0.870751	-0.250555	0.0134831	-1	-1	3
1042	0.603786	76.0495	47	1.61808	-0.286088	0.0128862	-1	-1	3
1043	0.603786	100.641	47	2.14129	-0.321088	0.0122466	-1	-1	3
1044	0.603786	58.3247	47	1.24095	-0.308921	0.0124632	-1	-1	3
1045	0.603786	49.4056	47	1.05118	-0.346386	0.0117336	-1	-1	3
1046	0.603786	81.9598	47	1.74383	-0.385389	0.0110717	-1	-1	3
1047	0.603786	77.7646	47	1.65457	0.244944	0.0246715	-1	-1	3
1048	0.603786	32.7212	47	0.696195	-0.0563774	0.017545	-1	-1	3
1049	0.603786	47.2116	47	1.0045	-0.110506	0.0163583	-1	-1	3
1050	0.603786	49.3361	47	1.0497	-0.131327	0.0159197	-1	-1	3
1051	0.603786	60.3551	47	1.28415	-0.143985	0.0156781	-1	-1	3
1052	0.603786	59.8754	47	1.27394	-0.0801149	0.01695	-1	-1	3
1053	0.603786	55.2116	47	1.17472	-0.185738	0.0148153	-1	-1	3
1054	0.603786	64.3872	47	1.36994	-0.166437	0.0152147	-1	-1	3
1055	0.603786	54.9449	47	1.16904	-0.117561	0.0161671	-1	-1	3
1056	0.603786	57.0515	47	1.21386	-0.218747	0.0141651	-1	-1	3
1057	0.603786	53.5278	47	1.13889	-0.143562	0.0156393	-1	-1	3
1058	0.603786	70.8661	47	1.50779	-0.219035	0.0141925	-1	-1	3
1059	0.603786	50.451	47	1.07343	-0.174849	0.0150009	-1	-1	3
1060	0.603786	42.7715	47	0.910032	-0.202153	0.014473	-1	-1	3
1061	0.603786	68.2913	47	1.45301	-0.248046	0.0135738	-1	-1	3
1062	0.603786	46.78	47	0.99532	-0.261277	0.0133443	-1	-1	3
1063	0.603786	51.8555	47	1.10331	-0.278896	0.0129904	-1	-1	3
1064	0.603786	44.0352	47	0.936919	-0.236116	0.013748	-1	-1	3
1065	0.603786	42.2178	47	0.89825	-0.261012	0.0132917	-1	-1	3
1066	0.603786	68.6105	47	1.4598	-0.421116	0.0104475	-1	-1	3
1067	0.603786	80.0331	47	1.70283	-0.382329	0.0110917	-1	-1	3
1068	0.603786	96.5371	47	2.05398	0.186977	0.0231868	-1	-1	3
1069	0.603786	47.4689	47	1.00998	0.11345	0.0214375	-1	-1	3
1070	0.603786	35.6681	47	0.758896	0.0510799	0.0199705	-1	-1	3
1071	0.603786	50.689	47	1.07849	0.0195134	0.019234	-1	-1	3
1072	0.603786	53.0401	47	1.12851	0.0231127	0.019253	-1	-1	3
1073	0.603786	47.8598	47	1.01829	-0.0299048	0.0180468	-1	-1	3
1074	0.603786	80.1974	47	1.70633	-0.15486	0.0155078	-1	-1	3
1075	0.603786	28.6593	47	0.609773	-0.12281	0.0160944	-1	-1	3
1076	0.603786	73.7606	47	1.56937	-0.175616	0.0150738	-1	-1	3
1077	0.603786	32.7355	47	0.696499	-0.135649	0.0158049	-1	-1	3
1078	0.603786	49.6532	47	1.05645	-0.11785	0.0162033	-1	-1	3
1079	0.603786	65.364	47	1.39072	-0.055226	0.0174641	-1	-1	3
1080	0.603786	34.8215	47	0.740884	-0.139063	0.0157427	-1	-1	3
1081	0.603786	50.5852	47	1.07628	-0.162326	0.0153026	-1	-1	3
1082	0.603786	47.6222	47	1.01324	-0.129978	0.0158658	-1	-1	3
1083	0.603786	54.2989	47	1.1553	-0.194943	0.0146364	-1	-1	3
1084	0.603786	47.8287	47	1.01763	-0.143316	0.0156306	-1	-1	3
1085	0.603786	42.2024	47	0.897924	-0.182984	0.0148279	-1	-1	3
1086	0.603786	50.8724	47	1.08239	-0.241233	0.0136987	-1	-1	3
1087	0.603786	40.7549	47	0.867125	-0.225457	0.0139783	-1	-1	3
1088	0.603786	55.3564	47	1.1778	-0.257746	0.0134233	-1	-1	3
1089	0.603786	63.1465	47	1.34354	-0.304635	0.0125246	-1	-1	3
1090	0.603786	84.7236	47	1.80263	-0.308739	0.012439	-1	-1	3
1091	0.603786	66.7337	47	1.41987	-0.31237	0.0123721	-1	-1	3
1092	0.603786	105.589	47	2.24658	-0.313959	0.0123592	-1	-1	3
1093	0.603786	87.8029	47	1.86815	-0.409809	0.0106561	-1	-1	3
1094	0.603786	116.211	47	2.47257	0.320545	0.026598	-1	-1	3
1095	0.603786	48.2097	47	1.02574	0.0489276	0.0198904	-1	-1	3
1096	0.603786	86.5386	47	1.84125	0.130919	0.0217651	-1	-1	3
1097	0.603786	42.2832	47	0.899643	-0.0291589	0.0181347	-1	-1	3
1098	0.603786	52.3637	47	1.11412	-0.047915	0.0177425	-1	-1	3
1099	0.603786	63.8022	47	1.35749	0.0136231	0.0190276	-1	-1	3
1100	0.603786	32.9955	47	0.702033	-0.0597325	0.017428	-1	-1	3
1101	0.603786	49.5718	47	1.05472	-0.0894941	0.0167932	-1	-1	3
1102	0.603786	45.4595	47	0.967223	-0.1019	0.0165269	-1	-1	3
1103	0.603786	63.735	47	1.35606	-0.0993951	0.0165664	-1	-1	3
1104	0.603786	100.956	47	2.14799	-0.181039	0.0149561	-1	-1	3
1105	0.603786	57.366	47	1.22055	-0.147921	0.0155686	-1	-1	3
1106	0.603786	60.304	47	1.28306	-0.192783	0.0146851	-1	-1	3
1107	0.603786	45.7059	47	0.972467	-0.122198	0.0160638	-1	-1	3
1108	0.603786	58.6137	47	1.2471	-0.20852	0.0143581	-1	-1	3
1109	0.603786	59.5345	47	1.26669	-0.115928	0.0161558	-1	-1	3
1110	0.603786	67.1778	47	1.42931	-0.219993	0.0141409	-1	-1	3
1111	0.603786	79.2862	47	1.68694	-0.229034	0.0139756	-1	-1	3
1112	0.603786	45.7709	47	0.973848	-0.178798	0.0149195	-1	-1	3
1113	0.603786	46.9992	47	0.999984	-0.20629	0.0143647	-1	-1	3
1114	0.603786	49.8377	47	1.06038	-0.245214	0.0135981	-1	-1	3
1115	0.603786	43.7795	47	0.931479	-0.267059	0.0131858	-1	-1	3
1116	0.603786	74.4725	47	1.58452	-0.294417	0.0126959	-1	-1	3
1117	0.603786	83.0115	47	1.7662	-0.280914	0.012947	-1	-1	3
1118	0.603786	72.8963	47	1.55099	-0.32416	0.0121611	-1	-1	3
1119	0.603786	88.1333	47	1.87518	-0.350907	0.0116674	-1	-1	3
1120	0.603786	82.9023	47	1.76388	-0.417803	0.0105002	-1	-1	3
1121	0.603786	177.893	47	3.78496	-0.442834	0.0101136	-1	-1	3
1122	0.603786	46.3839	47	0.986892	0.16592	0.0227198	-1	-1	3
1123	0.603786	44.9947	47	0.957333	0.102239	0.0211003	-1	-1	3
1124	0.603786	48.9385	47	1.04125	0.0119841	0.0190233	-1	-1	3
1125	0.603786	57.522	47	1.22387	0.0309261	0.0193964	-1	-1	3
1126	0.603786	45.2806	47	0.963417	-0.0406708	0.0178126	-1	-1	3
1127	0.603786	38.5353	47	0.819901	-0.0578646	0.0174636	-1	-1	3
1128	0.603786	55.8891	47	1.18913	-0.105836	0.016426	-1	-1	3
1129	0.603786	56.9526	47	1.21176	-0.11529	0.0162461	-1	-1	3
1130	0.603786	36.356	47	0.773532	-0.126071	0.0159478	-1	-1	3
1131	0.603786	47.3255	47	1.00692	-0.155925	0.0153407	-1	-1	3
1132	0.603786	32.9924	47	0.701967	-0.180829	0.0148522	-1	-1	3
1133	0.603786	82.8172	47	1.76207	-0.225185	0.0140294	-1	-1	3
1134	0.603786	56.1908	47	1.19555	-0.209209	0.0142961	-1	-1	3
1135	0.603786	71.3298	47	1.51766	-0.259566	0.0133794	-1	-1	3
1136	0.603786	45.5369	47	0.968871	-0.208868	0.0143141	-1	-1	3
1137	0.603786	59.6002	47	1.26809	-0.280561	0.0129538	-1	-1	3
1138	0.603786	45.906	47	0.976724	-0.269244	0.0131076	-1	-1	3
1139	0.603786	36.0367	47	0.766739	-0.308622	0.0123714	-1	-1	3
1140	0.603786	43.4953	47	0.925431	0.0556354	0.020047	-1	-1	3
1141	0.603786	73.8085	47	1.57039	0.147044	0.022193	-1	-1	3
1142	0.603786	44.5592	47	0.948069	0.0469469	0.0197999	-1	-1	3
1143	0.603786	52.5255	47	1.11756	-0.0765765	0.0171217	-1	-1	3
1144	0.603786	61.9838	47	1.3188	0.0158512	0.0190686	-1	-1	3
1145	0.603786	51.3766	47	1.09312	0.0196029	0.0191975	-1	-1	3
1146	0.603786	75.5642	47	1.60775	0.037081	0.0195145	-1	-1	3
1147	0.603786	40.2034	47	0.855391	-0.0360406	0.0179724	-1	-1	3
1148	0.603786	51.1058	47	1.08736	-0.0450754	0.0177832	-1	-1	3
1149	0.603786	45.6649	47	0.971595	-0.130851	0.0159277	-1	-1	3
1150	0.603786	56.2457	47	1.19672	-0.0550364	0.0174961	-1	-1	3
1151	0.603786	60.6413	47	1.29024	-0.0679443	0.0171889	-1	-1	3
1152	0.603786	43.7239	47	0.930296	-0.0980294	0.0165827	-1	-1	3
1153	0.603786	44.3495	47	0.943607	-0.0798821	0.0169582	-1	-1	3
1154	0.603786	51.8597	47	1.1034	-0.105184	0.016429	-1	-1	3
1155	0.603786	69.9494	47	1.48828	-0.0594579	0.0173344	-1	-1	3
1156	0.603786	52.0408	47	1.10725	-0.133611	0.0158318	-1	-1	3
1157	0.603786	40.0746	47	0.852651	-0.166455	0.0151606	-1	-1	3
1158	0.603786	36.0216	47	0.766417	-0.171842	0.0150666	-1	-1	3
1159	0.603786	63.5631	47	1.35241	-0.173641	0.0150289	-1	-1	3
1160	0.603786	69.1874	47	1.47207	-0.115505	0.0161631	-1	-1	3
1161	0.603786	57.6425	47	1.22644	-0.177939	0.0149384	-1	-1	3
1162	0.603786	55.9244	47	1.18988	-0.155416	0.0153516	-1	-1	3
1163	0.603786	59.3509	47	1.26278	-0.175451	0.0149229	-1	-1	3
1164	0.603786	52.9627	47	1.12687	-0.223715	0.0140318	-1	-1	3
1165	0.603786	64.295	47	1.36798	-0.241283	0.0136999	-1	-1	3
1166	0.603786	88.8196	47	1.88978	-0.223997	0.014039	-1	-1	3
1167	0.603786	31.2193	47	0.66424	-0.22416	0.0139856	-1	-1	3
1168	0.603786	55.987	47	1.19121	-0.272337	0.0130865	-1	-1	3
1169	0.603786	130.201	47	2.77023	-0.453115	0.00990175	-1	-1	3
1170	0.603786	117.715	47	2.50458	0.247373	0.0246355	-1	-1	3
1171	0.603786	40.1513	47	0.854284	0.0690161	0.0203632	-1	-1	3
1172	0.603786	42.3907	47	0.90193	0.0743307	0.0204297	-1	-1	3
1173	0.603786	62.0199	47	1.31957	0.0474297	0.0198007	-1	-1	3
1174	0.603786	38.1454	47	0.811604	-0.00999651	0.0185041	-1	-1	3
1175	0.603786	48.2561	47	1.02673	-0.0082567	0.0185421	-1	-1	3
1176	0.603786	127.121	47	2.7047	0.0600908	0.0200073	-1	-1	3
1177	0.603786	33.6046	47	0.714992	-0.0632641	0.0173429	-1	-1	3
1178	0.603786	75.4372	47	1.60505	0.0867236	0.0206613	-1	-1	3
1179	0.603786	67.2417	47	1.43067	-0.0106573	0.0184232	-1	-1	3
1180	0.603786	36.6794	47	0.780413	-0.108683	0.01637	-1	-1	3
1181	0.603786	83.0909	47	1.76789	-0.00109233	0.0186685	-1	-1	3
1182	0.603786	72.6171	47	1.54504	-0.0835159	0.0168614	-1	-1	3
1183	0.603786	64.1004	47	1.36384	-0.167239	0.0151849	-1	-1	3
1184	0.603786	33.1606	47	0.705544	-0.0841278	0.0168659	-1	-1	3
1185	0.603786	57.3917	47	1.2211	-0.109675	0.0163152	-1	-1	3
1186	0.603786	50.6584	47	1.07784	-0.109099	0.0163457	-1	-1	3
1187	0.603786	40.3743	47	0.859027	-0.152327	0.0154424	-1	-1	3
1188	0.603786	54.5069	47	1.15972	-0.180893	0.0148816	-1	-1	3
1189	0.603786	53.112	47	1.13004	-0.175998	0.014926	-1	-1	3
1190	0.603786	53.5584	47	1.13954	-0.230047	0.0138515	-1	-1	3
1191	0.603786	67.5914	47	1.43811	-0.272271	0.0131129	-1	-1	3
1192	0.603786	48.194	47	1.0254	-0.321765	0.0121277	-1	-1	3
1193	0.603786	109.949	47	2.33934	-0.391669	0.0109348	-1	-1	3
1194	0.603786	61.3591	47	1.30551	-0.387751	0.0109565	-1	-1	3
1195	0.603786	60.3427	47	1.28389	0.292582	0.0259293	-1	-1	3
1196	0.603786	81.5802	47	1.73575	0.133818	0.0218263	-1	-1	3
1197	0.603786	45.1381	47	0.960384	0.114383	0.0213855	-1	-1	3
1198	0.603786	63.3823	47	1.34856	0.0163783	0.019097	-1	-1	3
1199	0.603786	38.7715	47	0.824925	0.0139349	0.0190546	-1	-1	3
1200	0.603786	47.5064	47	1.01078	-0.054865	0.0175212	-1	-1	3
1201	0.603786	52.7275	47	1.12186	-0.0623587	0.0173546	-1	-1	3
1202	0.603786	57.7719	47	1.22919	-0.0350556	0.0178923	-1	-1	3
1203	0.603786	65.526	47	1.39417	-0.0984349	0.0165953	-1	-1	3
1204	0.603786	44.6852	47	0.950749	-0.0933215	0.0166538	-1	-1	3
1205	0.603786	40.8578	47	0.869314	-0.0988586	0.0165305	-1	-1	3
1206	0.603786	57.0251	47	1.2133	-0.136989	0.0157476	-1	-1	3
1207	0.603786	57.2622	47	1.21835	-0.0409298	0.017745	-1	-1	3
1208	0.603786	63.1412	47	1.34343	-0.17145	0.0150507	-1	-1	3
1209	0.603786	47.1845	47	1.00393	-0.172596	0.0150427	-1	-1	3
1210	0.603786	29.5536	47	0.6288	-0.170764	0.015059	-1	-1	3
1211	0.603786	55.3826	47	1.17835	-0.162356	0.0151845	-1	-1	3
1212	0.603786	69.476	47	1.47821	-0.249322	0.0135481	-1	-1	3
1213	0.603786	58.6814	47	1.24854	-0.262398	0.0132905	-1	-1	3
1214	0.603786	42.721	47	0.908957	-0.253431	0.0134136	-1	-1	3
1215	0.603786	45.083	47	0.959214	-0.286265	0.0128166	-1	-1	3
1216	0.603786	46.0824	47	0.980478	0.276222	0.0255098	-1	-1	3
1217	0.603786	40.3665	47	0.858863	-0.0168379	0.0184037	-1	-1	3
1218	0.603786	51.3882	47	1.09337	0.00616385	0.0188231	-1	-1	3
1219	0.603786	78.2411	47	1.6647	0.0689043	0.0202239	-1	-1	3
1220	0.603786	67.8277	47	1.44314	-0.0581851	0.0174342	-1	-1	3
1221	0.603786	48.7186	47	1.03657	-0.0521849	0.0175336	-1	-1	3
1222	0.603786	91.2432	47	1.94135	0.0405159	0.0195705	-1	-1	3
1223	0.603786	72.55	47	1.54362	-0.0968158	0.0166155	-1	-1	3
1224	0.603786	36.5301	47	0.777236	-0.0835135	0.0169106	-1	-1	3
1225	0.603786	56.3621	47	1.19919	-0.0779031	0.0170243	-1	-1	3
1226	0.603786	49.1326	47	1.04538	-0.056744	0.0174106	-1	-1	3
1227	0.603786	54.7216	47	1.16429	-0.0751616	0.0170262	-1	-1	3
1228	0.603786	43.2198	47	0.919569	-0.105781	0.0163804	-1	-1	3
1229	0.603786	61.7843	47	1.31456	-0.10371	0.0164146	-1	-1	3
1230	0.603786	39.9867	47	0.85078	-0.122964	0.0160418	-1	-1	3
1231	0.603786	41.2759	47	0.878211	-0.154938	0.0153868	-1	-1	3
1232	0.603786	62.7614	47	1.33535	-0.190893	0.0146534	-1	-1	3
1233	0.603786	63.8846	47	1.35925	-0.204516	0.0143776	-1	-1	3
1234	0.603786	68.9532	47	1.46709	-0.156233	0.0152867	-1	-1	3
1235	0.603786	44.027	47	0.936744	-0.336164	0.0118431	-1	-1	3
1236	0.603786	55.2564	47	1.17567	0.111336	0.0213841	-1	-1	3
1237	0.603786	104.593	47	2.22538	0.195753	0.0233633	-1	-1	3
1238	0.603786	71.695	47	1.52543	0.18203	0.0230844	-1	-1	3
1239	0.603786	63.9983	47	1.36167	0.176445	0.0229056	-1	-1	3
1240	0.603786	100.936	47	2.14757	0.177738	0.0228595	-1	-1	3
1241	0.603786	63.0622	47	1.34175	0.0280589	0.0193822	-1	-1	3
1242	0.603786	95.4727	47	2.03133	0.143716	0.0220403	-1	-1	3
1243	0.603786	85.5421	47	1.82004	0.130031	0.0216926	-1	-1	3
1244	0.603786	49.8121	47	1.05983	0.0923362	0.0208304	-1	-1	3
1245	0.603786	62.7344	47	1.33477	0.00951838	0.018918	-1	-1	3
1246	0.603786	29.3138	47	0.623698	-0.00377893	0.0186703	-1	-1	3
1247	0.603786	37.3821	47	0.795364	-0.0165292	0.0183661	-1	-1	3
1248	0.603786	62.9069	47	1.33845	-0.0335318	0.0179415	-1	-1	3
1249	0.603786	82.9221	47	1.7643	0.0118748	0.0189016	-1	-1	3
1250	0.603786	75.3148	47	1.60244	-0.0714236	0.0171575	-1	-1	3
1251	0.603786	72.6741	47	1.54626	-0.00898195	0.0184342	-1	-1	3
1252	0.603786	46.5509	47	0.990444	-0.0603995	0.0173222	-1	-1	3
1253	0.603786	44.9158	47	0.955654	-0.0811648	0.0168628	-1	-1	3
1254	0.603786	41.1593	47	0.875729	-0.0737878	0.0170526	-1	-1	3
1255	0.603786	62.3197	47	1.32595	-0.0838467	0.016809	-1	-1	3
1256	0.603786	41.9156	47	0.89182	-0.140645	0.0156452	-1	-1	3
1257	0.603786	47.7401	47	1.01575	-0.120237	0.016058	-1	-1	3
1258	0.603786	41.5488	47	0.884018	-0.158937	0.0152904	-1	-1	3
1259	0.603786	57.0425	47	1.21367	-0.154362	0.0154156	-1	-1	3
1260	0.603786	62.42	47	1.32808	-0.197387	0.0145447	-1	-1	3
1261	0.603786	43.6889	47	0.92955	-0.228653	0.0139199	-1	-1	3
1262	0.603786	31.1072	47	0.661856	-0.214134	0.0141698	-1	-1	3
1263	0.603786	65.424	47	1.392	-0.299757	0.0125476	-1	-1	3
1264	0.603786	119.128	47	2.53464	0.521721	0.0322255	-1	-1	3
1265	0.603786	63.1206	47	1.34299	0.12596	0.0216431	-1	-1	3
1266	0.603786	59.9286	47	1.27508	0.154101	0.0222915	-1	-1	3
1267	0.603786	55.697	47	1.18504	-0.00922017	0.018528	-1	-1	3
1268	0.603786	80.634	47	1.71562	0.0834399	0.0205964	-1	-1	3
1269	0.603786	61.1948	47	1.30202	0.0506166	0.0198462	-1	-1	3
1270	0.603786	58.8017	47	1.2511	0.0836856	0.0205979	-1	-1	3
1271	0.603786	71.422	47	1.51962	0.0183194	0.0191134	-1	-1	3
1272	0.603786	65.7069	47	1.39802	0.0167121	0.0190732	-1	-1	3
1273	0.603786	66.8562	47	1.42247	-0.0600671	0.0173711	-1	-1	3
1274	0.603786	47.1658	47	1.00353	-0.0262981	0.0181158	-1	-1	3
1275	0.603786	128.382	47	2.73153	0.0758266	0.0203641	-1	-1	3
1276	0.603786	43.3158	47	0.921614	-0.0309284	0.0180471	-1	-1	3
1277	0.603786	45.8687	47	0.975929	-0.0417393	0.0177895	-1	-1	3
1278	0.603786	54.9662	47	1.16949	-0.0933525	0.0166769	-1	-1	3
1279	0.603786	44.2547	47	0.941588	-0.0882036	0.0167343	-1	-1	3
1280	0.603786	44.5845	47	0.948605	-0.139825	0.0156684	-1	-1	3
1281	0.603786	46.5012	47	0.989388	-0.157539	0.0153122	-1	-1	3
1282	0.603786	67.3178	47	1.43229	-0.154278	0.0153831	-1	-1	3
1283	0.603786	35.3971	47	0.753129	-0.187877	0.0147032	-1	-1	3
1284	0.603786	49.6472	47	1.05632	-0.187027	0.0147321	-1	-1	3
1285	0.603786	43.1906	47	0.918948	-0.211175	0.0142346	-1	-1	3
1286	0.603786	52.5519	47	1.11813	-0.213448	0.0141341	-1	-1	3
1287	0.603786	36.9561	47	0.786301	-0.300732	0.0125229	-1	-1	3
1288	0.603786	117.716	47	2.50459	0.642166	0.0359193	-1	-1	3
1289	0.603786	158.728	47	3.37719	0.584583	0.034127	-1	-1	3
1290	0.603786	84.0864	47	1.78907	0.35973	0.0277035	-1	-1	3
1291	0.603786	81.4304	47	1.73256	0.35286	0.0274742	-1	-1	3
1292	0.603786	56.2833	47	1.19752	0.250174	0.0247654	-1	-1	3
1293	0.603786	43.0431	47	0.915811	0.12296	0.0216875	-1	-1	3
1294	0.603786	74.8592	47	1.59275	0.172511	0.0227842	-1	-1	3
1295	0.603786	85.3248	47	1.81542	0.206123	0.0236091	-1	-1	3
1296	0.603786	37.1574	47	0.790584	0.0427955	0.0197238	-1	-1	3
1297	0.603786	59.7357	47	1.27097	0.0214566	0.0192411	-1	-1	3
1298	0.603786	50.4671	47	1.07377	0.105222	0.0211209	-1	-1	3
1299	0.603786	81.5096	47	1.73425	0.0621079	0.0200984	-1	-1	3
1300	0.603786	57.1073	47	1.21505	0.00229274	0.0187362	-1	-1	3
1301	0.603786	47.7713	47	1.01641	0.0241406	0.019255	-1	-1	3
1302	0.603786	170.908	47	3.63633	0.0950024	0.0207719	-1	-1	3
1303	0.603786	48.4025	47	1.02984	0.0148492	0.0190558	-1	-1	3
1304	0.603786	76.1578	47	1.62038	-0.0781285	0.016997	-1	-1	3
1305	0.603786	71.4103	47	1.51937	-0.051006	0.017499	-1	-1	3
1306	0.603786	54.4063	47	1.15758	-0.0478833	0.0176127	-1	-1	3
1307	0.603786	40.6481	47	0.864854	-0.126724	0.015924	-1	-1	3
1308	0.603786	65.2081	47	1.38741	-0.143736	0.0155614	-1	-1	3
1309	0.603786	39.9592	47	0.850195	-0.171246	0.0150358	-1	-1	3
1310	0.603786	53.2485	47	1.13295	-0.164392	0.0151893	-1	-1	3
1311	0.603786	44.3243	47	0.94307	-0.193585	0.0145803	-1	-1	3
1312	0.603786	46.1846	47	0.98265	-0.159678	0.0152198	-1	-1	3
1313	0.603786	38.2176	47	0.81314	-0.271169	0.0131143	-1	-1	3
1314	0.603786	39.5797	47	0.842122	-0.254677	0.0134158	-1	-1	3
1315	0.603786	50.573	47	1.07602	-0.345718	0.0116829	-1	-1	3
1316	0.603786	87.0637	47	1.85242	0.365405	0.0278728	-1	-1	3
1317	0.603786	46.6916	47	0.993439	0.224915	0.024208	-1	-1	3
1318	0.603786	62.271	47	1.32491	0.167695	0.0227509	-1	-1	3
1319	0.603786	101.893	47	2.16794	0.203328	0.0235556	-1	-1	3
1320	0.603786	60.5913	47	1.28918	0.0986782	0.0210638	-1	-1	3
1321	0.603786	38.3325	47	0.815584	0.204064	0.0236281	-1	-1	3
1322	0.603786	57.4741	47	1.22285	0.139803	0.0220163	-1	-1	3
1323	0.603786	94.9962	47	2.0212	0.221495	0.0239595	-1	-1	3
1324	0.603786	60.7241	47	1.292	0.100628	0.0210584	-1	-1	3
1325	0.603786	80.7882	47	1.7189	0.0966524	0.0209586	-1	-1	3
1326	0.603786	27.7314	47	0.59003	0.0903131	0.0208567	-1	-1	3
1327	0.603786	72.2322	47	1.53686	0.0800858	0.0205206	-1	-1	3
1328	0.603786	67.1973	47	1.42973	0.126947	0.0216607	-1	-1	3
1329	0.603786	71.9892	47	1.53168	0.05812	0.0200062	-1	-1	3
1330	0.603786	45.1208	47	0.960018	0.0414684	0.0196381	-1	-1	3
1331	0.603786	27.247	47	0.579722	-0.033171	0.0180176	-1	-1	3
1332	0.603786	60.5107	47	1.28746	0.0225229	0.0191864	-1	-1	3
1333	0.603786	50.6847	47	1.0784	-0.00261398	0.0186419	-1	-1	3
1334	0.603786	102.276	47	2.17608	0.0604244	0.0200234	-1	-1	3
1335	0.603786	63.5711	47	1.35258	-0.0664467	0.017233	-1	-1	3
1336	0.603786	37.698	47	0.802086	-0.0995955	0.0165591	-1	-1	3
1337	0.603786	37.1567	47	0.790569	-0.0894196	0.0167583	-1	-1	3
1338	0.603786	62.5821	47	1.33153	-0.0963908	0.0165412	-1	-1	3
1339	0.603786	34.7228	47	0.738782	-0.125533	0.0159661	-1	-1	3
1340	0.603786	35.4849	47	0.754999	-0.1981	0.0145399	-1	-1	3
1341	0.603786	49.0028	47	1.04261	-0.147746	0.0155049	-1	-1	3
1342	0.603786	77.7568	47	1.6544	-0.179596	0.0148614	-1	-1	3
1343	0.603786	45.0827	47	0.959207	-0.208814	0.0142829	-1	-1	3
1344	0.603786	64.9918	47	1.3828	-0.192669	0.0145454	-1	-1	3
1345	0.603786	44.3938	47	0.94455	-0.280973	0.0128873	-1	-1	3
1346	0.603786	102.543	47	2.18177	0.241691	0.0245339	-1	-1	3
1347	0.603786	33.7679	47	0.718465	0.108652	0.0213397	-1	-1	3
1348	0.603786	145.071	47	3.08662	0.290858	0.0257273	-1	-1	3
1349	0.603786	93.8676	47	1.99718	0.170774	0.0227027	-1	-1	3
1350	0.603786	50.922	47	1.08345	0.0139871	0.0190606	-1	-1	3
1351	0.603786	73.6938	47	1.56795	0.129208	0.0216893	-1	-1	3
1352	0.603786	45.9604	47	0.977881	-0.00404422	0.0186604	-1	-1	3
1353	0.603786	72.0426	47	1.53282	0.0459374	0.0197173	-1	-1	3
1354	0.603786	80.3899	47	1.71042	-0.00334051	0.0185814	-1	-1	3
1355	0.603786	102.347	47	2.17759	0.0633804	0.0200584	-1	-1	3
1356	0.603786	50.3452	47	1.07117	-0.14948	0.0155137	-1	-1	3
1357	0.603786	74.5138	47	1.5854	-0.0876826	0.0167347	-1	-1	3
1358	0.603786	57.7815	47	1.22939	-0.142129	0.0156183	-1	-1	3
1359	0.603786	79.8129	47	1.69815	0.265379	0.0251304	-1	-1	3
1360	0.603786	116.399	47	2.47656	0.207289	0.0236174	-1	-1	3
1361	0.603786	79.0404	47	1.68171	0.20761	0.0236758	-1	-1	3
1362	0.603786	71.3835	47	1.5188	0.207115	0.0236621	-1	-1	3
1363	0.603786	54.9105	47	1.16831	0.0979104	0.0210899	-1	-1	3
1364	0.603786	83.7612	47	1.78215	0.181573	0.0230062	-1	-1	3
1365	0.603786	72.9872	47	1.55292	0.142303	0.0220686	-1	-1	3
1366	0.603786	51.3964	47	1.09354	0.116901	0.0214707	-1	-1	3
1367	0.603786	51.9934	47	1.10624	0.0913327	0.0208518	-1	-1	3
1368	0.603786	108.592	47	2.31047	0.150817	0.0221903	-1	-1	3
1369	0.603786	42.8972	47	0.912705	0.0308337	0.0194594	-1	-1	3
1370	0.603786	140.406	47	2.98736	0.115099	0.021321	-1	-1	3
1371	0.603786	44.7379	47	0.95187	0.0199473	0.0192068	-1	-1	3
1372	0.603786	30.7308	47	0.653847	0.0114352	0.0190207	-1	-1	3
1373	0.603786	89.4191	47	1.90253	0.09562	0.0208741	-1	-1	3
1374	0.603786	73.4089	47	1.56189	0.0403134	0.0195926	-1	-1	3
1375	0.603786	61.7392	47	1.3136	0.035139	0.0194931	-1	-1	3
1376	0.603786	72.8006	47	1.54895	-0.00852834	0.0184933	-1	-1	3
1377	0.603786	39.0195	47	0.830202	-0.0709473	0.0171282	-1	-1	3
1378	0.603786	48.4346	47	1.03052	-0.0908072	0.016717	-1	-1	3
1379	0.603786	42.7321	47	0.909194	-0.108512	0.0163622	-1	-1	3
1380	0.603786	50.7349	47	1.07947	-0.078818	0.0169644	-1	-1	3
1381	0.603786	58.8684	47	1.25252	-0.104326	0.0163907	-1	-1	3
1382	0.603786	37.9705	47	0.807883	-0.137929	0.0157186	-1	-1	3
1383	0.603786	47.1366	47	1.00291	-0.221026	0.0141157	-1	-1	3
1384	0.603786	51.663	47	1.09921	-0.15865	0.0152863	-1	-1	3
1385	0.603786	41.3731	47	0.880278	-0.177515	0.0149278	-1	-1	3
1386	0.603786	71.7686	47	1.52699	-0.226787	0.0138855	-1	-1	3
1387	0.603786	79.196	47	1.68502	-0.404261	0.0107066	-1	-1	3
1388	0.603786	61.7901	47	1.31468	0.249887	0.0248177	-1	-1	3
1389	0.603786	54.5891	47	1.16147	0.266716	0.0252574	-1	-1	3
1390	0.603786	48.1515	47	1.0245	0.109566	0.0213435	-1	-1	3
1391	0.603786	61.8205	47	1.31533	0.147573	0.0222094	-1	-1	3
1392	0.603786	104.372	47	2.22067	0.17568	0.0228262	-1	-1	3
1393	0.603786	56.0253	47	1.19203	0.0618964	0.0201335	-1	-1	3
1394	0.603786	43.3794	47	0.922965	0.0706671	0.0204164	-1	-1	3
1395	0.603786	52.1003	47	1.10852	-0.0263769	0.018153	-1	-1	3
1396	0.603786	72.5674	47	1.54399	0.0134667	0.0189992	-1	-1	3
1397	0.603786	50.3488	47	1.07125	-0.0674586	0.0172918	-1	-1	3
1398	0.603786	52.0385	47	1.1072	-0.0469155	0.0176662	-1	-1	3
1399	0.603786	108.661	47	2.31194	-0.0612491	0.0172763	-1	-1	3
1400	0.603786	53.2319	47	1.13259	-0.0854073	0.016847	-1	-1	3
1401	0.603786	49.4992	47	1.05318	-0.131012	0.015897	-1	-1	3
1402	0.603786	31.1149	47	0.662018	-0.188524	0.0147062	-1	-1	3
1403	0.603786	77.8734	47	1.65688	-0.118608	0.0161014	-1	-1	3
1404	0.603786	28.9475	47	0.615905	-0.204462	0.0143796	-1	-1	3
1405	0.603786	56.257	47	1.19696	-0.333598	0.0119697	-1	-1	3
1406	0.603786	71.2211	47	1.51534	0.319483	0.0266695	-1	-1	3
1407	0.603786	82.3757	47	1.75267	0.240473	0.0245423	-1	-1	3
1408	0.603786	81.1972	47	1.7276	0.189504	0.0232319	-1	-1	3
1409	0.603786	45.959	47	0.977851	0.100022	0.0211228	-1	-1	3
1410	0.603786	61.9381	47	1.31783	0.177039	0.0229323	-1	-1	3
1411	0.603786	67.2336	47	1.4305	0.151276	0.0222847	-1	-1	3
1412	0.603786	85.5656	47	1.82055	0.10184	0.021077	-1	-1	3
1413	0.603786	76.6088	47	1.62997	0.12625	0.0216708	-1	-1	3
1414	0.603786	46.1775	47	0.982501	0.0858861	0.0207491	-1	-1	3
1415	0.603786	104.943	47	2.23284	0.229416	0.0241739	-1	-1	3
1416	0.603786	124.521	47	2.64939	0.129745	0.0217026	-1	-1	3
1417	0.603786	44.9615	47	0.956628	0.000524206	0.0187775	-1	-1	3
1418	0.603786	76.6879	47	1.63166	0.02056	0.0191682	-1	-1	3
1419	0.603786	38.664	47	0.822639	-0.108514	0.0163726	-1	-1	3
1420	0.603786	47.7083	47	1.01507	-0.0657442	0.0172684	-1	-1	3
1421	0.603786	43.5927	47	0.927505	-0.105174	0.0164613	-1	-1	3
1422	0.603786	65.0743	47	1.38456	-0.182593	0.0148827	-1	-1	3
1423	0.603786	75.5171	47	1.60675	-0.214689	0.0141428	-1	-1	3
1424	0.603786	103.374	47	2.19945	0.505609	0.0319144	-1	-1	3
1425	0.603786	156.128	47	3.32187	0.530686	0.0326084	-1	-1	3
1426	0.603786	119.095	47	2.53394	0.480851	0.0311336	-1	-1	3
1427	0.603786	62.6103	47	1.33214	0.373614	0.0282253	-1	-1	3
1428	0.603786	89.8229	47	1.91112	0.433506	0.0298246	-1	-1	3
1429	0.603786	74.6657	47	1.58863	0.351911	0.0275637	-1	-1	3
1430	0.603786	127.213	47	2.70667	0.368342	0.0278848	-1	-1	3
1431	0.603786	81.7619	47	1.73962	0.228659	0.0242521	-1	-1	3
1432	0.603786	65.3822	47	1.39111	0.0727719	0.0204294	-1	-1	3
1433	0.603786	86.5518	47	1.84153	0.136844	0.021908	-1	-1	3
1434	0.603786	59.3789	47	1.26338	0.0611026	0.0201087	-1	-1	3
1435	0.603786	91.3834	47	1.94433	0.0504686	0.0198637	-1	-1	3
1436	0.603786	77.4057	47	1.64693	-0.0116398	0.0184405	-1	-1	3
1437	0.603786	58.2668	47	1.23972	-0.00308104	0.0186226	-1	-1	3
1438	0.603786	56.7841	47	1.20817	-0.0580516	0.0174413	-1	-1	3
1439	0.603786	38.1593	47	0.8119	-0.090259	0.0167842	-1	-1	3
1440	0.603786	42.8542	47	0.911791	-0.160014	0.0152932	-1	-1	3
1441	0.603786	99.8402	47	2.12426	0.402173	0.0289484	-1	-1	3
1442	0.603786	58.6643	47	1.24818	0.311058	0.0265109	-1	-1	3
1443	0.603786	162.374	47	3.45477	0.424406	0.0294593	-1	-1	3
1444	0.603786	89.3568	47	1.90121	0.35923	0.0277295	-1	-1	3
1445	0.603786	90.7357	47	1.93055	0.118877	0.0215946	-1	-1	3
1446	0.603786	107.941	47	2.29662	0.176529	0.0229255	-1	-1	3
1447	0.603786	62.4607	47	1.32895	0.125246	0.0217889	-1	-1	3
1448	0.603786	86.2113	47	1.83428	0.175665	0.0229567	-1	-1	3
1449	0.603786	79.5922	47	1.69345	0.0812015	0.0206343	-1	-1	3
1450	0.603786	75.0913	47	1.59769	0.0725031	0.0203989	-1	-1	3
1451	0.603786	119.164	47	2.5354	0.0415468	0.0196369	-1	-1	3
1452	0.603786	102.185	47	2.17415	0.0340661	0.0194706	-1	-1	3
1453	0.603786	70.8903	47	1.5083	0.0267626	0.0193238	-1	-1	3
1454	0.603786	69.7803	47	1.48469	-0.0167853	0.0183536	-1	-1	3
1455	0.603786	56.1519	47	1.19472	-0.023139	0.0182179	-1	-1	3
1456	0.603786	51.8023	47	1.10218	-0.117032	0.0162115	-1	-1	3
1457	0.603786	45.1017	47	0.959611	-0.244984	0.0136214	-1	-1	3
1458	0.603786	200.393	47	4.26368	0.448801	0.0301597	-1	-1	3
1459	0.603786	105.297	47	2.24036	0.225533	0.0242518	-1	-1	3
1460	0.603786	137.867	47	2.93335	0.262561	0.0251066	-1	-1	3
1461	0.603786	120.574	47	2.5654	0.200652	0.0235293	-1	-1	3
1462	0.603786	104.058	47	2.21401	0.239224	0.0245725	-1	-1	3
1463	0.603786	76.7312	47	1.63258	0.181345	0.0231004	-1	-1	3
1464	0.603786	81.4225	47	1.73239	0.116078	0.0215015	-1	-1	3
1465	0.603786	123.602	47	2.62983	0.111918	0.021336	-1	-1	3
1466	0.603786	71.0247	47	1.51116	0.0171434	0.0191897	-1	-1	3
1467	0.603786	73.7678	47	1.56953	0.0657222	0.0202531	-1	-1	3
1468	0.603786	62.7238	47	1.33455	0.0472004	0.019827	-1	-1	3
1469	0.603786	62.3061	47	1.32566	-0.0191835	0.018311	-1	-1	3
1470	0.603786	62.6785	47	1.33359	-0.0835079	0.0169165	-1	-1	3
1471	0.603786	49.8901	47	1.06149	-0.0588111	0.0174672	-1	-1	3
1472	0.603786	36.7344	47	0.781583	-0.242016	0.0136929	-1	-1	3
1473	0.603786	42.2342	47	0.898601	-0.28037	0.0129682	-1	-1	3
1474	0.603786	170.611	47	3.63003	0.487041	0.0313784	-1	-1	3
1475	0.603786	98.7288	47	2.10061	0.411238	0.0292681	-1	-1	3
1476	0.603786	88.6367	47	1.88589	0.414857	0.029398	-1	-1	3
1477	0.603786	74.0363	47	1.57524	0.234446	0.0245767	-1	-1	3
1478	0.603786	149.696	47	3.18502	0.330719	0.0269813	-1	-1	3
1479	0.603786	68.9324	47	1.46665	0.167515	0.02283	-1	-1	3
1480	0.603786	95.3944	47	2.02967	0.22486	0.0242052	-1	-1	3
1481	0.603786	61.9519	47	1.31813	0.116871	0.0216033	-1	-1	3
1482	0.603786	100.591	47	2.14024	0.160326	0.0225644	-1	-1	3
1483	0.603786	69.4433	47	1.47752	0.170957	0.0228655	-1	-1	3
1484	0.603786	47.7824	47	1.01665	0.0970065	0.0210731	-1	-1	3
1485	0.603786	103.624	47	2.20476	0.0645435	0.0202755	-1	-1	3
1486	0.603786	60.4959	47	1.28715	-0.033374	0.0180255	-1	-1	3
1487	0.603786	65.8313	47	1.40067	-0.0277274	0.018155	-1	-1	3
1488	0.603786	51.3845	47	1.09329	-0.0533543	0.0176234	-1	-1	3
1489	0.603786	107.771	47	2.29301	-0.0892062	0.0167533	-1	-1	3
1490	0.603786	163.716	47	3.48331	0.643385	0.0362199	-1	-1	3
1491	0.603786	69.8712	47	1.48662	0.314393	0.026753	-1	-1	3
1492	0.603786	94.633	47	2.01347	0.273717	0.0255612	-1	-1	3
1493	0.603786	65.9606	47	1.40342	0.198838	0.0236562	-1	-1	3
1494	0.603786	121.414	47	2.58328	0.297236	0.0261028	-1	-1	3
1495	0.603786	127.87	47	2.72063	0.263336	0.0252362	-1	-1	3
1496	0.603786	91.036	47	1.93694	0.243319	0.0247382	-1	-1	3
1497	0.603786	93.5353	47	1.99011	0.264645	0.0252755	-1	-1	3
1498	0.603786	86.8213	47	1.84726	0.154953	0.0224819	-1	-1	3
1499	0.603786	77.8849	47	1.65713	0.166791	0.0227904	-1	-1	3
1500	0.603786	51.0798	47	1.0868	0.00887667	0.0190751	-1	-1	3
1501	0.603786	39.9798	47	0.850635	-0.126863	0.0160996	-1	-1	3
1502	0.603786	46.3169	47	0.985466	-0.11725	0.0162455	-1	-1	3
1503	0.603786	49.1559	47	1.04587	-0.131425	0.015972	-1	-1	3
1504	0.603786	119.748	47	2.54784	0.468494	0.0310049	-1	-1	3
1505	0.603786	75.2306	47	1.60065	0.356522	0.027921	-1	-1	3
1506	0.603786	152.978	47	3.25485	0.525854	0.0326614	-1	-1	3
1507	0.603786	119.776	47	2.54843	0.447669	0.0303854	-1	-1	3
1508	0.603786	87.409	47	1.85977	0.358038	0.0278911	-1	-1	3
1509	0.603786	100.556	47	2.13949	0.177582	0.0230994	-1	-1	3
1510	0.603786	78.8204	47	1.67703	0.0551081	0.0201425	-1	-1	3
1511	0.603786	96.3516	47	2.05003	0.0563879	0.0201228	-1	-1	3
1512	0.603786	85.591	47	1.82109	-0.0528823	0.0176526	-1	-1	3
1513	0.603786	65.8027	47	1.40006	-0.174429	0.0151747	-1	-1	3
1514	0.603786	30.1194	47	0.640838	-0.185464	0.0149161	-1	-1	3
1515	0.603786	178.206	47	3.79161	0.555669	0.0336153	-1	-1	3
1516	0.603786	146.909	47	3.12573	0.546081	0.0333559	-1	-1	3
1517	0.603786	149.583	47	3.18263	0.447807	0.0304631	-1	-1	3
1518	0.603786	84.6946	47	1.80201	0.333168	0.0272766	-1	-1	3
1519	0.603786	108.065	47	2.29926	0.280103	0.0257895	-1	-1	3
1520	0.603786	112.074	47	2.38456	0.167403	0.0229079	-1	-1	3
1521	0.603786	78.6749	47	1.67393	0.0858792	0.0209453	-1	-1	3
1522	0.603786	82.3726	47	1.75261	0.0255727	0.0194577	-1	-1	3
1523	0.603786	53.8001	47	1.14468	-0.178917	0.0150658	-1	-1	3
1524	0.603786	86.683	47	1.84432	0.445544	0.0305876	-1	-1	3
1525	0.603786	192.419	47	4.09403	0.589648	0.0346938	-1	-1	3
1526	0.603786	170.479	47	3.62721	0.568792	0.0341251	-1	-1	3
