1	-9	0.028	-2e-05	0	-9	0.028	-2e-05	0
2	-9	0.029	-2e-05	0	-9	0.029	-2e-05	0
3	-9	0.057	-4e-05	0	-9	0.057	-4e-05	0
4	-9	0.058	-4e-05	0	-9	0.058	-4e-05	0
5	-9	0.059	-6e-05	0	-9	0.059	-6e-05	0
6	-9	0.06	-6e-05	0	-9	0.06	-6e-05	0
7	-9	0.063	-6e-05	0	-9	0.063	-6e-05	0
8	-9	0.067	-6e-05	0	-9	0.067	-6e-05	0
9	-9	0.069	-8e-05	0	-9	0.069	-8e-05	0
10	-9	0.07	-8e-05	0	-9	0.07	-8e-05	0
11	-9	0.078	-8e-05	0	-9	0.078	-8e-05	0
12	-9	0.083	-0.0001	0	-9	0.083	-0.0001	0
13	-8.5	0.015	0	0	-8.5	0.015	0	0
14	-8.5	0.036	-4e-05	0	-8.5	0.036	-4e-05	0
15	-8.5	0.042	-4e-05	0	-8.5	0.042	-4e-05	0
16	-8.5	0.043	-4e-05	0	-8.5	0.043	-4e-05	0
17	-8.5	0.048	-4e-05	0	-8.5	0.048	-4e-05	0
18	-8.5	0.049	-4e-05	0	-8.5	0.049	-4e-05	0
19	-8.5	0.05	-4e-05	0	-8.5	0.05	-4e-05	0
20	-8.5	0.055	-6e-05	0	-8.5	0.055	-6e-05	0
21	-8.5	0.058	-6e-05	0	-8.5	0.058	-6e-05	0
22	-8.5	0.06	-6e-05	0	-8.5	0.06	-6e-05	0
23	-8.5	0.063	-6e-05	0	-8.5	0.063	-6e-05	0
24	-8	0.022	-2e-05	0	-8	0.022	-2e-05	0
25	-8	0.026	-2e-05	0	-8	0.026	-2e-05	0
26	-8	0.027	-2e-05	0	-8	0.027	-2e-05	0
27	-8	0.037	-4e-05	0	-8	0.037	-4e-05	0
28	-8	0.042	-4e-05	0	-8	0.042	-4e-05	0
29	-8	0.043	-4e-05	0	-8	0.043	-4e-05	0
30	-8	0.044	-4e-05	0	-8	0.044	-4e-05	0
31	-8	0.049	-6e-05	0	-8	0.049	-6e-05	0
32	-8	0.054	-6e-05	0	-8	0.054	-6e-05	0
33	-8	0.055	-6e-05	0	-8	0.055	-6e-05	0
34	-8	0.059	-6e-05	0	-8	0.059	-6e-05	0
35	-8	0.064	-6e-05	0	-8	0.064	-6e-05	0
36	-8	0.072	-8e-05	0	-8	0.072	-8e-05	0
37	-8	0.073	-8e-05	0	-8	0.073	-8e-05	0
38	-8	0.079	-8e-05	0	-8	0.079	-8e-05	0
39	-7.5	0.019	-2e-05	0	-7.5	0.019	-2e-05	0
40	-7.5	0.025	-2e-05	0	-7.5	0.025	-2e-05	0
41	-7.5	0.027	-2e-05	0	-7.5	0.027	-2e-05	0
42	-7.5	0.029	-2e-05	0	-7.5	0.029	-2e-05	0
43	-7.5	0.036	-4e-05	0	-7.5	0.036	-4e-05	0
44	-7.5	0.045	-6e-05	0	-7.5	0.045	-6e-05	0
45	-7.5	0.046	-4e-05	0	-7.5	0.046	-4e-05	0
46	-7.5	0.048	-4e-05	0	-7.5	0.048	-4e-05	0
47	-7.5	0.051	-4e-05	0	-7.5	0.051	-4e-05	0
48	-7.5	0.052	-6e-05	0	-7.5	0.052	-6e-05	0
49	-7.5	0.052	-4e-05	0	-7.5	0.052	-4e-05	0
50	-7.5	0.054	-6e-05	0	-7.5	0.054	-6e-05	0
51	-7.5	0.056	-6e-05	0	-7.5	0.056	-6e-05	0
52	-7.5	0.057	-6e-05	0	-7.5	0.057	-6e-05	0
53	-7.5	0.058	-6e-05	0	-7.5	0.058	-6e-05	0
54	-7.5	0.062	-8e-05	0	-7.5	0.062	-8e-05	0
55	-7.5	0.062	-6e-05	0	-7.5	0.062	-6e-05	0
56	-7.5	0.063	-6e-05	0	-7.5	0.063	-6e-05	0
57	-7.5	0.067	-6e-05	0	-7.5	0.067	-6e-05	0
58	-7.5	0.07	-8e-05	0	-7.5	0.07	-8e-05	0
59	-7.5	0.077	-8e-05	0	-7.5	0.077	-8e-05	0
60	-7	0.013	0	0	-7	0.013	0	0
61	-7	0.014	0	0	-7	0.014	0	0
62	-7	0.018	-2e-05	0	-7	0.018	-2e-05	0
63	-7	0.021	-2e-05	0	-7	0.021	-2e-05	0
64	-7	0.021	0	0	-7	0.021	0	0
65	-7	0.026	-2e-05	0	-7	0.026	-2e-05	0
66	-7	0.028	-2e-05	0	-7	0.028	-2e-05	0
67	-7	0.029	-2e-05	0	-7	0.029	-2e-05	0
68	-7	0.03	-4e-05	0	-7	0.03	-4e-05	0
69	-7	0.03	-2e-05	0	-7	0.03	-2e-05	0
70	-7	0.032	-4e-05	0	-7	0.032	-4e-05	0
71	-7	0.037	-4e-05	0	-7	0.037	-4e-05	0
72	-7	0.039	-4e-05	0	-7	0.039	-4e-05	0
73	-7	0.041	-4e-05	0	-7	0.041	-4e-05	0
74	-7	0.042	-4e-05	0	-7	0.042	-4e-05	0
75	-7	0.043	-4e-05	0	-7	0.043	-4e-05	0
76	-7	0.044	-6e-05	0	-7	0.044	-6e-05	0
77	-7	0.046	-4e-05	0	-7	0.046	-4e-05	0
78	-7	0.047	-4e-05	0	-7	0.047	-4e-05	0
79	-7	0.048	-4e-05	0	-7	0.048	-4e-05	0
80	-7	0.049	-6e-05	0	-7	0.049	-6e-05	0
81	-7	0.05	-4e-05	0	-7	0.05	-4e-05	0
82	-7	0.053	-6e-05	0	-7	0.053	-6e-05	0
83	-7	0.058	-6e-05	0	-7	0.058	-6e-05	0
84	-7	0.06	-6e-05	0	-7	0.06	-6e-05	0
85	-7	0.061	-8e-05	0	-7	0.061	-8e-05	0
86	-7	0.063	-6e-05	0	-7	0.063	-6e-05	0
87	-7	0.064	-8e-05	0	-7	0.064	-8e-05	0
88	-7	0.064	-6e-05	0	-7	0.064	-6e-05	0
89	-6.5	0.01	0	0	-6.5	0.01	0	0
90	-6.5	0.013	-2e-05	0	-6.5	0.013	-2e-05	0
91	-6.5	0.018	-2e-05	0	-6.5	0.018	-2e-05	0
92	-6.5	0.019	-2e-05	0	-6.5	0.019	-2e-05	0
93	-6.5	0.023	-2e-05	0	-6.5	0.023	-2e-05	0
94	-6.5	0.025	-2e-05	0	-6.5	0.025	-2e-05	0
95	-6.5	0.026	-2e-05	0	-6.5	0.026	-2e-05	0
96	-6.5	0.028	-4e-05	0	-6.5	0.028	-4e-05	0
97	-6.5	0.033	-4e-05	0	-6.5	0.033	-4e-05	0
98	-6.5	0.034	-4e-05	0	-6.5	0.034	-4e-05	0
99	-6.5	0.038	-4e-05	0	-6.5	0.038	-4e-05	0
100	-6.5	0.04	-4e-05	0	-6.5	0.04	-4e-05	0
101	-6.5	0.041	-4e-05	0	-6.5	0.041	-4e-05	0
102	-6.5	0.043	-4e-05	0	-6.5	0.043	-4e-05	0
103	-6.5	0.045	-4e-05	0	-6.5	0.045	-4e-05	0
104	-6.5	0.046	-4e-05	0	-6.5	0.046	-4e-05	0
105	-6.5	0.049	-6e-05	0	-6.5	0.049	-6e-05	0
106	-6.5	0.054	-6e-05	0	-6.5	0.054	-6e-05	0
107	-6	0.009	0	0	-6	0.009	0	0
108	-6	0.013	-2e-05	0	-6	0.013	-2e-05	0
109	-6	0.013	0	0	-6	0.013	0	0
110	-6	0.014	0	0	-6	0.014	0	0
111	-6	0.017	-2e-05	0	-6	0.017	-2e-05	0
112	-6	0.022	-2e-05	0	-6	0.022	-2e-05	0
113	-6	0.025	-2e-05	0	-6	0.025	-2e-05	0
114	-6	0.027	-2e-05	0	-6	0.027	-2e-05	0
115	-6	0.028	-2e-05	0	-6	0.028	-2e-05	0
116	-6	0.031	-2e-05	0	-6	0.031	-2e-05	0
117	-6	0.032	-2e-05	0	-6	0.032	-2e-05	0
118	-6	0.035	-4e-05	0	-6	0.035	-4e-05	0
119	-6	0.04	-4e-05	0	-6	0.04	-4e-05	0
120	-6	0.041	-4e-05	0	-6	0.041	-4e-05	0
121	-6	0.042	-4e-05	0	-6	0.042	-4e-05	0
122	-6	0.046	-6e-05	0	-6	0.046	-6e-05	0
123	-6	0.046	-4e-05	0	-6	0.046	-4e-05	0
124	-6	0.052	-6e-05	0	-6	0.052	-6e-05	0
125	-6	0.058	-6e-05	0	-6	0.058	-6e-05	0
126	-6	0.061	-6e-05	0	-6	0.061	-6e-05	0
127	-5.5	0.012	0	0	-5.5	0.012	0	0
128	-5.5	0.017	-2e-05	0	-5.5	0.017	-2e-05	0
129	-5.5	0.02	-2e-05	0	-5.5	0.02	-2e-05	0
130	-5.5	0.022	-2e-05	0	-5.5	0.022	-2e-05	0
131	-5.5	0.024	-2e-05	0	-5.5	0.024	-2e-05	0
132	-5.5	0.027	-2e-05	0	-5.5	0.027	-2e-05	0
133	-5.5	0.03	-2e-05	0	-5.5	0.03	-2e-05	0
134	-5.5	0.032	-4e-05	0	-5.5	0.032	-4e-05	0
135	-5.5	0.038	-4e-05	0	-5.5	0.038	-4e-05	0
136	-5.5	0.039	-4e-05	0	-5.5	0.039	-4e-05	0
137	-5.5	0.046	-4e-05	0	-5.5	0.046	-4e-05	0
138	-5.5	0.047	-6e-05	0	-5.5	0.047	-6e-05	0
139	-5.5	0.048	-6e-05	0	-5.5	0.048	-6e-05	0
140	-5.5	0.051	-4e-05	0	-5.5	0.051	-4e-05	0
141	-5.5	0.054	-6e-05	0	-5.5	0.054	-6e-05	0
142	-5.5	0.057	-6e-05	0	-5.5	0.057	-6e-05	0
143	-5	0.006	0	0	-5	0.006	0	0
144	-5	0.009	0	0	-5	0.009	0	0
145	-5	0.011	0	0	-5	0.011	0	0
146	-5	0.015	-2e-05	0	-5	0.015	-2e-05	0
147	-5	0.021	-2e-05	0	-5	0.021	-2e-05	0
148	-5	0.026	-2e-05	0	-5	0.026	-2e-05	0
149	-5	0.027	-2e-05	0	-5	0.027	-2e-05	0
150	-5	0.028	-2e-05	0	-5	0.028	-2e-05	0
151	-5	0.03	-2e-05	0	-5	0.03	-2e-05	0
152	-5	0.031	-4e-05	0	-5	0.031	-4e-05	0
153	-5	0.036	-4e-05	0	-5	0.036	-4e-05	0
154	-5	0.036	-2e-05	0	-5	0.036	-2e-05	0
155	-5	0.038	-4e-05	0	-5	0.038	-4e-05	0
156	-5	0.039	-4e-05	0	-5	0.039	-4e-05	0
157	-5	0.041	-4e-05	0	-5	0.041	-4e-05	0
158	-5	0.045	-6e-05	0	-5	0.045	-6e-05	0
159	-5	0.051	-6e-05	0	-5	0.051	-6e-05	0
160	-5	0.065	-8e-05	0	-5	0.065	-8e-05	0
161	-4.5	-0.009	2e-05	0	-4.5	-0.009	2e-05	0
162	-4.5	0.004	0	0	-4.5	0.004	0	0
163	-4.5	0.005	0	0	-4.5	0.005	0	0
164	-4.5	0.009	0	0	-4.5	0.009	0	0
165	-4.5	0.015	0	0	-4.5	0.015	0	0
166	-4.5	0.016	-2e-05	0	-4.5	0.016	-2e-05	0
167	-4.5	0.02	-2e-05	0	-4.5	0.02	-2e-05	0
168	-4.5	0.022	-2e-05	0	-4.5	0.022	-2e-05	0
169	-4.5	0.023	-2e-05	0	-4.5	0.023	-2e-05	0
170	-4.5	0.026	-2e-05	0	-4.5	0.026	-2e-05	0
171	-4.5	0.028	-2e-05	0	-4.5	0.028	-2e-05	0
172	-4.5	0.03	-4e-05	0	-4.5	0.03	-4e-05	0
173	-4.5	0.032	-2e-05	0	-4.5	0.032	-2e-05	0
174	-4.5	0.034	-4e-05	0	-4.5	0.034	-4e-05	0
175	-4.5	0.037	-4e-05	0	-4.5	0.037	-4e-05	0
176	-4.5	0.04	-6e-05	0	-4.5	0.04	-6e-05	0
177	-4.5	0.041	-4e-05	0	-4.5	0.041	-4e-05	0
178	-4.5	0.044	-4e-05	0	-4.5	0.044	-4e-05	0
179	-4.5	0.045	-4e-05	0	-4.5	0.045	-4e-05	0
180	-4.5	0.053	-6e-05	0	-4.5	0.053	-6e-05	0
181	-4.5	0.055	-6e-05	0	-4.5	0.055	-6e-05	0
182	-4	-0.018	2e-05	0	-4	-0.018	2e-05	0
183	-4	-0.014	2e-05	0	-4	-0.014	2e-05	0
184	-4	-0.012	2e-05	0	-4	-0.012	2e-05	0
185	-4	0.005	0	0	-4	0.005	0	0
186	-4	0.007	0	0	-4	0.007	0	0
187	-4	0.008	0	0	-4	0.008	0	0
188	-4	0.009	0	0	-4	0.009	0	0
189	-4	0.01	0	0	-4	0.01	0	0
190	-4	0.011	-2e-05	0	-4	0.011	-2e-05	0
191	-4	0.021	-2e-05	0	-4	0.021	-2e-05	0
192	-4	0.022	-2e-05	0	-4	0.022	-2e-05	0
193	-4	0.023	-2e-05	0	-4	0.023	-2e-05	0
194	-4	0.024	-2e-05	0	-4	0.024	-2e-05	0
195	-4	0.025	-2e-05	0	-4	0.025	-2e-05	0
196	-4	0.026	-4e-05	0	-4	0.026	-4e-05	0
197	-4	0.026	-2e-05	0	-4	0.026	-2e-05	0
198	-4	0.028	-2e-05	0	-4	0.028	-2e-05	0
199	-4	0.029	-4e-05	0	-4	0.029	-4e-05	0
200	-4	0.031	-4e-05	0	-4	0.031	-4e-05	0
201	-4	0.032	-2e-05	0	-4	0.032	-2e-05	0
202	-4	0.035	-4e-05	0	-4	0.035	-4e-05	0
203	-4	0.039	-4e-05	0	-4	0.039	-4e-05	0
204	-4	0.048	-6e-05	0	-4	0.048	-6e-05	0
205	-3.5	-0.026	4e-05	0	-3.5	-0.026	4e-05	0
206	-3.5	-0.012	2e-05	0	-3.5	-0.012	2e-05	0
207	-3.5	0.003	0	0	-3.5	0.003	0	0
208	-3.5	0.006	0	0	-3.5	0.006	0	0
209	-3.5	0.007	0	0	-3.5	0.007	0	0
210	-3.5	0.01	0	0	-3.5	0.01	0	0
211	-3.5	0.013	-2e-05	0	-3.5	0.013	-2e-05	0
212	-3.5	0.013	0	0	-3.5	0.013	0	0
213	-3.5	0.014	-2e-05	0	-3.5	0.014	-2e-05	0
214	-3.5	0.018	-2e-05	0	-3.5	0.018	-2e-05	0
215	-3.5	0.021	-2e-05	0	-3.5	0.021	-2e-05	0
216	-3.5	0.022	-2e-05	0	-3.5	0.022	-2e-05	0
217	-3.5	0.023	-2e-05	0	-3.5	0.023	-2e-05	0
218	-3.5	0.026	-2e-05	0	-3.5	0.026	-2e-05	0
219	-3.5	0.027	-4e-05	0	-3.5	0.027	-4e-05	0
220	-3.5	0.029	-4e-05	0	-3.5	0.029	-4e-05	0
221	-3.5	0.032	-4e-05	0	-3.5	0.032	-4e-05	0
222	-3.5	0.034	-4e-05	0	-3.5	0.034	-4e-05	0
223	-3.5	0.036	-4e-05	0	-3.5	0.036	-4e-05	0
224	-3.5	0.037	-4e-05	0	-3.5	0.037	-4e-05	0
225	-3.5	0.038	-4e-05	0	-3.5	0.038	-4e-05	0
226	-3.5	0.05	-6e-05	0	-3.5	0.05	-6e-05	0
227	-3	-0.006	2e-05	0	-3	-0.006	2e-05	0
228	-3	-0.002	2e-05	0	-3	-0.002	2e-05	0
229	-3	0.001	0	0	-3	0.001	0	0
230	-3	0.003	0	0	-3	0.003	0	0
231	-3	0.005	0	0	-3	0.005	0	0
232	-3	0.008	-2e-05	0	-3	0.008	-2e-05	0
233	-3	0.008	0	0	-3	0.008	0	0
234	-3	0.011	-2e-05	0	-3	0.011	-2e-05	0
235	-3	0.013	-2e-05	0	-3	0.013	-2e-05	0
236	-3	0.015	0	0	-3	0.015	0	0
237	-3	0.016	-2e-05	0	-3	0.016	-2e-05	0
238	-3	0.018	0	0	-3	0.018	0	0
239	-3	0.019	-2e-05	0	-3	0.019	-2e-05	0
240	-3	0.021	-2e-05	0	-3	0.021	-2e-05	0
241	-3	0.022	-2e-05	0	-3	0.022	-2e-05	0
242	-3	0.025	-4e-05	0	-3	0.025	-4e-05	0
243	-3	0.027	-4e-05	0	-3	0.027	-4e-05	0
244	-3	0.028	-4e-05	0	-3	0.028	-4e-05	0
245	-3	0.028	-2e-05	0	-3	0.028	-2e-05	0
246	-3	0.029	-4e-05	0	-3	0.029	-4e-05	0
247	-3	0.03	-4e-05	0	-3	0.03	-4e-05	0
248	-3	0.03	-2e-05	0	-3	0.03	-2e-05	0
249	-3	0.032	-4e-05	0	-3	0.032	-4e-05	0
250	-3	0.034	-4e-05	0	-3	0.034	-4e-05	0
251	-3	0.035	-4e-05	0	-3	0.035	-4e-05	0
252	-3	0.036	-4e-05	0	-3	0.036	-4e-05	0
253	-3	0.041	-4e-05	0	-3	0.041	-4e-05	0
254	-3	0.045	-4e-05	0	-3	0.045	-4e-05	0
255	-2.5	-0.013	2e-05	0	-2.5	-0.013	2e-05	0
256	-2.5	-0.01	2e-05	0	-2.5	-0.01	2e-05	0
257	-2.5	-0.008	2e-05	0	-2.5	-0.008	2e-05	0
258	-2.5	-0.003	2e-05	0	-2.5	-0.003	2e-05	0
259	-2.5	-0.002	2e-05	0	-2.5	-0.002	2e-05	0
260	-2.5	0.001	0	0	-2.5	0.001	0	0
261	-2.5	0.003	0	0	-2.5	0.003	0	0
262	-2.5	0.004	0	0	-2.5	0.004	0	0
263	-2.5	0.007	0	0	-2.5	0.007	0	0
264	-2.5	0.009	0	0	-2.5	0.009	0	0
265	-2.5	0.01	-2e-05	0	-2.5	0.01	-2e-05	0
266	-2.5	0.011	-2e-05	0	-2.5	0.011	-2e-05	0
267	-2.5	0.011	0	0	-2.5	0.011	0	0
268	-2.5	0.013	-2e-05	0	-2.5	0.013	-2e-05	0
269	-2.5	0.015	-2e-05	0	-2.5	0.015	-2e-05	0
270	-2.5	0.018	-2e-05	0	-2.5	0.018	-2e-05	0
271	-2.5	0.019	-2e-05	0	-2.5	0.019	-2e-05	0
272	-2.5	0.022	-2e-05	0	-2.5	0.022	-2e-05	0
273	-2.5	0.023	-2e-05	0	-2.5	0.023	-2e-05	0
274	-2.5	0.026	-4e-05	0	-2.5	0.026	-4e-05	0
275	-2.5	0.028	-2e-05	0	-2.5	0.028	-2e-05	0
276	-2.5	0.033	-4e-05	0	-2.5	0.033	-4e-05	0
277	-2.5	0.035	-4e-05	0	-2.5	0.035	-4e-05	0
278	-2.5	0.038	-6e-05	0	-2.5	0.038	-6e-05	0
279	-2.5	0.039	-4e-05	0	-2.5	0.039	-4e-05	0
280	-2.5	0.041	-4e-05	0	-2.5	0.041	-4e-05	0
281	-2.5	0.056	-6e-05	0	-2.5	0.056	-6e-05	0
282	-2.5	0.059	-8e-05	0	-2.5	0.059	-8e-05	0
283	-2	-0.027	2e-05	0	-2	-0.027	2e-05	0
284	-2	-0.007	2e-05	0	-2	-0.007	2e-05	0
285	-2	-0.004	0	0	-2	-0.004	0	0
286	-2	-0.003	0	0	-2	-0.003	0	0
287	-2	-0.001	0	0	-2	-0.001	0	0
288	-2	0	0	0	-2	0	0	0
289	-2	0.001	0	0	-2	0.001	0	0
290	-2	0.002	0	0	-2	0.002	0	0
291	-2	0.003	-2e-05	0	-2	0.003	-2e-05	0
292	-2	0.004	0	0	-2	0.004	0	0
293	-2	0.005	0	0	-2	0.005	0	0
294	-2	0.006	0	0	-2	0.006	0	0
295	-2	0.007	0	0	-2	0.007	0	0
296	-2	0.01	0	0	-2	0.01	0	0
297	-2	0.011	-2e-05	0	-2	0.011	-2e-05	0
298	-2	0.012	-2e-05	0	-2	0.012	-2e-05	0
299	-2	0.012	0	0	-2	0.012	0	0
300	-2	0.014	-2e-05	0	-2	0.014	-2e-05	0
301	-2	0.014	0	0	-2	0.014	0	0
302	-2	0.015	-2e-05	0	-2	0.015	-2e-05	0
303	-2	0.018	-2e-05	0	-2	0.018	-2e-05	0
304	-2	0.022	-2e-05	0	-2	0.022	-2e-05	0
305	-2	0.023	-2e-05	0	-2	0.023	-2e-05	0
306	-2	0.027	-4e-05	0	-2	0.027	-4e-05	0
307	-2	0.028	-2e-05	0	-2	0.028	-2e-05	0
308	-2	0.03	-4e-05	0	-2	0.03	-4e-05	0
309	-2	0.03	-2e-05	0	-2	0.03	-2e-05	0
310	-2	0.05	-6e-05	0	-2	0.05	-6e-05	0
311	-1.5	-0.045	6e-05	0	-1.5	-0.045	6e-05	0
312	-1.5	-0.021	2e-05	0	-1.5	-0.021	2e-05	0
313	-1.5	0	2e-05	0	-1.5	0	2e-05	0
314	-1.5	0.003	0	0	-1.5	0.003	0	0
315	-1.5	0.004	0	0	-1.5	0.004	0	0
316	-1.5	0.008	-2e-05	0	-1.5	0.008	-2e-05	0
317	-1.5	0.01	-2e-05	0	-1.5	0.01	-2e-05	0
318	-1.5	0.01	0	0	-1.5	0.01	0	0
319	-1.5	0.012	-2e-05	0	-1.5	0.012	-2e-05	0
320	-1.5	0.014	-2e-05	0	-1.5	0.014	-2e-05	0
321	-1.5	0.015	-2e-05	0	-1.5	0.015	-2e-05	0
322	-1.5	0.017	-2e-05	0	-1.5	0.017	-2e-05	0
323	-1.5	0.018	-2e-05	0	-1.5	0.018	-2e-05	0
324	-1.5	0.021	-2e-05	0	-1.5	0.021	-2e-05	0
325	-1.5	0.024	-2e-05	0	-1.5	0.024	-2e-05	0
326	-1.5	0.026	-4e-05	0	-1.5	0.026	-4e-05	0
327	-1.5	0.028	-4e-05	0	-1.5	0.028	-4e-05	0
328	-1.5	0.03	-4e-05	0	-1.5	0.03	-4e-05	0
329	-1.5	0.033	-4e-05	0	-1.5	0.033	-4e-05	0
330	-1	-0.016	2e-05	0	-1	-0.016	2e-05	0
331	-1	-0.015	2e-05	0	-1	-0.015	2e-05	0
332	-1	-0.009	2e-05	0	-1	-0.009	2e-05	0
333	-1	-0.006	2e-05	0	-1	-0.006	2e-05	0
334	-1	0	0	0	-1	0	0	0
335	-1	0.001	0	0	-1	0.001	0	0
336	-1	0.002	0	0	-1	0.002	0	0
337	-1	0.006	0	0	-1	0.006	0	0
338	-1	0.009	-2e-05	0	-1	0.009	-2e-05	0
339	-1	0.011	-2e-05	0	-1	0.011	-2e-05	0
340	-1	0.014	-2e-05	0	-1	0.014	-2e-05	0
341	-1	0.015	-2e-05	0	-1	0.015	-2e-05	0
342	-1	0.018	-2e-05	0	-1	0.018	-2e-05	0
343	-1	0.019	-2e-05	0	-1	0.019	-2e-05	0
344	-1	0.02	-2e-05	0	-1	0.02	-2e-05	0
345	-1	0.034	-4e-05	0	-1	0.034	-4e-05	0
346	-1	0.047	-6e-05	0	-1	0.047	-6e-05	0
347	-0.5	-0.02	2e-05	0	-0.5	-0.02	2e-05	0
348	-0.5	-0.017	2e-05	0	-0.5	-0.017	2e-05	0
349	-0.5	-0.016	2e-05	0	-0.5	-0.016	2e-05	0
350	-0.5	-0.013	2e-05	0	-0.5	-0.013	2e-05	0
351	-0.5	-0.01	2e-05	0	-0.5	-0.01	2e-05	0
352	-0.5	-0.008	0	0	-0.5	-0.008	0	0
353	-0.5	-0.008	2e-05	0	-0.5	-0.008	2e-05	0
354	-0.5	-0.005	2e-05	0	-0.5	-0.005	2e-05	0
355	-0.5	-0.003	0	0	-0.5	-0.003	0	0
356	-0.5	-0.002	0	0	-0.5	-0.002	0	0
357	-0.5	0	0	0	-0.5	0	0	0
358	-0.5	0.002	-2e-05	0	-0.5	0.002	-2e-05	0
359	-0.5	0.002	0	0	-0.5	0.002	0	0
360	-0.5	0.003	0	0	-0.5	0.003	0	0
361	-0.5	0.004	0	0	-0.5	0.004	0	0
362	-0.5	0.005	0	0	-0.5	0.005	0	0
363	-0.5	0.007	0	0	-0.5	0.007	0	0
364	-0.5	0.009	-2e-05	0	-0.5	0.009	-2e-05	0
365	-0.5	0.009	0	0	-0.5	0.009	0	0
366	-0.5	0.013	-2e-05	0	-0.5	0.013	-2e-05	0
367	-0.5	0.015	-2e-05	0	-0.5	0.015	-2e-05	0
368	-0.5	0.02	-2e-05	0	-0.5	0.02	-2e-05	0
369	0	-0.034	4e-05	0	0	-0.034	4e-05	0
370	0	-0.021	2e-05	0	0	-0.021	2e-05	0
371	0	-0.02	2e-05	0	0	-0.02	2e-05	0
372	0	-0.017	2e-05	0	0	-0.017	2e-05	0
373	0	-0.014	2e-05	0	0	-0.014	2e-05	0
374	0	-0.013	2e-05	0	0	-0.013	2e-05	0
375	0	-0.007	2e-05	0	0	-0.007	2e-05	0
376	0	-0.006	0	0	0	-0.006	0	0
377	0	-0.005	0	0	0	-0.005	0	0
378	0	-0.004	0	0	0	-0.004	0	0
379	0	-0.003	0	0	0	-0.003	0	0
380	0	-0.002	0	0	0	-0.002	0	0
381	0	-0.002	2e-05	0	0	-0.002	2e-05	0
382	0	-0.001	0	0	0	-0.001	0	0
383	0	0	0	0	0	0	0	0
384	0	0.001	0	0	0	0.001	0	0
385	0	0.003	0	0	0	0.003	0	0
386	0	0.004	0	0	0	0.004	0	0
387	0	0.005	0	0	0	0.005	0	0
388	0	0.007	-2e-05	0	0	0.007	-2e-05	0
389	0	0.007	0	0	0	0.007	0	0
390	0	0.008	-2e-05	0	0	0.008	-2e-05	0
391	0	0.011	-2e-05	0	0	0.011	-2e-05	0
392	0	0.012	-2e-05	0	0	0.012	-2e-05	0
393	0	0.013	-2e-05	0	0	0.013	-2e-05	0
394	0	0.015	-2e-05	0	0	0.015	-2e-05	0
395	0	0.019	-2e-05	0	0	0.019	-2e-05	0
396	0	0.021	-4e-05	0	0	0.021	-4e-05	0
397	0	0.035	-4e-05	0	0	0.035	-4e-05	0
398	0.5	-0.051	6e-05	0	0.5	-0.051	6e-05	0
399	0.5	-0.031	4e-05	0	0.5	-0.031	4e-05	0
400	0.5	-0.024	4e-05	0	0.5	-0.024	4e-05	0
401	0.5	-0.021	2e-05	0	0.5	-0.021	2e-05	0
402	0.5	-0.011	2e-05	0	0.5	-0.011	2e-05	0
403	0.5	-0.01	2e-05	0	0.5	-0.01	2e-05	0
404	0.5	-0.006	0	0	0.5	-0.006	0	0
405	0.5	-0.004	0	0	0.5	-0.004	0	0
406	0.5	-0.003	0	0	0.5	-0.003	0	0
407	0.5	-0.002	0	0	0.5	-0.002	0	0
408	0.5	-0.001	-2e-05	0	0.5	-0.001	-2e-05	0
409	0.5	-0.001	0	0	0.5	-0.001	0	0
410	0.5	0	0	0	0.5	0	0	0
411	0.5	0.004	0	0	0.5	0.004	0	0
412	0.5	0.005	-2e-05	0	0.5	0.005	-2e-05	0
413	0.5	0.01	-2e-05	0	0.5	0.01	-2e-05	0
414	0.5	0.012	-2e-05	0	0.5	0.012	-2e-05	0
415	0.5	0.013	-2e-05	0	0.5	0.013	-2e-05	0
416	0.5	0.017	-2e-05	0	0.5	0.017	-2e-05	0
417	0.5	0.019	-2e-05	0	0.5	0.019	-2e-05	0
418	1	-0.038	6e-05	0	1	-0.038	6e-05	0
419	1	-0.031	4e-05	0	1	-0.031	4e-05	0
420	1	-0.021	2e-05	0	1	-0.021	2e-05	0
421	1	-0.018	4e-05	0	1	-0.018	4e-05	0
422	1	-0.016	2e-05	0	1	-0.016	2e-05	0
423	1	-0.015	2e-05	0	1	-0.015	2e-05	0
424	1	-0.014	2e-05	0	1	-0.014	2e-05	0
425	1	-0.012	2e-05	0	1	-0.012	2e-05	0
426	1	-0.011	0	0	1	-0.011	0	0
427	1	-0.009	2e-05	0	1	-0.009	2e-05	0
428	1	-0.007	2e-05	0	1	-0.007	2e-05	0
429	1	-0.005	0	0	1	-0.005	0	0
430	1	-0.004	0	0	1	-0.004	0	0
431	1	-0.002	0	0	1	-0.002	0	0
432	1	-0.001	0	0	1	-0.001	0	0
433	1	0.001	0	0	1	0.001	0	0
434	1	0.003	0	0	1	0.003	0	0
435	1	0.009	-2e-05	0	1	0.009	-2e-05	0
436	1	0.012	-2e-05	0	1	0.012	-2e-05	0
437	1	0.016	-2e-05	0	1	0.016	-2e-05	0
438	1	0.018	-2e-05	0	1	0.018	-2e-05	0
439	1	0.019	-2e-05	0	1	0.019	-2e-05	0
440	1	0.028	-4e-05	0	1	0.028	-4e-05	0
441	1	0.047	-6e-05	0	1	0.047	-6e-05	0
442	1.5	-0.041	4e-05	0	1.5	-0.041	4e-05	0
443	1.5	-0.033	4e-05	0	1.5	-0.033	4e-05	0
444	1.5	-0.028	4e-05	0	1.5	-0.028	4e-05	0
445	1.5	-0.026	4e-05	0	1.5	-0.026	4e-05	0
446	1.5	-0.022	4e-05	0	1.5	-0.022	4e-05	0
447	1.5	-0.02	2e-05	0	1.5	-0.02	2e-05	0
448	1.5	-0.019	2e-05	0	1.5	-0.019	2e-05	0
449	1.5	-0.018	2e-05	0	1.5	-0.018	2e-05	0
450	1.5	-0.014	2e-05	0	1.5	-0.014	2e-05	0
451	1.5	-0.012	0	0	1.5	-0.012	0	0
452	1.5	-0.011	2e-05	0	1.5	-0.011	2e-05	0
453	1.5	-0.01	0	0	1.5	-0.01	0	0
454	1.5	-0.008	2e-05	0	1.5	-0.008	2e-05	0
455	1.5	-0.007	0	0	1.5	-0.007	0	0
456	1.5	-0.006	0	0	1.5	-0.006	0	0
457	1.5	-0.005	0	0	1.5	-0.005	0	0
458	1.5	-0.004	0	0	1.5	-0.004	0	0
459	1.5	-0.003	0	0	1.5	-0.003	0	0
460	1.5	-0.002	0	0	1.5	-0.002	0	0
461	1.5	-0.001	0	0	1.5	-0.001	0	0
462	1.5	0	-2e-05	0	1.5	0	-2e-05	0
463	1.5	0	0	0	1.5	0	0	0
464	1.5	0.001	0	0	1.5	0.001	0	0
465	1.5	0.002	0	0	1.5	0.002	0	0
466	1.5	0.004	-2e-05	0	1.5	0.004	-2e-05	0
467	1.5	0.005	-2e-05	0	1.5	0.005	-2e-05	0
468	1.5	0.01	-2e-05	0	1.5	0.01	-2e-05	0
469	1.5	0.012	-2e-05	0	1.5	0.012	-2e-05	0
470	1.5	0.017	-2e-05	0	1.5	0.017	-2e-05	0
471	1.5	0.022	-4e-05	0	1.5	0.022	-4e-05	0
472	1.5	0.023	-4e-05	0	1.5	0.023	-4e-05	0
473	1.5	0.028	-2e-05	0	1.5	0.028	-2e-05	0
474	2	-0.037	6e-05	0	2	-0.037	6e-05	0
475	2	-0.03	4e-05	0	2	-0.03	4e-05	0
476	2	-0.025	2e-05	0	2	-0.025	2e-05	0
477	2	-0.024	4e-05	0	2	-0.024	4e-05	0
478	2	-0.023	2e-05	0	2	-0.023	2e-05	0
479	2	-0.02	2e-05	0	2	-0.02	2e-05	0
480	2	-0.019	2e-05	0	2	-0.019	2e-05	0
481	2	-0.018	2e-05	0	2	-0.018	2e-05	0
482	2	-0.017	0	0	2	-0.017	0	0
483	2	-0.016	2e-05	0	2	-0.016	2e-05	0
484	2	-0.014	2e-05	0	2	-0.014	2e-05	0
485	2	-0.012	2e-05	0	2	-0.012	2e-05	0
486	2	-0.011	2e-05	0	2	-0.011	2e-05	0
487	2	-0.01	0	0	2	-0.01	0	0
488	2	-0.007	0	0	2	-0.007	0	0
489	2	-0.005	0	0	2	-0.005	0	0
490	2	-0.003	0	0	2	-0.003	0	0
491	2	-0.002	-2e-05	0	2	-0.002	-2e-05	0
492	2	-0.002	0	0	2	-0.002	0	0
493	2	-0.001	0	0	2	-0.001	0	0
494	2	0.008	0	0	2	0.008	0	0
495	2	0.01	-2e-05	0	2	0.01	-2e-05	0
496	2	0.012	-2e-05	0	2	0.012	-2e-05	0
497	2	0.029	-4e-05	0	2	0.029	-4e-05	0
498	2	0.03	-4e-05	0	2	0.03	-4e-05	0
499	2.5	-0.056	6e-05	0	2.5	-0.056	6e-05	0
500	2.5	-0.051	6e-05	0	2.5	-0.051	6e-05	0
501	2.5	-0.046	6e-05	0	2.5	-0.046	6e-05	0
502	2.5	-0.043	6e-05	0	2.5	-0.043	6e-05	0
503	2.5	-0.042	4e-05	0	2.5	-0.042	4e-05	0
504	2.5	-0.041	4e-05	0	2.5	-0.041	4e-05	0
505	2.5	-0.036	4e-05	0	2.5	-0.036	4e-05	0
506	2.5	-0.025	2e-05	0	2.5	-0.025	2e-05	0
507	2.5	-0.024	2e-05	0	2.5	-0.024	2e-05	0
508	2.5	-0.022	4e-05	0	2.5	-0.022	4e-05	0
509	2.5	-0.021	2e-05	0	2.5	-0.021	2e-05	0
510	2.5	-0.02	0	0	2.5	-0.02	0	0
511	2.5	-0.02	4e-05	0	2.5	-0.02	4e-05	0
512	2.5	-0.019	2e-05	0	2.5	-0.019	2e-05	0
513	2.5	-0.018	0	0	2.5	-0.018	0	0
514	2.5	-0.018	2e-05	0	2.5	-0.018	2e-05	0
515	2.5	-0.017	0	0	2.5	-0.017	0	0
516	2.5	-0.017	2e-05	0	2.5	-0.017	2e-05	0
517	2.5	-0.016	2e-05	0	2.5	-0.016	2e-05	0
518	2.5	-0.015	2e-05	0	2.5	-0.015	2e-05	0
519	2.5	-0.01	0	0	2.5	-0.01	0	0
520	2.5	-0.009	0	0	2.5	-0.009	0	0
521	2.5	-0.008	0	0	2.5	-0.008	0	0
522	2.5	-0.006	0	0	2.5	-0.006	0	0
523	2.5	-0.005	0	0	2.5	-0.005	0	0
524	2.5	-0.004	0	0	2.5	-0.004	0	0
525	2.5	-0.002	0	0	2.5	-0.002	0	0
526	2.5	-0.001	0	0	2.5	-0.001	0	0
527	2.5	0	0	0	2.5	0	0	0
528	2.5	0.001	0	0	2.5	0.001	0	0
529	2.5	0.003	0	0	2.5	0.003	0	0
530	2.5	0.004	-2e-05	0	2.5	0.004	-2e-05	0
531	2.5	0.011	-2e-05	0	2.5	0.011	-2e-05	0
532	2.5	0.015	-2e-05	0	2.5	0.015	-2e-05	0
533	2.5	0.017	-2e-05	0	2.5	0.017	-2e-05	0
534	2.5	0.034	-4e-05	0	2.5	0.034	-4e-05	0
535	3	-0.05	6e-05	0	3	-0.05	6e-05	0
536	3	-0.039	4e-05	0	3	-0.039	4e-05	0
537	3	-0.036	4e-05	0	3	-0.036	4e-05	0
538	3	-0.032	4e-05	0	3	-0.032	4e-05	0
539	3	-0.03	4e-05	0	3	-0.03	4e-05	0
540	3	-0.029	2e-05	0	3	-0.029	2e-05	0
541	3	-0.029	4e-05	0	3	-0.029	4e-05	0
542	3	-0.028	4e-05	0	3	-0.028	4e-05	0
543	3	-0.026	2e-05	0	3	-0.026	2e-05	0
544	3	-0.024	2e-05	0	3	-0.024	2e-05	0
545	3	-0.024	4e-05	0	3	-0.024	4e-05	0
546	3	-0.023	2e-05	0	3	-0.023	2e-05	0
547	3	-0.022	4e-05	0	3	-0.022	4e-05	0
548	3	-0.021	2e-05	0	3	-0.021	2e-05	0
549	3	-0.019	2e-05	0	3	-0.019	2e-05	0
550	3	-0.018	0	0	3	-0.018	0	0
551	3	-0.018	2e-05	0	3	-0.018	2e-05	0
552	3	-0.017	0	0	3	-0.017	0	0
553	3	-0.016	2e-05	0	3	-0.016	2e-05	0
554	3	-0.014	0	0	3	-0.014	0	0
555	3	-0.006	0	0	3	-0.006	0	0
556	3	-0.004	0	0	3	-0.004	0	0
557	3	-0.002	0	0	3	-0.002	0	0
558	3	-0.001	0	0	3	-0.001	0	0
559	3	0.017	-4e-05	0	3	0.017	-4e-05	0
560	3.5	-0.048	4e-05	0	3.5	-0.048	4e-05	0
561	3.5	-0.043	4e-05	0	3.5	-0.043	4e-05	0
562	3.5	-0.042	6e-05	0	3.5	-0.042	6e-05	0
563	3.5	-0.041	4e-05	0	3.5	-0.041	4e-05	0
564	3.5	-0.04	4e-05	0	3.5	-0.04	4e-05	0
565	3.5	-0.039	4e-05	0	3.5	-0.039	4e-05	0
566	3.5	-0.037	4e-05	0	3.5	-0.037	4e-05	0
567	3.5	-0.035	4e-05	0	3.5	-0.035	4e-05	0
568	3.5	-0.031	4e-05	0	3.5	-0.031	4e-05	0
569	3.5	-0.029	2e-05	0	3.5	-0.029	2e-05	0
570	3.5	-0.028	2e-05	0	3.5	-0.028	2e-05	0
571	3.5	-0.025	2e-05	0	3.5	-0.025	2e-05	0
572	3.5	-0.023	2e-05	0	3.5	-0.023	2e-05	0
573	3.5	-0.022	2e-05	0	3.5	-0.022	2e-05	0
574	3.5	-0.021	2e-05	0	3.5	-0.021	2e-05	0
575	3.5	-0.016	2e-05	0	3.5	-0.016	2e-05	0
576	3.5	-0.011	0	0	3.5	-0.011	0	0
577	3.5	-0.01	2e-05	0	3.5	-0.01	2e-05	0
578	3.5	-0.005	0	0	3.5	-0.005	0	0
579	3.5	0.019	-4e-05	0	3.5	0.019	-4e-05	0
580	4	-0.057	6e-05	0	4	-0.057	6e-05	0
581	4	-0.052	6e-05	0	4	-0.052	6e-05	0
582	4	-0.046	6e-05	0	4	-0.046	6e-05	0
583	4	-0.045	4e-05	0	4	-0.045	4e-05	0
584	4	-0.042	4e-05	0	4	-0.042	4e-05	0
585	4	-0.041	4e-05	0	4	-0.041	4e-05	0
586	4	-0.04	4e-05	0	4	-0.04	4e-05	0
587	4	-0.04	6e-05	0	4	-0.04	6e-05	0
588	4	-0.034	4e-05	0	4	-0.034	4e-05	0
589	4	-0.033	4e-05	0	4	-0.033	4e-05	0
590	4	-0.032	4e-05	0	4	-0.032	4e-05	0
591	4	-0.031	4e-05	0	4	-0.031	4e-05	0
592	4	-0.029	4e-05	0	4	-0.029	4e-05	0
593	4	-0.028	2e-05	0	4	-0.028	2e-05	0
594	4	-0.025	2e-05	0	4	-0.025	2e-05	0
595	4	-0.023	2e-05	0	4	-0.023	2e-05	0
596	4	-0.022	2e-05	0	4	-0.022	2e-05	0
597	4	-0.021	2e-05	0	4	-0.021	2e-05	0
598	4	-0.02	2e-05	0	4	-0.02	2e-05	0
599	4	-0.019	2e-05	0	4	-0.019	2e-05	0
600	4	-0.018	2e-05	0	4	-0.018	2e-05	0
601	4	-0.011	0	0	4	-0.011	0	0
602	4	-0.008	0	0	4	-0.008	0	0
603	4	-0.005	-2e-05	0	4	-0.005	-2e-05	0
604	4	-0.001	0	0	4	-0.001	0	0
605	4	0.005	-2e-05	0	4	0.005	-2e-05	0
606	4	0.008	0	0	4	0.008	0	0
607	4	0.012	-2e-05	0	4	0.012	-2e-05	0
608	4.5	-0.052	6e-05	0	4.5	-0.052	6e-05	0
609	4.5	-0.051	6e-05	0	4.5	-0.051	6e-05	0
610	4.5	-0.04	6e-05	0	4.5	-0.04	6e-05	0
611	4.5	-0.038	4e-05	0	4.5	-0.038	4e-05	0
612	4.5	-0.036	4e-05	0	4.5	-0.036	4e-05	0
613	4.5	-0.035	4e-05	0	4.5	-0.035	4e-05	0
614	4.5	-0.034	4e-05	0	4.5	-0.034	4e-05	0
615	4.5	-0.026	2e-05	0	4.5	-0.026	2e-05	0
616	4.5	-0.025	2e-05	0	4.5	-0.025	2e-05	0
617	4.5	-0.021	2e-05	0	4.5	-0.021	2e-05	0
618	4.5	-0.019	2e-05	0	4.5	-0.019	2e-05	0
619	4.5	-0.017	0	0	4.5	-0.017	0	0
620	4.5	-0.015	0	0	4.5	-0.015	0	0
621	4.5	-0.015	2e-05	0	4.5	-0.015	2e-05	0
622	4.5	-0.008	0	0	4.5	-0.008	0	0
623	4.5	0.009	-2e-05	0	4.5	0.009	-2e-05	0
624	5	-0.063	8e-05	0	5	-0.063	8e-05	0
625	5	-0.053	6e-05	0	5	-0.053	6e-05	0
626	5	-0.048	6e-05	0	5	-0.048	6e-05	0
627	5	-0.046	4e-05	0	5	-0.046	4e-05	0
628	5	-0.045	4e-05	0	5	-0.045	4e-05	0
629	5	-0.042	4e-05	0	5	-0.042	4e-05	0
630	5	-0.038	4e-05	0	5	-0.038	4e-05	0
631	5	-0.037	4e-05	0	5	-0.037	4e-05	0
632	5	-0.035	4e-05	0	5	-0.035	4e-05	0
633	5	-0.034	2e-05	0	5	-0.034	2e-05	0
634	5	-0.032	2e-05	0	5	-0.032	2e-05	0
635	5	-0.027	2e-05	0	5	-0.027	2e-05	0
636	5	-0.026	2e-05	0	5	-0.026	2e-05	0
637	5	-0.023	2e-05	0	5	-0.023	2e-05	0
638	5	-0.021	2e-05	0	5	-0.021	2e-05	0
639	5	-0.019	2e-05	0	5	-0.019	2e-05	0
640	5	-0.018	2e-05	0	5	-0.018	2e-05	0
641	5	-0.017	2e-05	0	5	-0.017	2e-05	0
642	5	-0.013	0	0	5	-0.013	0	0
643	5	-0.007	0	0	5	-0.007	0	0
644	5	-0.005	0	0	5	-0.005	0	0
645	5	-0.004	0	0	5	-0.004	0	0
646	5.5	-0.061	8e-05	0	5.5	-0.061	8e-05	0
647	5.5	-0.06	6e-05	0	5.5	-0.06	6e-05	0
648	5.5	-0.058	6e-05	0	5.5	-0.058	6e-05	0
649	5.5	-0.054	6e-05	0	5.5	-0.054	6e-05	0
650	5.5	-0.052	4e-05	0	5.5	-0.052	4e-05	0
651	5.5	-0.049	6e-05	0	5.5	-0.049	6e-05	0
652	5.5	-0.046	6e-05	0	5.5	-0.046	6e-05	0
653	5.5	-0.044	4e-05	0	5.5	-0.044	4e-05	0
654	5.5	-0.043	4e-05	0	5.5	-0.043	4e-05	0
655	5.5	-0.042	4e-05	0	5.5	-0.042	4e-05	0
656	5.5	-0.04	4e-05	0	5.5	-0.04	4e-05	0
657	5.5	-0.039	4e-05	0	5.5	-0.039	4e-05	0
658	5.5	-0.035	2e-05	0	5.5	-0.035	2e-05	0
659	5.5	-0.03	4e-05	0	5.5	-0.03	4e-05	0
660	5.5	-0.029	4e-05	0	5.5	-0.029	4e-05	0
661	5.5	-0.028	2e-05	0	5.5	-0.028	2e-05	0
662	5.5	-0.024	2e-05	0	5.5	-0.024	2e-05	0
663	5.5	-0.02	2e-05	0	5.5	-0.02	2e-05	0
664	6	-0.063	6e-05	0	6	-0.063	6e-05	0
665	6	-0.055	6e-05	0	6	-0.055	6e-05	0
666	6	-0.053	6e-05	0	6	-0.053	6e-05	0
667	6	-0.051	6e-05	0	6	-0.051	6e-05	0
668	6	-0.043	4e-05	0	6	-0.043	4e-05	0
669	6	-0.042	4e-05	0	6	-0.042	4e-05	0
670	6	-0.038	4e-05	0	6	-0.038	4e-05	0
671	6	-0.037	4e-05	0	6	-0.037	4e-05	0
672	6	-0.034	4e-05	0	6	-0.034	4e-05	0
673	6	-0.031	4e-05	0	6	-0.031	4e-05	0
674	6	-0.024	2e-05	0	6	-0.024	2e-05	0
675	6	-0.021	2e-05	0	6	-0.021	2e-05	0
676	6	-0.018	2e-05	0	6	-0.018	2e-05	0
677	6	-0.014	0	0	6	-0.014	0	0
678	6	-0.009	0	0	6	-0.009	0	0
679	6.5	-0.072	8e-05	0	6.5	-0.072	8e-05	0
680	6.5	-0.064	6e-05	0	6.5	-0.064	6e-05	0
681	6.5	-0.063	8e-05	0	6.5	-0.063	8e-05	0
682	6.5	-0.061	8e-05	0	6.5	-0.061	8e-05	0
683	6.5	-0.06	6e-05	0	6.5	-0.06	6e-05	0
684	6.5	-0.059	6e-05	0	6.5	-0.059	6e-05	0
685	6.5	-0.052	6e-05	0	6.5	-0.052	6e-05	0
686	6.5	-0.049	4e-05	0	6.5	-0.049	4e-05	0
687	6.5	-0.045	6e-05	0	6.5	-0.045	6e-05	0
688	6.5	-0.041	4e-05	0	6.5	-0.041	4e-05	0
689	6.5	-0.036	4e-05	0	6.5	-0.036	4e-05	0
690	6.5	-0.035	4e-05	0	6.5	-0.035	4e-05	0
691	6.5	-0.034	4e-05	0	6.5	-0.034	4e-05	0
692	6.5	-0.028	2e-05	0	6.5	-0.028	2e-05	0
693	6.5	-0.027	2e-05	0	6.5	-0.027	2e-05	0
694	6.5	-0.025	2e-05	0	6.5	-0.025	2e-05	0
695	6.5	-0.024	2e-05	0	6.5	-0.024	2e-05	0
696	6.5	-0.019	2e-05	0	6.5	-0.019	2e-05	0
697	6.5	-0.012	0	0	6.5	-0.012	0	0
698	6.5	0.002	0	0	6.5	0.002	0	0
699	6.5	0.004	-2e-05	0	6.5	0.004	-2e-05	0
700	7	-0.074	8e-05	0	7	-0.074	8e-05	0
701	7	-0.073	8e-05	0	7	-0.073	8e-05	0
702	7	-0.059	6e-05	0	7	-0.059	6e-05	0
703	7	-0.055	6e-05	0	7	-0.055	6e-05	0
704	7	-0.053	6e-05	0	7	-0.053	6e-05	0
705	7	-0.051	6e-05	0	7	-0.051	6e-05	0
706	7	-0.049	6e-05	0	7	-0.049	6e-05	0
707	7	-0.047	6e-05	0	7	-0.047	6e-05	0
708	7	-0.043	4e-05	0	7	-0.043	4e-05	0
709	7	-0.041	4e-05	0	7	-0.041	4e-05	0
710	7	-0.038	4e-05	0	7	-0.038	4e-05	0
711	7	-0.031	2e-05	0	7	-0.031	2e-05	0
712	7	-0.028	2e-05	0	7	-0.028	2e-05	0
713	7	-0.027	2e-05	0	7	-0.027	2e-05	0
714	7	-0.019	2e-05	0	7	-0.019	2e-05	0
715	7	-0.014	2e-05	0	7	-0.014	2e-05	0
716	7	-0.012	0	0	7	-0.012	0	0
717	7	-0.007	0	0	7	-0.007	0	0
718	7.5	-0.077	8e-05	0	7.5	-0.077	8e-05	0
719	7.5	-0.071	8e-05	0	7.5	-0.071	8e-05	0
720	7.5	-0.07	8e-05	0	7.5	-0.07	8e-05	0
721	7.5	-0.064	6e-05	0	7.5	-0.064	6e-05	0
722	7.5	-0.061	6e-05	0	7.5	-0.061	6e-05	0
723	7.5	-0.059	6e-05	0	7.5	-0.059	6e-05	0
724	7.5	-0.054	6e-05	0	7.5	-0.054	6e-05	0
725	7.5	-0.053	6e-05	0	7.5	-0.053	6e-05	0
726	7.5	-0.052	4e-05	0	7.5	-0.052	4e-05	0
727	7.5	-0.05	6e-05	0	7.5	-0.05	6e-05	0
728	7.5	-0.046	4e-05	0	7.5	-0.046	4e-05	0
729	7.5	-0.044	4e-05	0	7.5	-0.044	4e-05	0
730	7.5	-0.042	4e-05	0	7.5	-0.042	4e-05	0
731	7.5	-0.038	4e-05	0	7.5	-0.038	4e-05	0
732	7.5	-0.032	2e-05	0	7.5	-0.032	2e-05	0
733	7.5	-0.012	0	0	7.5	-0.012	0	0
734	8	-0.059	6e-05	0	8	-0.059	6e-05	0
735	8	-0.058	6e-05	0	8	-0.058	6e-05	0
736	8	-0.052	6e-05	0	8	-0.052	6e-05	0
737	8	-0.051	4e-05	0	8	-0.051	4e-05	0
738	8	-0.039	4e-05	0	8	-0.039	4e-05	0
739	8	-0.038	4e-05	0	8	-0.038	4e-05	0
740	8	-0.037	4e-05	0	8	-0.037	4e-05	0
741	8	-0.025	2e-05	0	8	-0.025	2e-05	0
742	8	-0.023	2e-05	0	8	-0.023	2e-05	0
743	8	-0.01	0	0	8	-0.01	0	0
744	8	-0.007	0	0	8	-0.007	0	0
745	8.5	-0.066	8e-05	0	8.5	-0.066	8e-05	0
746	8.5	-0.064	6e-05	0	8.5	-0.064	6e-05	0
747	8.5	-0.061	6e-05	0	8.5	-0.061	6e-05	0
748	8.5	-0.059	6e-05	0	8.5	-0.059	6e-05	0
749	8.5	-0.056	6e-05	0	8.5	-0.056	6e-05	0
750	8.5	-0.054	6e-05	0	8.5	-0.054	6e-05	0
751	8.5	-0.045	4e-05	0	8.5	-0.045	4e-05	0
752	8.5	-0.042	4e-05	0	8.5	-0.042	4e-05	0
753	8.5	-0.038	4e-05	0	8.5	-0.038	4e-05	0
754	8.5	-0.037	4e-05	0	8.5	-0.037	4e-05	0
755	8.5	-0.029	2e-05	0	8.5	-0.029	2e-05	0
756	8.5	-0.026	2e-05	0	8.5	-0.026	2e-05	0
757	8.5	-0.023	0	0	8.5	-0.023	0	0
758	8.5	-0.012	0	0	8.5	-0.012	0	0
759	9	-0.085	0.0001	0	9	-0.085	0.0001	0
760	9	-0.076	8e-05	0	9	-0.076	8e-05	0
761	9	-0.075	8e-05	0	9	-0.075	8e-05	0
762	9	-0.074	8e-05	0	9	-0.074	8e-05	0
763	9	-0.065	6e-05	0	9	-0.065	6e-05	0
764	9	-0.062	6e-05	0	9	-0.062	6e-05	0
765	9	-0.057	6e-05	0	9	-0.057	6e-05	0
766	9	-0.056	6e-05	0	9	-0.056	6e-05	0
767	9	-0.055	6e-05	0	9	-0.055	6e-05	0
768	9	-0.049	4e-05	0	9	-0.049	4e-05	0
769	9	-0.047	4e-05	0	9	-0.047	4e-05	0
770	9	-0.045	4e-05	0	9	-0.045	4e-05	0
771	9	-0.042	4e-05	0	9	-0.042	4e-05	0
772	9	-0.038	4e-05	0	9	-0.038	4e-05	0
773	9	-0.034	2e-05	0	9	-0.034	2e-05	0
774	9	-0.026	2e-05	0	9	-0.026	2e-05	0
775	9	-0.025	2e-05	0	9	-0.025	2e-05	0
776	9	-0.022	2e-05	0	9	-0.022	2e-05	0
777	-9	0.032	-2e-05	0	-9	0.032	-2e-05	0
778	-9	0.038	-4e-05	0	-9	0.038	-4e-05	0
779	-9	0.04	-2e-05	0	-9	0.04	-2e-05	0
780	-9	0.042	-4e-05	0	-9	0.042	-4e-05	0
781	-9	0.044	-4e-05	0	-9	0.044	-4e-05	0
782	-9	0.047	-4e-05	0	-9	0.047	-4e-05	0
783	-9	0.052	-6e-05	0	-9	0.052	-6e-05	0
784	-9	0.057	-6e-05	0	-9	0.057	-6e-05	0
785	-9	0.059	-6e-05	0	-9	0.059	-6e-05	0
786	-9	0.06	-6e-05	0	-9	0.06	-6e-05	0
787	-9	0.063	-6e-05	0	-9	0.063	-6e-05	0
788	-9	0.065	-6e-05	0	-9	0.065	-6e-05	0
789	-9	0.067	-6e-05	0	-9	0.067	-6e-05	0
790	-9	0.071	-8e-05	0	-9	0.071	-8e-05	0
791	-9	0.073	-8e-05	0	-9	0.073	-8e-05	0
792	-8.5	0.021	-2e-05	0	-8.5	0.021	-2e-05	0
793	-8.5	0.022	-2e-05	0	-8.5	0.022	-2e-05	0
794	-8.5	0.024	-2e-05	0	-8.5	0.024	-2e-05	0
795	-8.5	0.027	-2e-05	0	-8.5	0.027	-2e-05	0
796	-8.5	0.029	-4e-05	0	-8.5	0.029	-4e-05	0
797	-8.5	0.034	-2e-05	0	-8.5	0.034	-2e-05	0
798	-8.5	0.042	-4e-05	0	-8.5	0.042	-4e-05	0
799	-8.5	0.046	-4e-05	0	-8.5	0.046	-4e-05	0
800	-8.5	0.057	-6e-05	0	-8.5	0.057	-6e-05	0
801	-8.5	0.058	-6e-05	0	-8.5	0.058	-6e-05	0
802	-8.5	0.06	-6e-05	0	-8.5	0.06	-6e-05	0
803	-8.5	0.061	-6e-05	0	-8.5	0.061	-6e-05	0
804	-8.5	0.066	-6e-05	0	-8.5	0.066	-6e-05	0
805	-8.5	0.068	-6e-05	0	-8.5	0.068	-6e-05	0
806	-8.5	0.074	-8e-05	0	-8.5	0.074	-8e-05	0
807	-8	0.014	0	0	-8	0.014	0	0
808	-8	0.026	-2e-05	0	-8	0.026	-2e-05	0
809	-8	0.028	-2e-05	0	-8	0.028	-2e-05	0
810	-8	0.029	-2e-05	0	-8	0.029	-2e-05	0
811	-8	0.03	-2e-05	0	-8	0.03	-2e-05	0
812	-8	0.035	-4e-05	0	-8	0.035	-4e-05	0
813	-8	0.039	-4e-05	0	-8	0.039	-4e-05	0
814	-8	0.044	-4e-05	0	-8	0.044	-4e-05	0
815	-8	0.046	-4e-05	0	-8	0.046	-4e-05	0
816	-8	0.047	-4e-05	0	-8	0.047	-4e-05	0
817	-8	0.048	-4e-05	0	-8	0.048	-4e-05	0
818	-8	0.055	-6e-05	0	-8	0.055	-6e-05	0
819	-8	0.057	-6e-05	0	-8	0.057	-6e-05	0
820	-8	0.063	-8e-05	0	-8	0.063	-8e-05	0
821	-8	0.065	-6e-05	0	-8	0.065	-6e-05	0
822	-8	0.077	-8e-05	0	-8	0.077	-8e-05	0
823	-7.5	0.007	0	0	-7.5	0.007	0	0
824	-7.5	0.022	-2e-05	0	-7.5	0.022	-2e-05	0
825	-7.5	0.026	-2e-05	0	-7.5	0.026	-2e-05	0
826	-7.5	0.032	-4e-05	0	-7.5	0.032	-4e-05	0
827	-7.5	0.04	-4e-05	0	-7.5	0.04	-4e-05	0
828	-7.5	0.044	-4e-05	0	-7.5	0.044	-4e-05	0
829	-7.5	0.046	-6e-05	0	-7.5	0.046	-6e-05	0
830	-7.5	0.046	-4e-05	0	-7.5	0.046	-4e-05	0
831	-7.5	0.047	-6e-05	0	-7.5	0.047	-6e-05	0
832	-7.5	0.047	-4e-05	0	-7.5	0.047	-4e-05	0
833	-7.5	0.054	-4e-05	0	-7.5	0.054	-4e-05	0
834	-7.5	0.063	-6e-05	0	-7.5	0.063	-6e-05	0
835	-7.5	0.067	-8e-05	0	-7.5	0.067	-8e-05	0
836	-7.5	0.074	-8e-05	0	-7.5	0.074	-8e-05	0
837	-7	0.011	0	0	-7	0.011	0	0
838	-7	0.022	-2e-05	0	-7	0.022	-2e-05	0
839	-7	0.024	-2e-05	0	-7	0.024	-2e-05	0
840	-7	0.026	-2e-05	0	-7	0.026	-2e-05	0
841	-7	0.029	-2e-05	0	-7	0.029	-2e-05	0
842	-7	0.031	-2e-05	0	-7	0.031	-2e-05	0
843	-7	0.04	-4e-05	0	-7	0.04	-4e-05	0
844	-7	0.041	-4e-05	0	-7	0.041	-4e-05	0
845	-7	0.043	-4e-05	0	-7	0.043	-4e-05	0
846	-7	0.045	-4e-05	0	-7	0.045	-4e-05	0
847	-7	0.049	-6e-05	0	-7	0.049	-6e-05	0
848	-7	0.051	-6e-05	0	-7	0.051	-6e-05	0
849	-7	0.052	-4e-05	0	-7	0.052	-4e-05	0
850	-7	0.053	-6e-05	0	-7	0.053	-6e-05	0
851	-7	0.054	-6e-05	0	-7	0.054	-6e-05	0
852	-7	0.055	-6e-05	0	-7	0.055	-6e-05	0
853	-7	0.074	-8e-05	0	-7	0.074	-8e-05	0
854	-7	0.084	-0.0001	0	-7	0.084	-0.0001	0
855	-6.5	0.006	0	0	-6.5	0.006	0	0
856	-6.5	0.008	2e-05	0	-6.5	0.008	2e-05	0
857	-6.5	0.018	-2e-05	0	-6.5	0.018	-2e-05	0
858	-6.5	0.022	-2e-05	0	-6.5	0.022	-2e-05	0
859	-6.5	0.023	-2e-05	0	-6.5	0.023	-2e-05	0
860	-6.5	0.023	0	0	-6.5	0.023	0	0
861	-6.5	0.025	-2e-05	0	-6.5	0.025	-2e-05	0
862	-6.5	0.03	-2e-05	0	-6.5	0.03	-2e-05	0
863	-6.5	0.033	-4e-05	0	-6.5	0.033	-4e-05	0
864	-6.5	0.036	-2e-05	0	-6.5	0.036	-2e-05	0
865	-6.5	0.037	-4e-05	0	-6.5	0.037	-4e-05	0
866	-6.5	0.038	-4e-05	0	-6.5	0.038	-4e-05	0
867	-6.5	0.04	-4e-05	0	-6.5	0.04	-4e-05	0
868	-6.5	0.044	-4e-05	0	-6.5	0.044	-4e-05	0
869	-6.5	0.045	-6e-05	0	-6.5	0.045	-6e-05	0
870	-6.5	0.049	-6e-05	0	-6.5	0.049	-6e-05	0
871	-6.5	0.05	-6e-05	0	-6.5	0.05	-6e-05	0
872	-6.5	0.053	-6e-05	0	-6.5	0.053	-6e-05	0
873	-6.5	0.053	-4e-05	0	-6.5	0.053	-4e-05	0
874	-6.5	0.055	-6e-05	0	-6.5	0.055	-6e-05	0
875	-6.5	0.056	-6e-05	0	-6.5	0.056	-6e-05	0
876	-6	0.005	0	0	-6	0.005	0	0
877	-6	0.018	-2e-05	0	-6	0.018	-2e-05	0
878	-6	0.023	-2e-05	0	-6	0.023	-2e-05	0
879	-6	0.024	-2e-05	0	-6	0.024	-2e-05	0
880	-6	0.035	-4e-05	0	-6	0.035	-4e-05	0
881	-6	0.037	-2e-05	0	-6	0.037	-2e-05	0
882	-6	0.042	-4e-05	0	-6	0.042	-4e-05	0
883	-6	0.043	-4e-05	0	-6	0.043	-4e-05	0
884	-6	0.052	-6e-05	0	-6	0.052	-6e-05	0
885	-6	0.053	-6e-05	0	-6	0.053	-6e-05	0
886	-6	0.055	-6e-05	0	-6	0.055	-6e-05	0
887	-6	0.056	-6e-05	0	-6	0.056	-6e-05	0
888	-6	0.06	-8e-05	0	-6	0.06	-8e-05	0
889	-6	0.061	-6e-05	0	-6	0.061	-6e-05	0
890	-6	0.068	-8e-05	0	-6	0.068	-8e-05	0
891	-5.5	-0.01	2e-05	0	-5.5	-0.01	2e-05	0
892	-5.5	-0.002	2e-05	0	-5.5	-0.002	2e-05	0
893	-5.5	0.018	-2e-05	0	-5.5	0.018	-2e-05	0
894	-5.5	0.021	-2e-05	0	-5.5	0.021	-2e-05	0
895	-5.5	0.023	-2e-05	0	-5.5	0.023	-2e-05	0
896	-5.5	0.025	-2e-05	0	-5.5	0.025	-2e-05	0
897	-5.5	0.026	-2e-05	0	-5.5	0.026	-2e-05	0
898	-5.5	0.028	-2e-05	0	-5.5	0.028	-2e-05	0
899	-5.5	0.03	-2e-05	0	-5.5	0.03	-2e-05	0
900	-5.5	0.031	-2e-05	0	-5.5	0.031	-2e-05	0
901	-5.5	0.032	-4e-05	0	-5.5	0.032	-4e-05	0
902	-5.5	0.033	-4e-05	0	-5.5	0.033	-4e-05	0
903	-5.5	0.033	-2e-05	0	-5.5	0.033	-2e-05	0
904	-5.5	0.034	-4e-05	0	-5.5	0.034	-4e-05	0
905	-5.5	0.036	-4e-05	0	-5.5	0.036	-4e-05	0
906	-5.5	0.037	-4e-05	0	-5.5	0.037	-4e-05	0
907	-5.5	0.037	-2e-05	0	-5.5	0.037	-2e-05	0
908	-5.5	0.038	-4e-05	0	-5.5	0.038	-4e-05	0
909	-5.5	0.039	-4e-05	0	-5.5	0.039	-4e-05	0
910	-5.5	0.04	-4e-05	0	-5.5	0.04	-4e-05	0
911	-5.5	0.043	-4e-05	0	-5.5	0.043	-4e-05	0
912	-5.5	0.044	-6e-05	0	-5.5	0.044	-6e-05	0
913	-5.5	0.044	-4e-05	0	-5.5	0.044	-4e-05	0
914	-5.5	0.045	-4e-05	0	-5.5	0.045	-4e-05	0
915	-5.5	0.056	-6e-05	0	-5.5	0.056	-6e-05	0
916	-5.5	0.063	-8e-05	0	-5.5	0.063	-8e-05	0
917	-5	-0.003	2e-05	0	-5	-0.003	2e-05	0
918	-5	0	0	0	-5	0	0	0
919	-5	0.007	0	0	-5	0.007	0	0
920	-5	0.008	0	0	-5	0.008	0	0
921	-5	0.016	0	0	-5	0.016	0	0
922	-5	0.019	-2e-05	0	-5	0.019	-2e-05	0
923	-5	0.022	-2e-05	0	-5	0.022	-2e-05	0
924	-5	0.022	0	0	-5	0.022	0	0
925	-5	0.023	-2e-05	0	-5	0.023	-2e-05	0
926	-5	0.029	-4e-05	0	-5	0.029	-4e-05	0
927	-5	0.029	-2e-05	0	-5	0.029	-2e-05	0
928	-5	0.03	-4e-05	0	-5	0.03	-4e-05	0
929	-5	0.031	-2e-05	0	-5	0.031	-2e-05	0
930	-5	0.033	-4e-05	0	-5	0.033	-4e-05	0
931	-5	0.035	-2e-05	0	-5	0.035	-2e-05	0
932	-5	0.036	-4e-05	0	-5	0.036	-4e-05	0
933	-5	0.037	-4e-05	0	-5	0.037	-4e-05	0
934	-5	0.037	-2e-05	0	-5	0.037	-2e-05	0
935	-5	0.038	-4e-05	0	-5	0.038	-4e-05	0
936	-5	0.04	-6e-05	0	-5	0.04	-6e-05	0
937	-5	0.041	-4e-05	0	-5	0.041	-4e-05	0
938	-5	0.044	-4e-05	0	-5	0.044	-4e-05	0
939	-5	0.05	-6e-05	0	-5	0.05	-6e-05	0
940	-5	0.052	-6e-05	0	-5	0.052	-6e-05	0
941	-5	0.054	-6e-05	0	-5	0.054	-6e-05	0
942	-4.5	0	0	0	-4.5	0	0	0
943	-4.5	0.003	0	0	-4.5	0.003	0	0
944	-4.5	0.009	0	0	-4.5	0.009	0	0
945	-4.5	0.011	0	0	-4.5	0.011	0	0
946	-4.5	0.014	0	0	-4.5	0.014	0	0
947	-4.5	0.015	-2e-05	0	-4.5	0.015	-2e-05	0
948	-4.5	0.019	-2e-05	0	-4.5	0.019	-2e-05	0
949	-4.5	0.021	-2e-05	0	-4.5	0.021	-2e-05	0
950	-4.5	0.022	-2e-05	0	-4.5	0.022	-2e-05	0
951	-4.5	0.023	-2e-05	0	-4.5	0.023	-2e-05	0
952	-4.5	0.024	-2e-05	0	-4.5	0.024	-2e-05	0
953	-4.5	0.025	-2e-05	0	-4.5	0.025	-2e-05	0
954	-4.5	0.026	-2e-05	0	-4.5	0.026	-2e-05	0
955	-4.5	0.028	-2e-05	0	-4.5	0.028	-2e-05	0
956	-4.5	0.03	-2e-05	0	-4.5	0.03	-2e-05	0
957	-4.5	0.032	-4e-05	0	-4.5	0.032	-4e-05	0
958	-4.5	0.035	-4e-05	0	-4.5	0.035	-4e-05	0
959	-4.5	0.036	-4e-05	0	-4.5	0.036	-4e-05	0
960	-4.5	0.037	-4e-05	0	-4.5	0.037	-4e-05	0
961	-4.5	0.04	-4e-05	0	-4.5	0.04	-4e-05	0
962	-4.5	0.043	-6e-05	0	-4.5	0.043	-6e-05	0
963	-4.5	0.045	-4e-05	0	-4.5	0.045	-4e-05	0
964	-4.5	0.061	-6e-05	0	-4.5	0.061	-6e-05	0
965	-4.5	0.066	-8e-05	0	-4.5	0.066	-8e-05	0
966	-4	-0.02	2e-05	0	-4	-0.02	2e-05	0
967	-4	0.007	0	0	-4	0.007	0	0
968	-4	0.008	0	0	-4	0.008	0	0
969	-4	0.012	0	0	-4	0.012	0	0
970	-4	0.015	-2e-05	0	-4	0.015	-2e-05	0
971	-4	0.015	0	0	-4	0.015	0	0
972	-4	0.016	-2e-05	0	-4	0.016	-2e-05	0
973	-4	0.016	0	0	-4	0.016	0	0
974	-4	0.019	-2e-05	0	-4	0.019	-2e-05	0
975	-4	0.02	-2e-05	0	-4	0.02	-2e-05	0
976	-4	0.021	-2e-05	0	-4	0.021	-2e-05	0
977	-4	0.021	0	0	-4	0.021	0	0
978	-4	0.022	-2e-05	0	-4	0.022	-2e-05	0
979	-4	0.023	-2e-05	0	-4	0.023	-2e-05	0
980	-4	0.028	-2e-05	0	-4	0.028	-2e-05	0
981	-4	0.031	-2e-05	0	-4	0.031	-2e-05	0
982	-4	0.033	-4e-05	0	-4	0.033	-4e-05	0
983	-4	0.037	-4e-05	0	-4	0.037	-4e-05	0
984	-4	0.038	-4e-05	0	-4	0.038	-4e-05	0
985	-4	0.042	-6e-05	0	-4	0.042	-6e-05	0
986	-4	0.046	-6e-05	0	-4	0.046	-6e-05	0
987	-4	0.05	-6e-05	0	-4	0.05	-6e-05	0
988	-3.5	-0.008	2e-05	0	-3.5	-0.008	2e-05	0
989	-3.5	0.002	0	0	-3.5	0.002	0	0
990	-3.5	0.003	0	0	-3.5	0.003	0	0
991	-3.5	0.009	0	0	-3.5	0.009	0	0
992	-3.5	0.013	-2e-05	0	-3.5	0.013	-2e-05	0
993	-3.5	0.019	-2e-05	0	-3.5	0.019	-2e-05	0
994	-3.5	0.021	-2e-05	0	-3.5	0.021	-2e-05	0
995	-3.5	0.022	-2e-05	0	-3.5	0.022	-2e-05	0
996	-3.5	0.023	-2e-05	0	-3.5	0.023	-2e-05	0
997	-3.5	0.025	-4e-05	0	-3.5	0.025	-4e-05	0
998	-3.5	0.026	-2e-05	0	-3.5	0.026	-2e-05	0
999	-3.5	0.031	-4e-05	0	-3.5	0.031	-4e-05	0
1000	-3.5	0.033	-4e-05	0	-3.5	0.033	-4e-05	0
1001	-3.5	0.034	-4e-05	0	-3.5	0.034	-4e-05	0
1002	-3.5	0.041	-4e-05	0	-3.5	0.041	-4e-05	0
1003	-3.5	0.042	-4e-05	0	-3.5	0.042	-4e-05	0
1004	-3.5	0.048	-6e-05	0	-3.5	0.048	-6e-05	0
1005	-3.5	0.055	-6e-05	0	-3.5	0.055	-6e-05	0
1006	-3.5	0.058	-6e-05	0	-3.5	0.058	-6e-05	0
1007	-3	-0.006	2e-05	0	-3	-0.006	2e-05	0
1008	-3	-0.004	0	0	-3	-0.004	0	0
1009	-3	-0.001	0	0	-3	-0.001	0	0
1010	-3	0.004	0	0	-3	0.004	0	0
1011	-3	0.006	0	0	-3	0.006	0	0
1012	-3	0.007	0	0	-3	0.007	0	0
1013	-3	0.01	0	0	-3	0.01	0	0
1014	-3	0.012	-2e-05	0	-3	0.012	-2e-05	0
1015	-3	0.012	0	0	-3	0.012	0	0
1016	-3	0.014	-2e-05	0	-3	0.014	-2e-05	0
1017	-3	0.014	0	0	-3	0.014	0	0
1018	-3	0.015	-2e-05	0	-3	0.015	-2e-05	0
1019	-3	0.015	0	0	-3	0.015	0	0
1020	-3	0.016	-2e-05	0	-3	0.016	-2e-05	0
1021	-3	0.02	-2e-05	0	-3	0.02	-2e-05	0
1022	-3	0.021	-2e-05	0	-3	0.021	-2e-05	0
1023	-3	0.022	-2e-05	0	-3	0.022	-2e-05	0
1024	-3	0.023	-4e-05	0	-3	0.023	-4e-05	0
1025	-3	0.023	-2e-05	0	-3	0.023	-2e-05	0
1026	-3	0.025	-2e-05	0	-3	0.025	-2e-05	0
1027	-3	0.026	-4e-05	0	-3	0.026	-4e-05	0
1028	-3	0.026	-2e-05	0	-3	0.026	-2e-05	0
1029	-3	0.027	-2e-05	0	-3	0.027	-2e-05	0
1030	-3	0.031	-2e-05	0	-3	0.031	-2e-05	0
1031	-3	0.035	-4e-05	0	-3	0.035	-4e-05	0
1032	-3	0.036	-4e-05	0	-3	0.036	-4e-05	0
1033	-3	0.047	-6e-05	0	-3	0.047	-6e-05	0
1034	-2.5	-0.028	4e-05	0	-2.5	-0.028	4e-05	0
1035	-2.5	-0.024	4e-05	0	-2.5	-0.024	4e-05	0
1036	-2.5	-0.005	2e-05	0	-2.5	-0.005	2e-05	0
1037	-2.5	0.002	0	0	-2.5	0.002	0	0
1038	-2.5	0.004	0	0	-2.5	0.004	0	0
1039	-2.5	0.005	0	0	-2.5	0.005	0	0
1040	-2.5	0.006	0	0	-2.5	0.006	0	0
1041	-2.5	0.007	0	0	-2.5	0.007	0	0
1042	-2.5	0.009	0	0	-2.5	0.009	0	0
1043	-2.5	0.011	-2e-05	0	-2.5	0.011	-2e-05	0
1044	-2.5	0.012	0	0	-2.5	0.012	0	0
1045	-2.5	0.014	-2e-05	0	-2.5	0.014	-2e-05	0
1046	-2.5	0.015	-2e-05	0	-2.5	0.015	-2e-05	0
1047	-2.5	0.016	-2e-05	0	-2.5	0.016	-2e-05	0
1048	-2.5	0.017	-2e-05	0	-2.5	0.017	-2e-05	0
1049	-2.5	0.018	-2e-05	0	-2.5	0.018	-2e-05	0
1050	-2.5	0.019	-2e-05	0	-2.5	0.019	-2e-05	0
1051	-2.5	0.02	-2e-05	0	-2.5	0.02	-2e-05	0
1052	-2.5	0.021	-2e-05	0	-2.5	0.021	-2e-05	0
1053	-2.5	0.022	-2e-05	0	-2.5	0.022	-2e-05	0
1054	-2.5	0.026	-2e-05	0	-2.5	0.026	-2e-05	0
1055	-2.5	0.027	-4e-05	0	-2.5	0.027	-4e-05	0
1056	-2.5	0.03	-2e-05	0	-2.5	0.03	-2e-05	0
1057	-2.5	0.033	-2e-05	0	-2.5	0.033	-2e-05	0
1058	-2	-0.024	4e-05	0	-2	-0.024	4e-05	0
1059	-2	-0.017	2e-05	0	-2	-0.017	2e-05	0
1060	-2	-0.011	2e-05	0	-2	-0.011	2e-05	0
1061	-2	-0.004	2e-05	0	-2	-0.004	2e-05	0
1062	-2	0.003	0	0	-2	0.003	0	0
1063	-2	0.004	0	0	-2	0.004	0	0
1064	-2	0.006	0	0	-2	0.006	0	0
1065	-2	0.007	0	0	-2	0.007	0	0
1066	-2	0.008	0	0	-2	0.008	0	0
1067	-2	0.01	0	0	-2	0.01	0	0
1068	-2	0.011	-2e-05	0	-2	0.011	-2e-05	0
1069	-2	0.013	-2e-05	0	-2	0.013	-2e-05	0
1070	-2	0.013	0	0	-2	0.013	0	0
1071	-2	0.014	-2e-05	0	-2	0.014	-2e-05	0
1072	-2	0.016	-2e-05	0	-2	0.016	-2e-05	0
1073	-2	0.017	-2e-05	0	-2	0.017	-2e-05	0
1074	-2	0.018	-2e-05	0	-2	0.018	-2e-05	0
1075	-2	0.021	-2e-05	0	-2	0.021	-2e-05	0
1076	-2	0.022	-2e-05	0	-2	0.022	-2e-05	0
1077	-2	0.023	-2e-05	0	-2	0.023	-2e-05	0
1078	-2	0.028	-2e-05	0	-2	0.028	-2e-05	0
1079	-2	0.035	-4e-05	0	-2	0.035	-4e-05	0
1080	-1.5	-0.008	2e-05	0	-1.5	-0.008	2e-05	0
1081	-1.5	-0.003	0	0	-1.5	-0.003	0	0
1082	-1.5	-0.003	2e-05	0	-1.5	-0.003	2e-05	0
1083	-1.5	-0.001	2e-05	0	-1.5	-0.001	2e-05	0
1084	-1.5	0	0	0	-1.5	0	0	0
1085	-1.5	0.001	0	0	-1.5	0.001	0	0
1086	-1.5	0.004	0	0	-1.5	0.004	0	0
1087	-1.5	0.005	-2e-05	0	-1.5	0.005	-2e-05	0
1088	-1.5	0.006	0	0	-1.5	0.006	0	0
1089	-1.5	0.009	-2e-05	0	-1.5	0.009	-2e-05	0
1090	-1.5	0.01	-2e-05	0	-1.5	0.01	-2e-05	0
1091	-1.5	0.01	0	0	-1.5	0.01	0	0
1092	-1.5	0.012	0	0	-1.5	0.012	0	0
1093	-1.5	0.013	-2e-05	0	-1.5	0.013	-2e-05	0
1094	-1.5	0.014	-2e-05	0	-1.5	0.014	-2e-05	0
1095	-1.5	0.015	-2e-05	0	-1.5	0.015	-2e-05	0
1096	-1.5	0.016	-2e-05	0	-1.5	0.016	-2e-05	0
1097	-1.5	0.018	-2e-05	0	-1.5	0.018	-2e-05	0
1098	-1.5	0.02	-2e-05	0	-1.5	0.02	-2e-05	0
1099	-1.5	0.021	-4e-05	0	-1.5	0.021	-4e-05	0
1100	-1.5	0.021	-2e-05	0	-1.5	0.021	-2e-05	0
1101	-1.5	0.023	-2e-05	0	-1.5	0.023	-2e-05	0
1102	-1.5	0.036	-4e-05	0	-1.5	0.036	-4e-05	0
1103	-1	-0.032	4e-05	0	-1	-0.032	4e-05	0
1104	-1	-0.027	4e-05	0	-1	-0.027	4e-05	0
1105	-1	-0.02	2e-05	0	-1	-0.02	2e-05	0
1106	-1	-0.016	2e-05	0	-1	-0.016	2e-05	0
1107	-1	-0.009	2e-05	0	-1	-0.009	2e-05	0
1108	-1	-0.008	2e-05	0	-1	-0.008	2e-05	0
1109	-1	-0.006	0	0	-1	-0.006	0	0
1110	-1	-0.006	2e-05	0	-1	-0.006	2e-05	0
1111	-1	-0.005	2e-05	0	-1	-0.005	2e-05	0
1112	-1	-0.004	0	0	-1	-0.004	0	0
1113	-1	-0.003	0	0	-1	-0.003	0	0
1114	-1	-0.002	0	0	-1	-0.002	0	0
1115	-1	-0.001	0	0	-1	-0.001	0	0
1116	-1	0	0	0	-1	0	0	0
1117	-1	0.001	0	0	-1	0.001	0	0
1118	-1	0.002	0	0	-1	0.002	0	0
1119	-1	0.005	0	0	-1	0.005	0	0
1120	-1	0.006	0	0	-1	0.006	0	0
1121	-1	0.007	0	0	-1	0.007	0	0
1122	-1	0.008	-2e-05	0	-1	0.008	-2e-05	0
1123	-1	0.009	-2e-05	0	-1	0.009	-2e-05	0
1124	-1	0.012	-2e-05	0	-1	0.012	-2e-05	0
1125	-1	0.013	-2e-05	0	-1	0.013	-2e-05	0
1126	-1	0.014	-2e-05	0	-1	0.014	-2e-05	0
1127	-1	0.016	-2e-05	0	-1	0.016	-2e-05	0
1128	-1	0.018	-2e-05	0	-1	0.018	-2e-05	0
1129	-1	0.019	-2e-05	0	-1	0.019	-2e-05	0
1130	-1	0.02	-2e-05	0	-1	0.02	-2e-05	0
1131	-1	0.026	-4e-05	0	-1	0.026	-4e-05	0
1132	-1	0.034	-4e-05	0	-1	0.034	-4e-05	0
1133	-0.5	-0.023	2e-05	0	-0.5	-0.023	2e-05	0
1134	-0.5	-0.02	2e-05	0	-0.5	-0.02	2e-05	0
1135	-0.5	-0.017	2e-05	0	-0.5	-0.017	2e-05	0
1136	-0.5	-0.011	2e-05	0	-0.5	-0.011	2e-05	0
1137	-0.5	-0.006	0	0	-0.5	-0.006	0	0
1138	-0.5	-0.003	0	0	-0.5	-0.003	0	0
1139	-0.5	-0.002	0	0	-0.5	-0.002	0	0
1140	-0.5	-0.001	0	0	-0.5	-0.001	0	0
1141	-0.5	0	0	0	-0.5	0	0	0
1142	-0.5	0.001	0	0	-0.5	0.001	0	0
1143	-0.5	0.002	0	0	-0.5	0.002	0	0
1144	-0.5	0.003	-2e-05	0	-0.5	0.003	-2e-05	0
1145	-0.5	0.004	0	0	-0.5	0.004	0	0
1146	-0.5	0.005	-2e-05	0	-0.5	0.005	-2e-05	0
1147	-0.5	0.005	0	0	-0.5	0.005	0	0
1148	-0.5	0.006	0	0	-0.5	0.006	0	0
1149	-0.5	0.007	-2e-05	0	-0.5	0.007	-2e-05	0
1150	-0.5	0.007	0	0	-0.5	0.007	0	0
1151	-0.5	0.008	-2e-05	0	-0.5	0.008	-2e-05	0
1152	-0.5	0.009	-2e-05	0	-0.5	0.009	-2e-05	0
1153	-0.5	0.009	0	0	-0.5	0.009	0	0
1154	-0.5	0.01	-2e-05	0	-0.5	0.01	-2e-05	0
1155	-0.5	0.013	-2e-05	0	-0.5	0.013	-2e-05	0
1156	-0.5	0.013	0	0	-0.5	0.013	0	0
1157	-0.5	0.019	-2e-05	0	-0.5	0.019	-2e-05	0
1158	-0.5	0.022	-4e-05	0	-0.5	0.022	-4e-05	0
1159	-0.5	0.026	-4e-05	0	-0.5	0.026	-4e-05	0
1160	-0.5	0.036	-4e-05	0	-0.5	0.036	-4e-05	0
1161	0	-0.031	4e-05	0	0	-0.031	4e-05	0
1162	0	-0.019	2e-05	0	0	-0.019	2e-05	0
1163	0	-0.019	4e-05	0	0	-0.019	4e-05	0
1164	0	-0.016	2e-05	0	0	-0.016	2e-05	0
1165	0	-0.013	2e-05	0	0	-0.013	2e-05	0
1166	0	-0.006	0	0	0	-0.006	0	0
1167	0	-0.006	2e-05	0	0	-0.006	2e-05	0
1168	0	-0.004	0	0	0	-0.004	0	0
1169	0	-0.003	0	0	0	-0.003	0	0
1170	0	-0.002	0	0	0	-0.002	0	0
1171	0	-0.001	0	0	0	-0.001	0	0
1172	0	0	0	0	0	0	0	0
1173	0	0.001	0	0	0	0.001	0	0
1174	0	0.002	0	0	0	0.002	0	0
1175	0	0.008	0	0	0	0.008	0	0
1176	0	0.009	-2e-05	0	0	0.009	-2e-05	0
1177	0	0.011	0	0	0	0.011	0	0
1178	0	0.012	-2e-05	0	0	0.012	-2e-05	0
1179	0	0.013	-2e-05	0	0	0.013	-2e-05	0
1180	0	0.017	-2e-05	0	0	0.017	-2e-05	0
1181	0	0.019	-2e-05	0	0	0.019	-2e-05	0
1182	0	0.02	-2e-05	0	0	0.02	-2e-05	0
1183	0	0.021	-2e-05	0	0	0.021	-2e-05	0
1184	0.5	-0.035	4e-05	0	0.5	-0.035	4e-05	0
1185	0.5	-0.033	4e-05	0	0.5	-0.033	4e-05	0
1186	0.5	-0.026	4e-05	0	0.5	-0.026	4e-05	0
1187	0.5	-0.025	4e-05	0	0.5	-0.025	4e-05	0
1188	0.5	-0.023	2e-05	0	0.5	-0.023	2e-05	0
1189	0.5	-0.02	4e-05	0	0.5	-0.02	4e-05	0
1190	0.5	-0.019	2e-05	0	0.5	-0.019	2e-05	0
1191	0.5	-0.018	4e-05	0	0.5	-0.018	4e-05	0
1192	0.5	-0.016	2e-05	0	0.5	-0.016	2e-05	0
1193	0.5	-0.015	2e-05	0	0.5	-0.015	2e-05	0
1194	0.5	-0.012	2e-05	0	0.5	-0.012	2e-05	0
1195	0.5	-0.011	0	0	0.5	-0.011	0	0
1196	0.5	-0.01	2e-05	0	0.5	-0.01	2e-05	0
1197	0.5	-0.008	0	0	0.5	-0.008	0	0
1198	0.5	-0.004	0	0	0.5	-0.004	0	0
1199	0.5	-0.004	2e-05	0	0.5	-0.004	2e-05	0
1200	0.5	-0.003	0	0	0.5	-0.003	0	0
1201	0.5	-0.002	0	0	0.5	-0.002	0	0
1202	0.5	-0.001	0	0	0.5	-0.001	0	0
1203	0.5	0	-2e-05	0	0.5	0	-2e-05	0
1204	0.5	0.001	0	0	0.5	0.001	0	0
1205	0.5	0.002	0	0	0.5	0.002	0	0
1206	0.5	0.003	-2e-05	0	0.5	0.003	-2e-05	0
1207	0.5	0.004	0	0	0.5	0.004	0	0
1208	0.5	0.006	0	0	0.5	0.006	0	0
1209	0.5	0.008	-2e-05	0	0.5	0.008	-2e-05	0
1210	0.5	0.009	-2e-05	0	0.5	0.009	-2e-05	0
1211	0.5	0.012	0	0	0.5	0.012	0	0
1212	0.5	0.015	-2e-05	0	0.5	0.015	-2e-05	0
1213	0.5	0.016	-2e-05	0	0.5	0.016	-2e-05	0
1214	0.5	0.031	-4e-05	0	0.5	0.031	-4e-05	0
1215	1	-0.028	4e-05	0	1	-0.028	4e-05	0
1216	1	-0.026	4e-05	0	1	-0.026	4e-05	0
1217	1	-0.024	4e-05	0	1	-0.024	4e-05	0
1218	1	-0.022	2e-05	0	1	-0.022	2e-05	0
1219	1	-0.021	2e-05	0	1	-0.021	2e-05	0
1220	1	-0.02	2e-05	0	1	-0.02	2e-05	0
1221	1	-0.019	2e-05	0	1	-0.019	2e-05	0
1222	1	-0.018	2e-05	0	1	-0.018	2e-05	0
1223	1	-0.017	2e-05	0	1	-0.017	2e-05	0
1224	1	-0.016	2e-05	0	1	-0.016	2e-05	0
1225	1	-0.014	2e-05	0	1	-0.014	2e-05	0
1226	1	-0.012	2e-05	0	1	-0.012	2e-05	0
1227	1	-0.009	0	0	1	-0.009	0	0
1228	1	-0.008	0	0	1	-0.008	0	0
1229	1	-0.007	0	0	1	-0.007	0	0
1230	1	-0.006	0	0	1	-0.006	0	0
1231	1	-0.005	2e-05	0	1	-0.005	2e-05	0
1232	1	-0.004	0	0	1	-0.004	0	0
1233	1	-0.003	0	0	1	-0.003	0	0
1234	1	-0.002	0	0	1	-0.002	0	0
1235	1	-0.001	0	0	1	-0.001	0	0
1236	1	0.001	0	0	1	0.001	0	0
1237	1	0.002	0	0	1	0.002	0	0
1238	1	0.006	0	0	1	0.006	0	0
1239	1	0.018	-2e-05	0	1	0.018	-2e-05	0
1240	1	0.02	-4e-05	0	1	0.02	-4e-05	0
1241	1	0.031	-4e-05	0	1	0.031	-4e-05	0
1242	1	0.039	-4e-05	0	1	0.039	-4e-05	0
1243	1.5	-0.036	4e-05	0	1.5	-0.036	4e-05	0
1244	1.5	-0.032	4e-05	0	1.5	-0.032	4e-05	0
1245	1.5	-0.028	4e-05	0	1.5	-0.028	4e-05	0
1246	1.5	-0.022	2e-05	0	1.5	-0.022	2e-05	0
1247	1.5	-0.021	2e-05	0	1.5	-0.021	2e-05	0
1248	1.5	-0.02	2e-05	0	1.5	-0.02	2e-05	0
1249	1.5	-0.019	2e-05	0	1.5	-0.019	2e-05	0
1250	1.5	-0.018	2e-05	0	1.5	-0.018	2e-05	0
1251	1.5	-0.017	2e-05	0	1.5	-0.017	2e-05	0
1252	1.5	-0.016	2e-05	0	1.5	-0.016	2e-05	0
1253	1.5	-0.014	2e-05	0	1.5	-0.014	2e-05	0
1254	1.5	-0.013	2e-05	0	1.5	-0.013	2e-05	0
1255	1.5	-0.012	2e-05	0	1.5	-0.012	2e-05	0
1256	1.5	-0.011	2e-05	0	1.5	-0.011	2e-05	0
1257	1.5	-0.01	0	0	1.5	-0.01	0	0
1258	1.5	-0.01	2e-05	0	1.5	-0.01	2e-05	0
1259	1.5	-0.009	2e-05	0	1.5	-0.009	2e-05	0
1260	1.5	-0.007	0	0	1.5	-0.007	0	0
1261	1.5	-0.005	0	0	1.5	-0.005	0	0
1262	1.5	-0.004	0	0	1.5	-0.004	0	0
1263	1.5	-0.003	0	0	1.5	-0.003	0	0
1264	1.5	-0.002	0	0	1.5	-0.002	0	0
1265	1.5	-0.001	0	0	1.5	-0.001	0	0
1266	1.5	0	0	0	1.5	0	0	0
1267	1.5	0.003	-2e-05	0	1.5	0.003	-2e-05	0
1268	1.5	0.003	0	0	1.5	0.003	0	0
1269	1.5	0.004	0	0	1.5	0.004	0	0
1270	1.5	0.015	-2e-05	0	1.5	0.015	-2e-05	0
1271	2	-0.063	8e-05	0	2	-0.063	8e-05	0
1272	2	-0.029	4e-05	0	2	-0.029	4e-05	0
1273	2	-0.026	4e-05	0	2	-0.026	4e-05	0
1274	2	-0.025	2e-05	0	2	-0.025	2e-05	0
1275	2	-0.024	2e-05	0	2	-0.024	2e-05	0
1276	2	-0.023	2e-05	0	2	-0.023	2e-05	0
1277	2	-0.023	4e-05	0	2	-0.023	4e-05	0
1278	2	-0.022	2e-05	0	2	-0.022	2e-05	0
1279	2	-0.021	2e-05	0	2	-0.021	2e-05	0
1280	2	-0.02	2e-05	0	2	-0.02	2e-05	0
1281	2	-0.019	2e-05	0	2	-0.019	2e-05	0
1282	2	-0.018	2e-05	0	2	-0.018	2e-05	0
1283	2	-0.017	2e-05	0	2	-0.017	2e-05	0
1284	2	-0.014	2e-05	0	2	-0.014	2e-05	0
1285	2	-0.011	0	0	2	-0.011	0	0
1286	2	-0.008	0	0	2	-0.008	0	0
1287	2	-0.007	2e-05	0	2	-0.007	2e-05	0
1288	2	-0.004	0	0	2	-0.004	0	0
1289	2	-0.002	0	0	2	-0.002	0	0
1290	2	-0.001	0	0	2	-0.001	0	0
1291	2	0.009	-2e-05	0	2	0.009	-2e-05	0
1292	2	0.012	-2e-05	0	2	0.012	-2e-05	0
1293	2	0.017	-2e-05	0	2	0.017	-2e-05	0
1294	2	0.019	-4e-05	0	2	0.019	-4e-05	0
1295	2.5	-0.049	6e-05	0	2.5	-0.049	6e-05	0
1296	2.5	-0.043	6e-05	0	2.5	-0.043	6e-05	0
1297	2.5	-0.039	4e-05	0	2.5	-0.039	4e-05	0
1298	2.5	-0.037	4e-05	0	2.5	-0.037	4e-05	0
1299	2.5	-0.035	4e-05	0	2.5	-0.035	4e-05	0
1300	2.5	-0.027	2e-05	0	2.5	-0.027	2e-05	0
1301	2.5	-0.026	4e-05	0	2.5	-0.026	4e-05	0
1302	2.5	-0.024	2e-05	0	2.5	-0.024	2e-05	0
1303	2.5	-0.023	2e-05	0	2.5	-0.023	2e-05	0
1304	2.5	-0.023	4e-05	0	2.5	-0.023	4e-05	0
1305	2.5	-0.021	2e-05	0	2.5	-0.021	2e-05	0
1306	2.5	-0.02	2e-05	0	2.5	-0.02	2e-05	0
1307	2.5	-0.019	2e-05	0	2.5	-0.019	2e-05	0
1308	2.5	-0.018	2e-05	0	2.5	-0.018	2e-05	0
1309	2.5	-0.016	2e-05	0	2.5	-0.016	2e-05	0
1310	2.5	-0.015	2e-05	0	2.5	-0.015	2e-05	0
1311	2.5	-0.01	0	0	2.5	-0.01	0	0
1312	2.5	-0.009	0	0	2.5	-0.009	0	0
1313	2.5	-0.008	0	0	2.5	-0.008	0	0
1314	2.5	-0.007	0	0	2.5	-0.007	0	0
1315	2.5	-0.005	0	0	2.5	-0.005	0	0
1316	2.5	-0.004	0	0	2.5	-0.004	0	0
1317	2.5	-0.003	0	0	2.5	-0.003	0	0
1318	2.5	-0.001	0	0	2.5	-0.001	0	0
1319	2.5	0.003	-2e-05	0	2.5	0.003	-2e-05	0
1320	2.5	0.017	-2e-05	0	2.5	0.017	-2e-05	0
1321	2.5	0.024	-4e-05	0	2.5	0.024	-4e-05	0
1322	2.5	0.03	-4e-05	0	2.5	0.03	-4e-05	0
1323	3	-0.044	4e-05	0	3	-0.044	4e-05	0
1324	3	-0.043	4e-05	0	3	-0.043	4e-05	0
1325	3	-0.041	4e-05	0	3	-0.041	4e-05	0
1326	3	-0.04	4e-05	0	3	-0.04	4e-05	0
1327	3	-0.034	4e-05	0	3	-0.034	4e-05	0
1328	3	-0.033	4e-05	0	3	-0.033	4e-05	0
1329	3	-0.031	4e-05	0	3	-0.031	4e-05	0
1330	3	-0.029	4e-05	0	3	-0.029	4e-05	0
1331	3	-0.027	4e-05	0	3	-0.027	4e-05	0
1332	3	-0.026	2e-05	0	3	-0.026	2e-05	0
1333	3	-0.026	4e-05	0	3	-0.026	4e-05	0
1334	3	-0.024	2e-05	0	3	-0.024	2e-05	0
1335	3	-0.021	2e-05	0	3	-0.021	2e-05	0
1336	3	-0.02	2e-05	0	3	-0.02	2e-05	0
1337	3	-0.018	2e-05	0	3	-0.018	2e-05	0
1338	3	-0.017	0	0	3	-0.017	0	0
1339	3	-0.012	0	0	3	-0.012	0	0
1340	3	-0.005	0	0	3	-0.005	0	0
1341	3	-0.004	0	0	3	-0.004	0	0
1342	3	-0.003	0	0	3	-0.003	0	0
1343	3	0.004	-2e-05	0	3	0.004	-2e-05	0
1344	3	0.006	-2e-05	0	3	0.006	-2e-05	0
1345	3	0.012	-2e-05	0	3	0.012	-2e-05	0
1346	3.5	-0.044	4e-05	0	3.5	-0.044	4e-05	0
1347	3.5	-0.035	4e-05	0	3.5	-0.035	4e-05	0
1348	3.5	-0.034	4e-05	0	3.5	-0.034	4e-05	0
1349	3.5	-0.032	4e-05	0	3.5	-0.032	4e-05	0
1350	3.5	-0.031	4e-05	0	3.5	-0.031	4e-05	0
1351	3.5	-0.029	2e-05	0	3.5	-0.029	2e-05	0
1352	3.5	-0.028	2e-05	0	3.5	-0.028	2e-05	0
1353	3.5	-0.027	4e-05	0	3.5	-0.027	4e-05	0
1354	3.5	-0.024	2e-05	0	3.5	-0.024	2e-05	0
1355	3.5	-0.023	2e-05	0	3.5	-0.023	2e-05	0
1356	3.5	-0.022	2e-05	0	3.5	-0.022	2e-05	0
1357	3.5	-0.021	2e-05	0	3.5	-0.021	2e-05	0
1358	3.5	-0.02	2e-05	0	3.5	-0.02	2e-05	0
1359	3.5	-0.019	2e-05	0	3.5	-0.019	2e-05	0
1360	3.5	-0.018	0	0	3.5	-0.018	0	0
1361	3.5	-0.018	2e-05	0	3.5	-0.018	2e-05	0
1362	3.5	-0.014	0	0	3.5	-0.014	0	0
1363	3.5	-0.013	0	0	3.5	-0.013	0	0
1364	3.5	-0.013	2e-05	0	3.5	-0.013	2e-05	0
1365	3.5	-0.011	0	0	3.5	-0.011	0	0
1366	3.5	-0.008	0	0	3.5	-0.008	0	0
1367	3.5	-0.006	0	0	3.5	-0.006	0	0
1368	3.5	-0.005	0	0	3.5	-0.005	0	0
1369	3.5	-0.003	0	0	3.5	-0.003	0	0
1370	3.5	0.001	-2e-05	0	3.5	0.001	-2e-05	0
1371	3.5	0.005	-2e-05	0	3.5	0.005	-2e-05	0
1372	3.5	0.012	-2e-05	0	3.5	0.012	-2e-05	0
1373	3.5	0.027	-4e-05	0	3.5	0.027	-4e-05	0
1374	4	-0.051	6e-05	0	4	-0.051	6e-05	0
1375	4	-0.037	4e-05	0	4	-0.037	4e-05	0
1376	4	-0.036	4e-05	0	4	-0.036	4e-05	0
1377	4	-0.035	4e-05	0	4	-0.035	4e-05	0
1378	4	-0.032	4e-05	0	4	-0.032	4e-05	0
1379	4	-0.027	2e-05	0	4	-0.027	2e-05	0
1380	4	-0.026	2e-05	0	4	-0.026	2e-05	0
1381	4	-0.025	4e-05	0	4	-0.025	4e-05	0
1382	4	-0.024	2e-05	0	4	-0.024	2e-05	0
1383	4	-0.023	2e-05	0	4	-0.023	2e-05	0
1384	4	-0.021	2e-05	0	4	-0.021	2e-05	0
1385	4	-0.018	0	0	4	-0.018	0	0
1386	4	-0.017	2e-05	0	4	-0.017	2e-05	0
1387	4	-0.014	2e-05	0	4	-0.014	2e-05	0
1388	4	-0.009	0	0	4	-0.009	0	0
1389	4	-0.005	0	0	4	-0.005	0	0
1390	4	0.006	-2e-05	0	4	0.006	-2e-05	0
1391	4	0.007	-2e-05	0	4	0.007	-2e-05	0
1392	4	0.011	-2e-05	0	4	0.011	-2e-05	0
1393	4.5	-0.05	6e-05	0	4.5	-0.05	6e-05	0
1394	4.5	-0.046	4e-05	0	4.5	-0.046	4e-05	0
1395	4.5	-0.042	4e-05	0	4.5	-0.042	4e-05	0
1396	4.5	-0.039	4e-05	0	4.5	-0.039	4e-05	0
1397	4.5	-0.038	4e-05	0	4.5	-0.038	4e-05	0
1398	4.5	-0.036	4e-05	0	4.5	-0.036	4e-05	0
1399	4.5	-0.031	2e-05	0	4.5	-0.031	2e-05	0
1400	4.5	-0.03	2e-05	0	4.5	-0.03	2e-05	0
1401	4.5	-0.029	4e-05	0	4.5	-0.029	4e-05	0
1402	4.5	-0.027	4e-05	0	4.5	-0.027	4e-05	0
1403	4.5	-0.025	2e-05	0	4.5	-0.025	2e-05	0
1404	4.5	-0.025	4e-05	0	4.5	-0.025	4e-05	0
1405	4.5	-0.024	4e-05	0	4.5	-0.024	4e-05	0
1406	4.5	-0.023	0	0	4.5	-0.023	0	0
1407	4.5	-0.023	2e-05	0	4.5	-0.023	2e-05	0
1408	4.5	-0.021	2e-05	0	4.5	-0.021	2e-05	0
1409	4.5	-0.02	2e-05	0	4.5	-0.02	2e-05	0
1410	4.5	-0.019	2e-05	0	4.5	-0.019	2e-05	0
1411	4.5	-0.016	2e-05	0	4.5	-0.016	2e-05	0
1412	4.5	-0.013	0	0	4.5	-0.013	0	0
1413	4.5	-0.012	0	0	4.5	-0.012	0	0
1414	4.5	-0.009	2e-05	0	4.5	-0.009	2e-05	0
1415	4.5	-0.006	0	0	4.5	-0.006	0	0
1416	4.5	0.008	-2e-05	0	4.5	0.008	-2e-05	0
1417	4.5	0.014	-2e-05	0	4.5	0.014	-2e-05	0
1418	5	-0.059	6e-05	0	5	-0.059	6e-05	0
1419	5	-0.052	4e-05	0	5	-0.052	4e-05	0
1420	5	-0.048	6e-05	0	5	-0.048	6e-05	0
1421	5	-0.041	6e-05	0	5	-0.041	6e-05	0
1422	5	-0.04	4e-05	0	5	-0.04	4e-05	0
1423	5	-0.037	4e-05	0	5	-0.037	4e-05	0
1424	5	-0.034	4e-05	0	5	-0.034	4e-05	0
1425	5	-0.033	2e-05	0	5	-0.033	2e-05	0
1426	5	-0.032	2e-05	0	5	-0.032	2e-05	0
1427	5	-0.032	4e-05	0	5	-0.032	4e-05	0
1428	5	-0.031	2e-05	0	5	-0.031	2e-05	0
1429	5	-0.03	2e-05	0	5	-0.03	2e-05	0
1430	5	-0.027	2e-05	0	5	-0.027	2e-05	0
1431	5	-0.024	2e-05	0	5	-0.024	2e-05	0
1432	5	-0.022	2e-05	0	5	-0.022	2e-05	0
1433	5	-0.018	2e-05	0	5	-0.018	2e-05	0
1434	5	-0.017	2e-05	0	5	-0.017	2e-05	0
1435	5	-0.011	0	0	5	-0.011	0	0
1436	5	-0.008	0	0	5	-0.008	0	0
1437	5	-0.007	0	0	5	-0.007	0	0
1438	5.5	-0.072	8e-05	0	5.5	-0.072	8e-05	0
1439	5.5	-0.069	8e-05	0	5.5	-0.069	8e-05	0
1440	5.5	-0.057	6e-05	0	5.5	-0.057	6e-05	0
1441	5.5	-0.055	6e-05	0	5.5	-0.055	6e-05	0
1442	5.5	-0.05	4e-05	0	5.5	-0.05	4e-05	0
1443	5.5	-0.049	6e-05	0	5.5	-0.049	6e-05	0
1444	5.5	-0.045	4e-05	0	5.5	-0.045	4e-05	0
1445	5.5	-0.044	4e-05	0	5.5	-0.044	4e-05	0
1446	5.5	-0.043	6e-05	0	5.5	-0.043	6e-05	0
1447	5.5	-0.042	4e-05	0	5.5	-0.042	4e-05	0
1448	5.5	-0.041	4e-05	0	5.5	-0.041	4e-05	0
1449	5.5	-0.039	4e-05	0	5.5	-0.039	4e-05	0
1450	5.5	-0.034	4e-05	0	5.5	-0.034	4e-05	0
1451	5.5	-0.032	4e-05	0	5.5	-0.032	4e-05	0
1452	5.5	-0.031	2e-05	0	5.5	-0.031	2e-05	0
1453	5.5	-0.03	4e-05	0	5.5	-0.03	4e-05	0
1454	5.5	-0.029	4e-05	0	5.5	-0.029	4e-05	0
1455	5.5	-0.028	2e-05	0	5.5	-0.028	2e-05	0
1456	5.5	-0.027	2e-05	0	5.5	-0.027	2e-05	0
1457	5.5	-0.026	2e-05	0	5.5	-0.026	2e-05	0
1458	5.5	-0.024	2e-05	0	5.5	-0.024	2e-05	0
1459	5.5	-0.023	2e-05	0	5.5	-0.023	2e-05	0
1460	5.5	-0.022	2e-05	0	5.5	-0.022	2e-05	0
1461	5.5	-0.021	2e-05	0	5.5	-0.021	2e-05	0
1462	5.5	-0.018	2e-05	0	5.5	-0.018	2e-05	0
1463	5.5	-0.009	0	0	5.5	-0.009	0	0
1464	5.5	0.01	-2e-05	0	5.5	0.01	-2e-05	0
1465	6	-0.067	8e-05	0	6	-0.067	8e-05	0
1466	6	-0.063	8e-05	0	6	-0.063	8e-05	0
1467	6	-0.058	6e-05	0	6	-0.058	6e-05	0
1468	6	-0.054	6e-05	0	6	-0.054	6e-05	0
1469	6	-0.053	6e-05	0	6	-0.053	6e-05	0
1470	6	-0.049	6e-05	0	6	-0.049	6e-05	0
1471	6	-0.048	4e-05	0	6	-0.048	4e-05	0
1472	6	-0.048	6e-05	0	6	-0.048	6e-05	0
1473	6	-0.046	4e-05	0	6	-0.046	4e-05	0
1474	6	-0.039	4e-05	0	6	-0.039	4e-05	0
1475	6	-0.036	4e-05	0	6	-0.036	4e-05	0
1476	6	-0.034	4e-05	0	6	-0.034	4e-05	0
1477	6	-0.033	2e-05	0	6	-0.033	2e-05	0
1478	6	-0.033	4e-05	0	6	-0.033	4e-05	0
1479	6	-0.03	2e-05	0	6	-0.03	2e-05	0
1480	6	-0.024	2e-05	0	6	-0.024	2e-05	0
1481	6	-0.023	2e-05	0	6	-0.023	2e-05	0
1482	6	-0.022	0	0	6	-0.022	0	0
1483	6	-0.017	2e-05	0	6	-0.017	2e-05	0
1484	6	-0.01	0	0	6	-0.01	0	0
1485	6.5	-0.064	6e-05	0	6.5	-0.064	6e-05	0
1486	6.5	-0.062	8e-05	0	6.5	-0.062	8e-05	0
1487	6.5	-0.06	6e-05	0	6.5	-0.06	6e-05	0
1488	6.5	-0.055	6e-05	0	6.5	-0.055	6e-05	0
1489	6.5	-0.054	6e-05	0	6.5	-0.054	6e-05	0
1490	6.5	-0.053	6e-05	0	6.5	-0.053	6e-05	0
1491	6.5	-0.052	6e-05	0	6.5	-0.052	6e-05	0
1492	6.5	-0.051	6e-05	0	6.5	-0.051	6e-05	0
1493	6.5	-0.048	6e-05	0	6.5	-0.048	6e-05	0
1494	6.5	-0.044	4e-05	0	6.5	-0.044	4e-05	0
1495	6.5	-0.043	4e-05	0	6.5	-0.043	4e-05	0
1496	6.5	-0.042	4e-05	0	6.5	-0.042	4e-05	0
1497	6.5	-0.041	4e-05	0	6.5	-0.041	4e-05	0
1498	6.5	-0.038	4e-05	0	6.5	-0.038	4e-05	0
1499	6.5	-0.037	2e-05	0	6.5	-0.037	2e-05	0
1500	6.5	-0.035	2e-05	0	6.5	-0.035	2e-05	0
1501	6.5	-0.034	2e-05	0	6.5	-0.034	2e-05	0
1502	6.5	-0.034	4e-05	0	6.5	-0.034	4e-05	0
1503	6.5	-0.033	2e-05	0	6.5	-0.033	2e-05	0
1504	6.5	-0.027	2e-05	0	6.5	-0.027	2e-05	0
1505	6.5	-0.025	2e-05	0	6.5	-0.025	2e-05	0
1506	6.5	-0.023	2e-05	0	6.5	-0.023	2e-05	0
1507	6.5	-0.018	0	0	6.5	-0.018	0	0
1508	6.5	-0.013	0	0	6.5	-0.013	0	0
1509	6.5	-0.009	0	0	6.5	-0.009	0	0
1510	7	-0.075	8e-05	0	7	-0.075	8e-05	0
1511	7	-0.057	6e-05	0	7	-0.057	6e-05	0
1512	7	-0.055	6e-05	0	7	-0.055	6e-05	0
1513	7	-0.052	6e-05	0	7	-0.052	6e-05	0
1514	7	-0.051	4e-05	0	7	-0.051	4e-05	0
1515	7	-0.048	4e-05	0	7	-0.048	4e-05	0
1516	7	-0.047	6e-05	0	7	-0.047	6e-05	0
1517	7	-0.045	4e-05	0	7	-0.045	4e-05	0
1518	7	-0.04	4e-05	0	7	-0.04	4e-05	0
1519	7	-0.036	4e-05	0	7	-0.036	4e-05	0
1520	7	-0.033	2e-05	0	7	-0.033	2e-05	0
1521	7	-0.026	2e-05	0	7	-0.026	2e-05	0
1522	7	-0.024	2e-05	0	7	-0.024	2e-05	0
1523	7	-0.019	0	0	7	-0.019	0	0
1524	7	-0.01	0	0	7	-0.01	0	0
1525	7.5	-0.067	8e-05	0	7.5	-0.067	8e-05	0
1526	7.5	-0.065	8e-05	0	7.5	-0.065	8e-05	0
1527	7.5	-0.061	6e-05	0	7.5	-0.061	6e-05	0
1528	7.5	-0.06	6e-05	0	7.5	-0.06	6e-05	0
1529	7.5	-0.055	6e-05	0	7.5	-0.055	6e-05	0
1530	7.5	-0.051	6e-05	0	7.5	-0.051	6e-05	0
1531	7.5	-0.048	4e-05	0	7.5	-0.048	4e-05	0
1532	7.5	-0.046	4e-05	0	7.5	-0.046	4e-05	0
1533	7.5	-0.046	6e-05	0	7.5	-0.046	6e-05	0
1534	7.5	-0.044	4e-05	0	7.5	-0.044	4e-05	0
1535	7.5	-0.041	4e-05	0	7.5	-0.041	4e-05	0
1536	7.5	-0.039	4e-05	0	7.5	-0.039	4e-05	0
1537	7.5	-0.03	2e-05	0	7.5	-0.03	2e-05	0
1538	7.5	-0.028	2e-05	0	7.5	-0.028	2e-05	0
1539	7.5	-0.027	2e-05	0	7.5	-0.027	2e-05	0
1540	7.5	-0.012	0	0	7.5	-0.012	0	0
1541	7.5	-0.003	-2e-05	0	7.5	-0.003	-2e-05	0
1542	8	-0.074	8e-05	0	8	-0.074	8e-05	0
1543	8	-0.072	8e-05	0	8	-0.072	8e-05	0
1544	8	-0.06	6e-05	0	8	-0.06	6e-05	0
1545	8	-0.058	6e-05	0	8	-0.058	6e-05	0
1546	8	-0.053	4e-05	0	8	-0.053	4e-05	0
1547	8	-0.05	4e-05	0	8	-0.05	4e-05	0
1548	8	-0.05	6e-05	0	8	-0.05	6e-05	0
1549	8	-0.049	4e-05	0	8	-0.049	4e-05	0
1550	8	-0.044	4e-05	0	8	-0.044	4e-05	0
1551	8	-0.043	4e-05	0	8	-0.043	4e-05	0
1552	8	-0.039	4e-05	0	8	-0.039	4e-05	0
1553	8	-0.035	4e-05	0	8	-0.035	4e-05	0
1554	8	-0.031	2e-05	0	8	-0.031	2e-05	0
1555	8	-0.027	2e-05	0	8	-0.027	2e-05	0
1556	8	-0.026	2e-05	0	8	-0.026	2e-05	0
1557	8.5	-0.074	8e-05	0	8.5	-0.074	8e-05	0
1558	8.5	-0.072	8e-05	0	8.5	-0.072	8e-05	0
1559	8.5	-0.069	6e-05	0	8.5	-0.069	6e-05	0
1560	8.5	-0.069	8e-05	0	8.5	-0.069	8e-05	0
1561	8.5	-0.063	8e-05	0	8.5	-0.063	8e-05	0
1562	8.5	-0.062	6e-05	0	8.5	-0.062	6e-05	0
1563	8.5	-0.06	6e-05	0	8.5	-0.06	6e-05	0
1564	8.5	-0.051	6e-05	0	8.5	-0.051	6e-05	0
1565	8.5	-0.048	6e-05	0	8.5	-0.048	6e-05	0
1566	8.5	-0.043	4e-05	0	8.5	-0.043	4e-05	0
1567	8.5	-0.039	4e-05	0	8.5	-0.039	4e-05	0
1568	8.5	-0.036	4e-05	0	8.5	-0.036	4e-05	0
1569	8.5	-0.035	2e-05	0	8.5	-0.035	2e-05	0
1570	8.5	-0.032	2e-05	0	8.5	-0.032	2e-05	0
1571	8.5	-0.029	2e-05	0	8.5	-0.029	2e-05	0
1572	8.5	-0.025	2e-05	0	8.5	-0.025	2e-05	0
1573	8.5	-0.017	0	0	8.5	-0.017	0	0
1574	9	-0.073	8e-05	0	9	-0.073	8e-05	0
1575	9	-0.072	8e-05	0	9	-0.072	8e-05	0
1576	9	-0.063	6e-05	0	9	-0.063	6e-05	0
1577	9	-0.061	6e-05	0	9	-0.061	6e-05	0
1578	9	-0.052	4e-05	0	9	-0.052	4e-05	0
1579	9	-0.048	6e-05	0	9	-0.048	6e-05	0
1580	9	-0.036	4e-05	0	9	-0.036	4e-05	0
1581	9	-0.033	4e-05	0	9	-0.033	4e-05	0
1582	9	-0.025	2e-05	0	9	-0.025	2e-05	0
1583	9.5	-0.074	8e-05	0	9.5	-0.074	8e-05	0
1584	9.5	-0.071	8e-05	0	9.5	-0.071	8e-05	0
