0	-5	0.006	0	0	-5	0.006	0	0
1	-5	0.013	0	0	-5	0.013	0	0
2	-5	0.026	-2e-05	0	-5	0.026	-2e-05	0
3	-5	0.028	-2e-05	0	-5	0.028	-2e-05	0
4	-5	0.049	-6e-05	0	-5	0.049	-6e-05	0
5	-5	0.055	-6e-05	0	-5	0.055	-6e-05	0
6	-4	0.005	0	0	-4	0.005	0	0
7	-4	0.007	0	0	-4	0.007	0	0
8	-4	0.009	0	0	-4	0.009	0	0
9	-4	0.01	-2e-05	0	-4	0.01	-2e-05	0
10	-4	0.025	-2e-05	0	-4	0.025	-2e-05	0
11	-4	0.028	-2e-05	0	-4	0.028	-2e-05	0
12	-4	0.03	-4e-05	0	-4	0.03	-4e-05	0
13	-4	0.053	-6e-05	0	-4	0.053	-6e-05	0
14	-3	0.002	0	0	-3	0.002	0	0
15	-3	0.007	0	0	-3	0.007	0	0
16	-3	0.045	-6e-05	0	-3	0.045	-6e-05	0
17	-2	-0.012	2e-05	0	-2	-0.012	2e-05	0
18	-2	-0.009	2e-05	0	-2	-0.009	2e-05	0
19	-2	-0.003	0	0	-2	-0.003	0	0
20	-2	-0.002	0	0	-2	-0.002	0	0
21	-2	-0.001	0	0	-2	-0.001	0	0
22	-2	0	0	0	-2	0	0	0
23	-2	0.001	0	0	-2	0.001	0	0
24	-2	0.002	0	0	-2	0.002	0	0
25	-2	0.003	0	0	-2	0.003	0	0
26	-2	0.004	0	0	-2	0.004	0	0
27	-2	0.005	0	0	-2	0.005	0	0
28	-2	0.006	0	0	-2	0.006	0	0
29	-2	0.007	0	0	-2	0.007	0	0
30	-2	0.008	0	0	-2	0.008	0	0
31	-2	0.014	-2e-05	0	-2	0.014	-2e-05	0
32	-2	0.015	-2e-05	0	-2	0.015	-2e-05	0
33	-2	0.016	-2e-05	0	-2	0.016	-2e-05	0
34	-2	0.017	-2e-05	0	-2	0.017	-2e-05	0
35	-2	0.018	-2e-05	0	-2	0.018	-2e-05	0
36	-2	0.019	-2e-05	0	-2	0.019	-2e-05	0
37	-2	0.02	-2e-05	0	-2	0.02	-2e-05	0
38	-2	0.021	-2e-05	0	-2	0.021	-2e-05	0
39	-2	0.022	-2e-05	0	-2	0.022	-2e-05	0
40	-2	0.028	-2e-05	0	-2	0.028	-2e-05	0
41	-1	-0.027	4e-05	0	-1	-0.027	4e-05	0
42	-1	-0.012	2e-05	0	-1	-0.012	2e-05	0
43	-1	-0.011	2e-05	0	-1	-0.011	2e-05	0
44	-1	-0.009	2e-05	0	-1	-0.009	2e-05	0
45	-1	-0.008	0	0	-1	-0.008	0	0
46	-1	-0.004	0	0	-1	-0.004	0	0
47	-1	-0.003	0	0	-1	-0.003	0	0
48	-1	-0.002	0	0	-1	-0.002	0	0
49	-1	-0.001	0	0	-1	-0.001	0	0
50	-1	0	0	0	-1	0	0	0
51	-1	0.001	0	0	-1	0.001	0	0
52	-1	0.002	0	0	-1	0.002	0	0
53	-1	0.003	0	0	-1	0.003	0	0
54	-1	0.004	0	0	-1	0.004	0	0
55	-1	0.005	0	0	-1	0.005	0	0
56	-1	0.006	0	0	-1	0.006	0	0
57	-1	0.007	0	0	-1	0.007	0	0
58	-1	0.011	0	0	-1	0.011	0	0
59	-1	0.013	-2e-05	0	-1	0.013	-2e-05	0
60	-1	0.014	-2e-05	0	-1	0.014	-2e-05	0
61	-1	0.015	-2e-05	0	-1	0.015	-2e-05	0
62	-1	0.016	-2e-05	0	-1	0.016	-2e-05	0
63	-1	0.017	-2e-05	0	-1	0.017	-2e-05	0
64	-1	0.018	-2e-05	0	-1	0.018	-2e-05	0
65	-1	0.019	-2e-05	0	-1	0.019	-2e-05	0
66	-1	0.02	-2e-05	0	-1	0.02	-2e-05	0
67	-1	0.043	-6e-05	0	-1	0.043	-6e-05	0
68	0	-0.034	4e-05	0	0	-0.034	4e-05	0
69	0	-0.017	2e-05	0	0	-0.017	2e-05	0
70	0	-0.016	2e-05	0	0	-0.016	2e-05	0
71	0	-0.015	2e-05	0	0	-0.015	2e-05	0
72	0	-0.014	2e-05	0	0	-0.014	2e-05	0
73	0	-0.013	2e-05	0	0	-0.013	2e-05	0
74	0	-0.012	2e-05	0	0	-0.012	2e-05	0
75	0	-0.008	2e-05	0	0	-0.008	2e-05	0
76	0	-0.005	0	0	0	-0.005	0	0
77	0	-0.004	0	0	0	-0.004	0	0
78	0	-0.003	0	0	0	-0.003	0	0
79	0	-0.002	0	0	0	-0.002	0	0
80	0	-0.001	0	0	0	-0.001	0	0
81	0	0	0	0	0	0	0	0
82	0	0.001	0	0	0	0.001	0	0
83	0	0.002	0	0	0	0.002	0	0
84	0	0.003	0	0	0	0.003	0	0
85	0	0.004	0	0	0	0.004	0	0
86	0	0.005	0	0	0	0.005	0	0
87	0	0.008	0	0	0	0.008	0	0
88	0	0.012	-2e-05	0	0	0.012	-2e-05	0
89	0	0.013	-2e-05	0	0	0.013	-2e-05	0
90	0	0.014	-2e-05	0	0	0.014	-2e-05	0
91	0	0.015	-2e-05	0	0	0.015	-2e-05	0
92	0	0.016	-2e-05	0	0	0.016	-2e-05	0
93	0	0.017	-2e-05	0	0	0.017	-2e-05	0
94	0	0.032	-4e-05	0	0	0.032	-4e-05	0
95	1	-0.025	4e-05	0	1	-0.025	4e-05	0
96	1	-0.02	2e-05	0	1	-0.02	2e-05	0
97	1	-0.019	2e-05	0	1	-0.019	2e-05	0
98	1	-0.018	2e-05	0	1	-0.018	2e-05	0
99	1	-0.017	2e-05	0	1	-0.017	2e-05	0
100	1	-0.016	2e-05	0	1	-0.016	2e-05	0
101	1	-0.015	2e-05	0	1	-0.015	2e-05	0
102	1	-0.014	2e-05	0	1	-0.014	2e-05	0
103	1	-0.013	2e-05	0	1	-0.013	2e-05	0
104	1	-0.007	0	0	1	-0.007	0	0
105	1	-0.006	0	0	1	-0.006	0	0
106	1	-0.005	0	0	1	-0.005	0	0
107	1	-0.004	0	0	1	-0.004	0	0
108	1	-0.003	0	0	1	-0.003	0	0
109	1	-0.002	0	0	1	-0.002	0	0
110	1	-0.001	0	0	1	-0.001	0	0
111	1	0	0	0	1	0	0	0
112	1	0.001	0	0	1	0.001	0	0
113	1	0.002	0	0	1	0.002	0	0
114	1	0.003	0	0	1	0.003	0	0
115	1	0.004	0	0	1	0.004	0	0
116	1	0.011	-2e-05	0	1	0.011	-2e-05	0
117	1	0.012	-2e-05	0	1	0.012	-2e-05	0
118	1	0.019	-2e-05	0	1	0.019	-2e-05	0
119	2	-0.022	2e-05	0	2	-0.022	2e-05	0
120	2	-0.021	2e-05	0	2	-0.021	2e-05	0
121	2	-0.02	2e-05	0	2	-0.02	2e-05	0
122	2	-0.019	2e-05	0	2	-0.019	2e-05	0
123	2	-0.018	2e-05	0	2	-0.018	2e-05	0
124	2	-0.017	2e-05	0	2	-0.017	2e-05	0
125	2	-0.016	2e-05	0	2	-0.016	2e-05	0
126	2	-0.015	2e-05	0	2	-0.015	2e-05	0
127	2	-0.014	2e-05	0	2	-0.014	2e-05	0
128	2	-0.012	2e-05	0	2	-0.012	2e-05	0
129	2	-0.008	0	0	2	-0.008	0	0
130	2	-0.007	0	0	2	-0.007	0	0
131	2	-0.006	0	0	2	-0.006	0	0
132	2	-0.005	0	0	2	-0.005	0	0
133	2	-0.004	0	0	2	-0.004	0	0
134	2	-0.003	0	0	2	-0.003	0	0
135	2	-0.002	0	0	2	-0.002	0	0
136	2	-0.001	0	0	2	-0.001	0	0
137	2	0	0	0	2	0	0	0
138	2	0.001	0	0	2	0.001	0	0
139	2	0.002	0	0	2	0.002	0	0
140	2	0.003	0	0	2	0.003	0	0
141	3	-0.033	4e-05	0	3	-0.033	4e-05	0
142	3	-0.028	4e-05	0	3	-0.028	4e-05	0
143	3	-0.027	4e-05	0	3	-0.027	4e-05	0
144	3	-0.026	2e-05	0	3	-0.026	2e-05	0
145	3	-0.002	0	0	3	-0.002	0	0
146	3	-0.001	0	0	3	-0.001	0	0
147	4	-0.016	2e-05	0	4	-0.016	2e-05	0
148	4	-0.014	0	0	4	-0.014	0	0
149	4	-0.014	2e-05	0	4	-0.014	2e-05	0
150	4	-0.013	2e-05	0	4	-0.013	2e-05	0
151	5	-0.027	2e-05	0	5	-0.027	2e-05	0
152	-5	0.006	0	0	-5	0.006	0	0
153	-5	0.021	-2e-05	0	-5	0.021	-2e-05	0
154	-5	0.028	-2e-05	0	-5	0.028	-2e-05	0
155	-5	0.036	-4e-05	0	-5	0.036	-4e-05	0
156	-5	0.046	-4e-05	0	-5	0.046	-4e-05	0
157	-5	0.053	-6e-05	0	-5	0.053	-6e-05	0
158	-4	0.025	-2e-05	0	-4	0.025	-2e-05	0
159	-4	0.026	-2e-05	0	-4	0.026	-2e-05	0
160	-4	0.03	-2e-05	0	-4	0.03	-2e-05	0
161	-4	0.043	-4e-05	0	-4	0.043	-4e-05	0
162	-4	0.051	-6e-05	0	-4	0.051	-6e-05	0
163	-3	-0.005	2e-05	0	-3	-0.005	2e-05	0
164	-3	0.006	0	0	-3	0.006	0	0
165	-3	0.015	-2e-05	0	-3	0.015	-2e-05	0
166	-3	0.038	-4e-05	0	-3	0.038	-4e-05	0
167	-2	-0.009	0	0	-2	-0.009	0	0
168	-2	-0.004	2e-05	0	-2	-0.004	2e-05	0
169	-2	-0.003	0	0	-2	-0.003	0	0
170	-2	-0.002	0	0	-2	-0.002	0	0
171	-2	-0.001	0	0	-2	-0.001	0	0
172	-2	0	0	0	-2	0	0	0
173	-2	0.001	0	0	-2	0.001	0	0
174	-2	0.002	0	0	-2	0.002	0	0
175	-2	0.003	0	0	-2	0.003	0	0
176	-2	0.004	0	0	-2	0.004	0	0
177	-2	0.005	0	0	-2	0.005	0	0
178	-2	0.006	0	0	-2	0.006	0	0
179	-2	0.007	0	0	-2	0.007	0	0
180	-2	0.008	0	0	-2	0.008	0	0
181	-2	0.014	-2e-05	0	-2	0.014	-2e-05	0
182	-2	0.015	-2e-05	0	-2	0.015	-2e-05	0
183	-2	0.016	-2e-05	0	-2	0.016	-2e-05	0
184	-2	0.017	-2e-05	0	-2	0.017	-2e-05	0
185	-2	0.018	-2e-05	0	-2	0.018	-2e-05	0
186	-2	0.019	-2e-05	0	-2	0.019	-2e-05	0
187	-2	0.02	-2e-05	0	-2	0.02	-2e-05	0
188	-2	0.021	-2e-05	0	-2	0.021	-2e-05	0
189	-2	0.022	-2e-05	0	-2	0.022	-2e-05	0
190	-2	0.026	-2e-05	0	-2	0.026	-2e-05	0
191	-1	-0.012	2e-05	0	-1	-0.012	2e-05	0
192	-1	-0.011	2e-05	0	-1	-0.011	2e-05	0
193	-1	-0.004	0	0	-1	-0.004	0	0
194	-1	-0.003	0	0	-1	-0.003	0	0
195	-1	-0.002	0	0	-1	-0.002	0	0
196	-1	-0.001	0	0	-1	-0.001	0	0
197	-1	0	0	0	-1	0	0	0
198	-1	0.001	0	0	-1	0.001	0	0
199	-1	0.002	0	0	-1	0.002	0	0
200	-1	0.003	0	0	-1	0.003	0	0
201	-1	0.004	0	0	-1	0.004	0	0
202	-1	0.005	0	0	-1	0.005	0	0
203	-1	0.006	0	0	-1	0.006	0	0
204	-1	0.007	0	0	-1	0.007	0	0
205	-1	0.01	0	0	-1	0.01	0	0
206	-1	0.013	-2e-05	0	-1	0.013	-2e-05	0
207	-1	0.014	-2e-05	0	-1	0.014	-2e-05	0
208	-1	0.015	-2e-05	0	-1	0.015	-2e-05	0
209	-1	0.016	-2e-05	0	-1	0.016	-2e-05	0
210	-1	0.017	-2e-05	0	-1	0.017	-2e-05	0
211	-1	0.018	-2e-05	0	-1	0.018	-2e-05	0
212	-1	0.019	-2e-05	0	-1	0.019	-2e-05	0
213	-1	0.02	-2e-05	0	-1	0.02	-2e-05	0
214	-1	0.029	-4e-05	0	-1	0.029	-4e-05	0
215	0	-0.025	2e-05	0	0	-0.025	2e-05	0
216	0	-0.017	2e-05	0	0	-0.017	2e-05	0
217	0	-0.016	2e-05	0	0	-0.016	2e-05	0
218	0	-0.015	2e-05	0	0	-0.015	2e-05	0
219	0	-0.014	2e-05	0	0	-0.014	2e-05	0
220	0	-0.013	2e-05	0	0	-0.013	2e-05	0
221	0	-0.012	2e-05	0	0	-0.012	2e-05	0
222	0	-0.007	0	0	0	-0.007	0	0
223	0	-0.005	0	0	0	-0.005	0	0
224	0	-0.004	0	0	0	-0.004	0	0
225	0	-0.003	0	0	0	-0.003	0	0
226	0	-0.002	0	0	0	-0.002	0	0
227	0	-0.001	0	0	0	-0.001	0	0
228	0	0	0	0	0	0	0	0
229	0	0.001	0	0	0	0.001	0	0
230	0	0.002	0	0	0	0.002	0	0
231	0	0.003	0	0	0	0.003	0	0
232	0	0.004	0	0	0	0.004	0	0
233	0	0.005	0	0	0	0.005	0	0
234	0	0.012	-2e-05	0	0	0.012	-2e-05	0
235	0	0.013	-2e-05	0	0	0.013	-2e-05	0
236	0	0.014	-2e-05	0	0	0.014	-2e-05	0
237	0	0.015	-2e-05	0	0	0.015	-2e-05	0
238	0	0.016	-2e-05	0	0	0.016	-2e-05	0
239	0	0.017	-2e-05	0	0	0.017	-2e-05	0
240	0	0.032	-4e-05	0	0	0.032	-4e-05	0
241	1	-0.024	4e-05	0	1	-0.024	4e-05	0
242	1	-0.02	2e-05	0	1	-0.02	2e-05	0
243	1	-0.019	2e-05	0	1	-0.019	2e-05	0
244	1	-0.018	2e-05	0	1	-0.018	2e-05	0
245	1	-0.017	2e-05	0	1	-0.017	2e-05	0
246	1	-0.016	2e-05	0	1	-0.016	2e-05	0
247	1	-0.015	2e-05	0	1	-0.015	2e-05	0
248	1	-0.014	2e-05	0	1	-0.014	2e-05	0
249	1	-0.013	2e-05	0	1	-0.013	2e-05	0
250	1	-0.007	0	0	1	-0.007	0	0
251	1	-0.006	0	0	1	-0.006	0	0
252	1	-0.005	0	0	1	-0.005	0	0
253	1	-0.004	0	0	1	-0.004	0	0
254	1	-0.003	0	0	1	-0.003	0	0
255	1	-0.002	0	0	1	-0.002	0	0
256	1	-0.001	0	0	1	-0.001	0	0
257	1	0	0	0	1	0	0	0
258	1	0.001	0	0	1	0.001	0	0
259	1	0.002	0	0	1	0.002	0	0
260	1	0.003	0	0	1	0.003	0	0
261	1	0.004	0	0	1	0.004	0	0
262	1	0.009	0	0	1	0.009	0	0
263	1	0.011	-2e-05	0	1	0.011	-2e-05	0
264	1	0.012	-2e-05	0	1	0.012	-2e-05	0
265	1	0.022	-2e-05	0	1	0.022	-2e-05	0
266	2	-0.027	2e-05	0	2	-0.027	2e-05	0
267	2	-0.025	2e-05	0	2	-0.025	2e-05	0
268	2	-0.024	2e-05	0	2	-0.024	2e-05	0
269	2	-0.022	2e-05	0	2	-0.022	2e-05	0
270	2	-0.021	2e-05	0	2	-0.021	2e-05	0
271	2	-0.02	2e-05	0	2	-0.02	2e-05	0
272	2	-0.019	2e-05	0	2	-0.019	2e-05	0
273	2	-0.018	2e-05	0	2	-0.018	2e-05	0
274	2	-0.017	2e-05	0	2	-0.017	2e-05	0
275	2	-0.016	2e-05	0	2	-0.016	2e-05	0
276	2	-0.015	2e-05	0	2	-0.015	2e-05	0
277	2	-0.014	2e-05	0	2	-0.014	2e-05	0
278	2	-0.012	0	0	2	-0.012	0	0
279	2	-0.008	0	0	2	-0.008	0	0
280	2	-0.007	0	0	2	-0.007	0	0
281	2	-0.006	0	0	2	-0.006	0	0
282	2	-0.005	0	0	2	-0.005	0	0
283	2	-0.004	0	0	2	-0.004	0	0
284	2	-0.003	0	0	2	-0.003	0	0
285	2	-0.002	0	0	2	-0.002	0	0
286	2	-0.001	0	0	2	-0.001	0	0
287	2	0	0	0	2	0	0	0
288	2	0.001	0	0	2	0.001	0	0
289	2	0.002	0	0	2	0.002	0	0
290	2	0.003	0	0	2	0.003	0	0
291	3	-0.033	4e-05	0	3	-0.033	4e-05	0
292	3	-0.019	2e-05	0	3	-0.019	2e-05	0
293	3	-0.013	0	0	3	-0.013	0	0
294	3	-0.013	2e-05	0	3	-0.013	2e-05	0
295	3	-0.01	0	0	3	-0.01	0	0
296	3	0.006	0	0	3	0.006	0	0
297	4	-0.041	4e-05	0	4	-0.041	4e-05	0
298	4	-0.013	0	0	4	-0.013	0	0
299	4	-0.013	2e-05	0	4	-0.013	2e-05	0
300	4	-0.004	0	0	4	-0.004	0	0
301	4	0.001	-2e-05	0	4	0.001	-2e-05	0
302	4	0.009	-2e-05	0	4	0.009	-2e-05	0
303	5	-0.027	2e-05	0	5	-0.027	2e-05	0
304	5	-0.014	2e-05	0	5	-0.014	2e-05	0
305	-5	0.011	0	0	-5	0.011	0	0
306	-5	0.032	-2e-05	0	-5	0.032	-2e-05	0
307	-4	-0.004	2e-05	0	-4	-0.004	2e-05	0
308	-4	-0.001	2e-05	0	-4	-0.001	2e-05	0
309	-3	-0.012	2e-05	0	-3	-0.012	2e-05	0
310	-3	0.005	0	0	-3	0.005	0	0
311	-3	0.006	0	0	-3	0.006	0	0
312	-3	0.007	0	0	-3	0.007	0	0
313	-3	0.008	0	0	-3	0.008	0	0
314	-3	0.009	0	0	-3	0.009	0	0
315	-3	0.015	-2e-05	0	-3	0.015	-2e-05	0
316	-3	0.016	-2e-05	0	-3	0.016	-2e-05	0
317	-3	0.017	-2e-05	0	-3	0.017	-2e-05	0
318	-3	0.018	-2e-05	0	-3	0.018	-2e-05	0
319	-3	0.019	-2e-05	0	-3	0.019	-2e-05	0
320	-3	0.02	-2e-05	0	-3	0.02	-2e-05	0
321	-3	0.021	-2e-05	0	-3	0.021	-2e-05	0
322	-3	0.022	-2e-05	0	-3	0.022	-2e-05	0
323	-3	0.023	-2e-05	0	-3	0.023	-2e-05	0
324	-3	0.03	-2e-05	0	-3	0.03	-2e-05	0
325	-3	0.033	-4e-05	0	-3	0.033	-4e-05	0
326	-2	-0.024	4e-05	0	-2	-0.024	4e-05	0
327	-2	-0.009	0	0	-2	-0.009	0	0
328	-2	-0.007	0	0	-2	-0.007	0	0
329	-2	-0.007	2e-05	0	-2	-0.007	2e-05	0
330	-2	-0.004	0	0	-2	-0.004	0	0
331	-2	-0.004	2e-05	0	-2	-0.004	2e-05	0
332	-2	-0.003	0	0	-2	-0.003	0	0
333	-2	-0.002	0	0	-2	-0.002	0	0
334	-2	-0.001	0	0	-2	-0.001	0	0
335	-2	0	0	0	-2	0	0	0
336	-2	0.001	0	0	-2	0.001	0	0
337	-2	0.002	0	0	-2	0.002	0	0
338	-2	0.003	0	0	-2	0.003	0	0
339	-2	0.004	0	0	-2	0.004	0	0
340	-2	0.005	0	0	-2	0.005	0	0
341	-2	0.006	0	0	-2	0.006	0	0
342	-2	0.007	0	0	-2	0.007	0	0
343	-2	0.008	0	0	-2	0.008	0	0
344	-2	0.014	-2e-05	0	-2	0.014	-2e-05	0
345	-2	0.015	-2e-05	0	-2	0.015	-2e-05	0
346	-2	0.016	-2e-05	0	-2	0.016	-2e-05	0
347	-2	0.017	-2e-05	0	-2	0.017	-2e-05	0
348	-2	0.018	-2e-05	0	-2	0.018	-2e-05	0
349	-2	0.019	-2e-05	0	-2	0.019	-2e-05	0
350	-2	0.02	-2e-05	0	-2	0.02	-2e-05	0
351	-2	0.021	-2e-05	0	-2	0.021	-2e-05	0
352	-2	0.022	-2e-05	0	-2	0.022	-2e-05	0
353	-2	0.047	-6e-05	0	-2	0.047	-6e-05	0
354	-1	-0.03	4e-05	0	-1	-0.03	4e-05	0
355	-1	-0.022	4e-05	0	-1	-0.022	4e-05	0
356	-1	-0.018	2e-05	0	-1	-0.018	2e-05	0
357	-1	-0.012	2e-05	0	-1	-0.012	2e-05	0
358	-1	-0.011	2e-05	0	-1	-0.011	2e-05	0
359	-1	-0.004	0	0	-1	-0.004	0	0
360	-1	-0.003	0	0	-1	-0.003	0	0
361	-1	-0.002	0	0	-1	-0.002	0	0
362	-1	-0.001	0	0	-1	-0.001	0	0
363	-1	0	0	0	-1	0	0	0
364	-1	0.001	0	0	-1	0.001	0	0
365	-1	0.002	0	0	-1	0.002	0	0
366	-1	0.003	0	0	-1	0.003	0	0
367	-1	0.004	0	0	-1	0.004	0	0
368	-1	0.005	0	0	-1	0.005	0	0
369	-1	0.006	0	0	-1	0.006	0	0
370	-1	0.007	0	0	-1	0.007	0	0
371	-1	0.013	-2e-05	0	-1	0.013	-2e-05	0
372	-1	0.014	-2e-05	0	-1	0.014	-2e-05	0
373	-1	0.015	-2e-05	0	-1	0.015	-2e-05	0
374	-1	0.016	-2e-05	0	-1	0.016	-2e-05	0
375	-1	0.017	-2e-05	0	-1	0.017	-2e-05	0
376	-1	0.018	-2e-05	0	-1	0.018	-2e-05	0
377	-1	0.019	-2e-05	0	-1	0.019	-2e-05	0
378	-1	0.02	-2e-05	0	-1	0.02	-2e-05	0
379	-1	0.024	-4e-05	0	-1	0.024	-4e-05	0
380	-1	0.026	-2e-05	0	-1	0.026	-2e-05	0
381	-1	0.027	-2e-05	0	-1	0.027	-2e-05	0
382	0	-0.031	4e-05	0	0	-0.031	4e-05	0
383	0	-0.021	2e-05	0	0	-0.021	2e-05	0
384	0	-0.019	2e-05	0	0	-0.019	2e-05	0
385	0	-0.017	2e-05	0	0	-0.017	2e-05	0
386	0	-0.016	2e-05	0	0	-0.016	2e-05	0
387	0	-0.015	2e-05	0	0	-0.015	2e-05	0
388	0	-0.014	2e-05	0	0	-0.014	2e-05	0
389	0	-0.013	2e-05	0	0	-0.013	2e-05	0
390	0	-0.012	2e-05	0	0	-0.012	2e-05	0
391	0	-0.008	2e-05	0	0	-0.008	2e-05	0
392	0	-0.005	0	0	0	-0.005	0	0
393	0	-0.004	0	0	0	-0.004	0	0
394	0	-0.003	0	0	0	-0.003	0	0
395	0	-0.002	0	0	0	-0.002	0	0
396	0	-0.001	0	0	0	-0.001	0	0
397	0	0	0	0	0	0	0	0
398	0	0.001	0	0	0	0.001	0	0
399	0	0.002	0	0	0	0.002	0	0
400	0	0.003	0	0	0	0.003	0	0
401	0	0.004	0	0	0	0.004	0	0
402	0	0.005	0	0	0	0.005	0	0
403	0	0.012	-2e-05	0	0	0.012	-2e-05	0
404	0	0.013	-2e-05	0	0	0.013	-2e-05	0
405	0	0.014	-2e-05	0	0	0.014	-2e-05	0
406	0	0.015	-2e-05	0	0	0.015	-2e-05	0
407	0	0.016	-2e-05	0	0	0.016	-2e-05	0
408	0	0.017	-2e-05	0	0	0.017	-2e-05	0
409	0	0.024	-2e-05	0	0	0.024	-2e-05	0
410	0	0.031	-4e-05	0	0	0.031	-4e-05	0
411	1	-0.025	2e-05	0	1	-0.025	2e-05	0
412	1	-0.02	2e-05	0	1	-0.02	2e-05	0
413	1	-0.019	2e-05	0	1	-0.019	2e-05	0
414	1	-0.018	2e-05	0	1	-0.018	2e-05	0
415	1	-0.017	2e-05	0	1	-0.017	2e-05	0
416	1	-0.016	2e-05	0	1	-0.016	2e-05	0
417	1	-0.015	2e-05	0	1	-0.015	2e-05	0
418	1	-0.014	2e-05	0	1	-0.014	2e-05	0
419	1	-0.013	2e-05	0	1	-0.013	2e-05	0
420	1	-0.007	0	0	1	-0.007	0	0
421	1	-0.006	0	0	1	-0.006	0	0
422	1	-0.005	0	0	1	-0.005	0	0
423	1	-0.004	0	0	1	-0.004	0	0
424	1	-0.003	0	0	1	-0.003	0	0
425	1	-0.002	0	0	1	-0.002	0	0
426	1	-0.001	0	0	1	-0.001	0	0
427	1	0	0	0	1	0	0	0
428	1	0.001	0	0	1	0.001	0	0
429	1	0.002	0	0	1	0.002	0	0
430	1	0.003	0	0	1	0.003	0	0
431	1	0.004	0	0	1	0.004	0	0
432	1	0.011	-2e-05	0	1	0.011	-2e-05	0
433	1	0.012	-2e-05	0	1	0.012	-2e-05	0
434	1	0.016	-2e-05	0	1	0.016	-2e-05	0
435	2	-0.032	4e-05	0	2	-0.032	4e-05	0
436	2	-0.026	2e-05	0	2	-0.026	2e-05	0
437	2	-0.022	2e-05	0	2	-0.022	2e-05	0
438	2	-0.021	2e-05	0	2	-0.021	2e-05	0
439	2	-0.02	2e-05	0	2	-0.02	2e-05	0
440	2	-0.019	2e-05	0	2	-0.019	2e-05	0
441	2	-0.018	2e-05	0	2	-0.018	2e-05	0
442	2	-0.017	2e-05	0	2	-0.017	2e-05	0
443	2	-0.016	2e-05	0	2	-0.016	2e-05	0
444	2	-0.015	2e-05	0	2	-0.015	2e-05	0
445	2	-0.014	2e-05	0	2	-0.014	2e-05	0
446	2	-0.008	0	0	2	-0.008	0	0
447	2	-0.007	0	0	2	-0.007	0	0
448	2	-0.006	0	0	2	-0.006	0	0
449	2	-0.005	0	0	2	-0.005	0	0
450	2	-0.004	0	0	2	-0.004	0	0
451	2	-0.003	0	0	2	-0.003	0	0
452	2	-0.002	0	0	2	-0.002	0	0
453	2	-0.001	0	0	2	-0.001	0	0
454	2	0	0	0	2	0	0	0
455	2	0.001	0	0	2	0.001	0	0
456	2	0.002	0	0	2	0.002	0	0
457	2	0.003	0	0	2	0.003	0	0
458	3	-0.033	4e-05	0	3	-0.033	4e-05	0
459	3	-0.028	2e-05	0	3	-0.028	2e-05	0
460	3	-0.023	2e-05	0	3	-0.023	2e-05	0
461	3	-0.022	2e-05	0	3	-0.022	2e-05	0
462	3	-0.021	2e-05	0	3	-0.021	2e-05	0
463	3	-0.02	2e-05	0	3	-0.02	2e-05	0
464	3	-0.019	2e-05	0	3	-0.019	2e-05	0
465	3	-0.018	2e-05	0	3	-0.018	2e-05	0
466	3	-0.017	2e-05	0	3	-0.017	2e-05	0
467	3	-0.016	2e-05	0	3	-0.016	2e-05	0
468	3	-0.015	2e-05	0	3	-0.015	2e-05	0
469	3	-0.009	0	0	3	-0.009	0	0
470	3	-0.008	0	0	3	-0.008	0	0
471	3	-0.007	0	0	3	-0.007	0	0
472	3	-0.006	0	0	3	-0.006	0	0
473	3	-0.005	0	0	3	-0.005	0	0
474	4	-0.052	6e-05	0	4	-0.052	6e-05	0
475	4	-0.032	4e-05	0	4	-0.032	4e-05	0
476	4	-0.017	2e-05	0	4	-0.017	2e-05	0
477	4	-0.007	0	0	4	-0.007	0	0
478	4	-0.006	0	0	4	-0.006	0	0
479	4	0.001	-2e-05	0	4	0.001	-2e-05	0
480	4	0.003	0	0	4	0.003	0	0
481	4	0.005	-2e-05	0	4	0.005	-2e-05	0
482	4	0.009	-2e-05	0	4	0.009	-2e-05	0
483	5	-0.046	4e-05	0	5	-0.046	4e-05	0
484	5	-0.042	4e-05	0	5	-0.042	4e-05	0
485	5	-0.039	4e-05	0	5	-0.039	4e-05	0
486	5	-0.032	2e-05	0	5	-0.032	2e-05	0
487	5	-0.018	2e-05	0	5	-0.018	2e-05	0
488	5	-0.014	0	0	5	-0.014	0	0
489	5	-0.001	0	0	5	-0.001	0	0
490	-5	-0.003	2e-05	0	-5	-0.003	2e-05	0
491	-5	0.008	0	0	-5	0.008	0	0
492	-5	0.01	0	0	-5	0.01	0	0
493	-5	0.012	-2e-05	0	-5	0.012	-2e-05	0
494	-5	0.016	-2e-05	0	-5	0.016	-2e-05	0
495	-5	0.025	-2e-05	0	-5	0.025	-2e-05	0
496	-5	0.03	-2e-05	0	-5	0.03	-2e-05	0
497	-5	0.033	-4e-05	0	-5	0.033	-4e-05	0
498	-5	0.054	-6e-05	0	-5	0.054	-6e-05	0
499	-4	-0.009	2e-05	0	-4	-0.009	2e-05	0
500	-4	0.007	0	0	-4	0.007	0	0
501	-4	0.01	-2e-05	0	-4	0.01	-2e-05	0
502	-4	0.031	-4e-05	0	-4	0.031	-4e-05	0
503	-4	0.037	-4e-05	0	-4	0.037	-4e-05	0
504	-3	0	0	0	-3	0	0	0
505	-3	0.005	0	0	-3	0.005	0	0
506	-3	0.006	0	0	-3	0.006	0	0
507	-3	0.007	0	0	-3	0.007	0	0
508	-3	0.008	0	0	-3	0.008	0	0
509	-3	0.009	0	0	-3	0.009	0	0
510	-3	0.012	-2e-05	0	-3	0.012	-2e-05	0
511	-3	0.015	-2e-05	0	-3	0.015	-2e-05	0
512	-3	0.016	-2e-05	0	-3	0.016	-2e-05	0
513	-3	0.017	-2e-05	0	-3	0.017	-2e-05	0
514	-3	0.018	-2e-05	0	-3	0.018	-2e-05	0
515	-3	0.019	-2e-05	0	-3	0.019	-2e-05	0
516	-3	0.02	-2e-05	0	-3	0.02	-2e-05	0
517	-3	0.021	-2e-05	0	-3	0.021	-2e-05	0
518	-3	0.022	-2e-05	0	-3	0.022	-2e-05	0
519	-3	0.023	-2e-05	0	-3	0.023	-2e-05	0
520	-3	0.03	-4e-05	0	-3	0.03	-4e-05	0
521	-3	0.03	-2e-05	0	-3	0.03	-2e-05	0
522	-3	0.033	-4e-05	0	-3	0.033	-4e-05	0
523	-2	-0.007	2e-05	0	-2	-0.007	2e-05	0
524	-2	-0.003	0	0	-2	-0.003	0	0
525	-2	-0.002	0	0	-2	-0.002	0	0
526	-2	-0.001	0	0	-2	-0.001	0	0
527	-2	0	0	0	-2	0	0	0
528	-2	0.001	0	0	-2	0.001	0	0
529	-2	0.002	0	0	-2	0.002	0	0
530	-2	0.003	0	0	-2	0.003	0	0
531	-2	0.004	0	0	-2	0.004	0	0
532	-2	0.005	0	0	-2	0.005	0	0
533	-2	0.006	0	0	-2	0.006	0	0
534	-2	0.007	0	0	-2	0.007	0	0
535	-2	0.008	0	0	-2	0.008	0	0
536	-2	0.012	0	0	-2	0.012	0	0
537	-2	0.014	-2e-05	0	-2	0.014	-2e-05	0
538	-2	0.015	-2e-05	0	-2	0.015	-2e-05	0
539	-2	0.016	-2e-05	0	-2	0.016	-2e-05	0
540	-2	0.017	-2e-05	0	-2	0.017	-2e-05	0
541	-2	0.018	-2e-05	0	-2	0.018	-2e-05	0
542	-2	0.019	-2e-05	0	-2	0.019	-2e-05	0
543	-2	0.02	-2e-05	0	-2	0.02	-2e-05	0
544	-2	0.021	-2e-05	0	-2	0.021	-2e-05	0
545	-2	0.022	-2e-05	0	-2	0.022	-2e-05	0
546	-2	0.035	-4e-05	0	-2	0.035	-4e-05	0
547	-1	-0.024	2e-05	0	-1	-0.024	2e-05	0
548	-1	-0.012	2e-05	0	-1	-0.012	2e-05	0
549	-1	-0.011	2e-05	0	-1	-0.011	2e-05	0
550	-1	-0.008	0	0	-1	-0.008	0	0
551	-1	-0.004	0	0	-1	-0.004	0	0
552	-1	-0.003	0	0	-1	-0.003	0	0
553	-1	-0.002	0	0	-1	-0.002	0	0
554	-1	-0.001	0	0	-1	-0.001	0	0
555	-1	0	0	0	-1	0	0	0
556	-1	0.001	0	0	-1	0.001	0	0
557	-1	0.002	0	0	-1	0.002	0	0
558	-1	0.003	0	0	-1	0.003	0	0
559	-1	0.004	0	0	-1	0.004	0	0
560	-1	0.005	0	0	-1	0.005	0	0
561	-1	0.006	0	0	-1	0.006	0	0
562	-1	0.007	0	0	-1	0.007	0	0
563	-1	0.013	-2e-05	0	-1	0.013	-2e-05	0
564	-1	0.014	-2e-05	0	-1	0.014	-2e-05	0
565	-1	0.015	-2e-05	0	-1	0.015	-2e-05	0
566	-1	0.016	-2e-05	0	-1	0.016	-2e-05	0
567	-1	0.017	-2e-05	0	-1	0.017	-2e-05	0
568	-1	0.018	-2e-05	0	-1	0.018	-2e-05	0
569	-1	0.019	-2e-05	0	-1	0.019	-2e-05	0
570	-1	0.02	-2e-05	0	-1	0.02	-2e-05	0
571	-1	0.021	-2e-05	0	-1	0.021	-2e-05	0
572	-1	0.026	-2e-05	0	-1	0.026	-2e-05	0
573	0	-0.025	2e-05	0	0	-0.025	2e-05	0
574	0	-0.023	2e-05	0	0	-0.023	2e-05	0
575	0	-0.017	2e-05	0	0	-0.017	2e-05	0
576	0	-0.016	2e-05	0	0	-0.016	2e-05	0
577	0	-0.015	2e-05	0	0	-0.015	2e-05	0
578	0	-0.014	2e-05	0	0	-0.014	2e-05	0
579	0	-0.013	2e-05	0	0	-0.013	2e-05	0
580	0	-0.012	2e-05	0	0	-0.012	2e-05	0
581	0	-0.01	2e-05	0	0	-0.01	2e-05	0
582	0	-0.005	0	0	0	-0.005	0	0
583	0	-0.004	0	0	0	-0.004	0	0
584	0	-0.003	0	0	0	-0.003	0	0
585	0	-0.002	0	0	0	-0.002	0	0
586	0	-0.001	0	0	0	-0.001	0	0
587	0	0	0	0	0	0	0	0
588	0	0.001	0	0	0	0.001	0	0
589	0	0.002	0	0	0	0.002	0	0
590	0	0.003	0	0	0	0.003	0	0
591	0	0.004	0	0	0	0.004	0	0
592	0	0.005	0	0	0	0.005	0	0
593	0	0.012	-2e-05	0	0	0.012	-2e-05	0
594	0	0.013	-2e-05	0	0	0.013	-2e-05	0
595	0	0.014	-2e-05	0	0	0.014	-2e-05	0
596	0	0.015	-2e-05	0	0	0.015	-2e-05	0
597	0	0.016	-2e-05	0	0	0.016	-2e-05	0
598	0	0.017	-2e-05	0	0	0.017	-2e-05	0
599	0	0.018	-2e-05	0	0	0.018	-2e-05	0
600	1	-0.035	4e-05	0	1	-0.035	4e-05	0
601	1	-0.032	4e-05	0	1	-0.032	4e-05	0
602	1	-0.02	2e-05	0	1	-0.02	2e-05	0
603	1	-0.019	2e-05	0	1	-0.019	2e-05	0
604	1	-0.018	2e-05	0	1	-0.018	2e-05	0
605	1	-0.017	2e-05	0	1	-0.017	2e-05	0
606	1	-0.016	2e-05	0	1	-0.016	2e-05	0
607	1	-0.015	2e-05	0	1	-0.015	2e-05	0
608	1	-0.014	2e-05	0	1	-0.014	2e-05	0
609	1	-0.013	2e-05	0	1	-0.013	2e-05	0
610	1	-0.007	0	0	1	-0.007	0	0
611	1	-0.006	0	0	1	-0.006	0	0
612	1	-0.005	0	0	1	-0.005	0	0
613	1	-0.004	0	0	1	-0.004	0	0
614	1	-0.003	0	0	1	-0.003	0	0
615	1	-0.002	0	0	1	-0.002	0	0
616	1	-0.001	0	0	1	-0.001	0	0
617	1	0	0	0	1	0	0	0
618	1	0.001	0	0	1	0.001	0	0
619	1	0.002	0	0	1	0.002	0	0
620	1	0.003	0	0	1	0.003	0	0
621	1	0.004	0	0	1	0.004	0	0
622	1	0.006	0	0	1	0.006	0	0
623	1	0.011	-2e-05	0	1	0.011	-2e-05	0
624	1	0.012	-2e-05	0	1	0.012	-2e-05	0
625	1	0.013	-2e-05	0	1	0.013	-2e-05	0
626	2	-0.046	6e-05	0	2	-0.046	6e-05	0
627	2	-0.022	2e-05	0	2	-0.022	2e-05	0
628	2	-0.021	2e-05	0	2	-0.021	2e-05	0
629	2	-0.02	2e-05	0	2	-0.02	2e-05	0
630	2	-0.019	2e-05	0	2	-0.019	2e-05	0
631	2	-0.018	2e-05	0	2	-0.018	2e-05	0
632	2	-0.017	2e-05	0	2	-0.017	2e-05	0
633	2	-0.016	2e-05	0	2	-0.016	2e-05	0
634	2	-0.015	2e-05	0	2	-0.015	2e-05	0
635	2	-0.014	2e-05	0	2	-0.014	2e-05	0
636	2	-0.008	0	0	2	-0.008	0	0
637	2	-0.007	0	0	2	-0.007	0	0
638	2	-0.006	0	0	2	-0.006	0	0
639	2	-0.005	0	0	2	-0.005	0	0
640	2	-0.004	0	0	2	-0.004	0	0
641	2	-0.003	0	0	2	-0.003	0	0
642	2	-0.002	0	0	2	-0.002	0	0
643	2	-0.001	0	0	2	-0.001	0	0
644	2	0	0	0	2	0	0	0
645	2	0.001	0	0	2	0.001	0	0
646	2	0.002	0	0	2	0.002	0	0
647	2	0.003	0	0	2	0.003	0	0
648	3	-0.035	4e-05	0	3	-0.035	4e-05	0
649	3	-0.033	4e-05	0	3	-0.033	4e-05	0
650	3	-0.023	2e-05	0	3	-0.023	2e-05	0
651	3	-0.022	2e-05	0	3	-0.022	2e-05	0
652	3	-0.021	2e-05	0	3	-0.021	2e-05	0
653	3	-0.02	2e-05	0	3	-0.02	2e-05	0
654	3	-0.019	2e-05	0	3	-0.019	2e-05	0
655	3	-0.018	2e-05	0	3	-0.018	2e-05	0
656	3	-0.017	2e-05	0	3	-0.017	2e-05	0
657	3	-0.016	2e-05	0	3	-0.016	2e-05	0
658	3	-0.015	2e-05	0	3	-0.015	2e-05	0
659	3	-0.009	0	0	3	-0.009	0	0
660	3	-0.008	0	0	3	-0.008	0	0
661	3	-0.007	0	0	3	-0.007	0	0
662	3	-0.006	0	0	3	-0.006	0	0
663	3	-0.005	0	0	3	-0.005	0	0
664	3	0.007	-2e-05	0	3	0.007	-2e-05	0
665	4	-0.029	4e-05	0	4	-0.029	4e-05	0
666	4	-0.011	2e-05	0	4	-0.011	2e-05	0
667	4	-0.01	2e-05	0	4	-0.01	2e-05	0
668	4	0.004	0	0	4	0.004	0	0
669	5	-0.052	6e-05	0	5	-0.052	6e-05	0
670	5	-0.044	4e-05	0	5	-0.044	4e-05	0
671	5	-0.041	4e-05	0	5	-0.041	4e-05	0
672	5	-0.037	4e-05	0	5	-0.037	4e-05	0
673	5	-0.015	2e-05	0	5	-0.015	2e-05	0
674	5	-0.014	2e-05	0	5	-0.014	2e-05	0
675	5	-0.01	0	0	5	-0.01	0	0
676	5	-0.005	0	0	5	-0.005	0	0
