1	0.602916	75.8551	47	1.61394	-0.0118807	0.0172253	-1	-1	3
2	0.602916	67.494	47	1.43604	-0.0258786	0.0169338	-1	-1	3
3	0.602916	155.204	47	3.30222	-0.289597	0.0119285	-1	-1	3
4	0.602916	186.714	47	3.97263	-0.323256	0.0113503	-1	-1	3
5	0.602916	87.2246	47	1.85584	-0.24409	0.0126915	-1	-1	3
6	0.602916	120.004	47	2.55327	-0.262495	0.0123579	-1	-1	3
7	0.602916	96.9525	47	2.06282	-0.288849	0.0118991	-1	-1	3
8	0.602916	115.364	47	2.45456	-0.331361	0.0111814	-1	-1	3
9	0.602916	98.8293	47	2.10275	-0.310773	0.0114959	-1	-1	3
10	0.602916	72.0517	47	1.53301	-0.318589	0.0113482	-1	-1	3
11	0.602916	159.608	47	3.39591	-0.381958	0.0103226	-1	-1	3
12	0.602916	93.327	47	1.98568	-0.395836	0.0100558	-1	-1	3
13	0.602916	39.3668	47	0.837591	0.0907655	0.0194277	-1	-1	3
14	0.602916	50.2045	47	1.06818	-0.080856	0.0157442	-1	-1	3
15	0.602916	62.1267	47	1.32184	-0.146998	0.0144757	-1	-1	3
16	0.602916	49.9068	47	1.06185	-0.199558	0.0134884	-1	-1	3
17	0.602916	84.9724	47	1.80792	-0.209769	0.0133145	-1	-1	3
18	0.602916	108.224	47	2.30265	-0.216542	0.0131956	-1	-1	3
19	0.602916	109.553	47	2.33091	-0.242487	0.0127409	-1	-1	3
20	0.602916	54.6786	47	1.16337	-0.245698	0.012617	-1	-1	3
21	0.602916	106.847	47	2.27333	-0.284729	0.0119584	-1	-1	3
22	0.602916	105.875	47	2.25267	-0.277562	0.012089	-1	-1	3
23	0.602916	91.5194	47	1.94722	-0.294345	0.01178	-1	-1	3
24	0.602916	48.6023	47	1.03409	0.0262014	0.0179687	-1	-1	3
25	0.602916	72.4846	47	1.54223	-0.0173008	0.0170906	-1	-1	3
26	0.602916	78.1778	47	1.66336	-0.041327	0.0166107	-1	-1	3
27	0.602916	41.1547	47	0.875632	-0.122791	0.0149023	-1	-1	3
28	0.602916	72.2293	47	1.53679	-0.155986	0.0143098	-1	-1	3
29	0.602916	85.9902	47	1.82958	-0.204332	0.0134058	-1	-1	3
30	0.602916	54.8164	47	1.16631	-0.183033	0.0137867	-1	-1	3
31	0.602916	36.9723	47	0.786645	-0.195199	0.0135178	-1	-1	3
32	0.602916	65.9518	47	1.40323	-0.236386	0.0127734	-1	-1	3
33	0.602916	55.6107	47	1.18321	-0.238351	0.012749	-1	-1	3
34	0.602916	104.017	47	2.21313	-0.27128	0.0121896	-1	-1	3
35	0.602916	119.26	47	2.53746	-0.335869	0.0111035	-1	-1	3
36	0.602916	105.823	47	2.25156	-0.36514	0.0105854	-1	-1	3
37	0.602916	158.361	47	3.36938	-0.356727	0.0107178	-1	-1	3
38	0.602916	229.204	47	4.87669	-0.412374	0.00984579	-1	-1	3
39	0.602916	65.956	47	1.40332	0.0806865	0.0191182	-1	-1	3
40	0.602916	58.3487	47	1.24146	-0.00957522	0.0172447	-1	-1	3
41	0.602916	44.8721	47	0.954726	-0.0781284	0.0158277	-1	-1	3
42	0.602916	64.5162	47	1.37269	-0.061891	0.0161782	-1	-1	3
43	0.602916	51.824	47	1.10264	-0.112359	0.0151207	-1	-1	3
44	0.602916	59.5472	47	1.26696	-0.153752	0.0142865	-1	-1	3
45	0.602916	90.9701	47	1.93553	-0.213118	0.0132448	-1	-1	3
46	0.602916	85.9865	47	1.8295	-0.246397	0.0126372	-1	-1	3
47	0.602916	111.67	47	2.37595	-0.276109	0.012118	-1	-1	3
48	0.602916	52.156	47	1.1097	-0.225896	0.0129458	-1	-1	3
49	0.602916	107.217	47	2.2812	-0.259912	0.0124173	-1	-1	3
50	0.602916	46.8645	47	0.997117	-0.258699	0.012391	-1	-1	3
51	0.602916	67.9274	47	1.44526	-0.278831	0.0120249	-1	-1	3
52	0.602916	75.1993	47	1.59998	-0.270789	0.0121878	-1	-1	3
53	0.602916	82.8231	47	1.76219	-0.287162	0.0119028	-1	-1	3
54	0.602916	61.9336	47	1.31774	-0.26134	0.012322	-1	-1	3
55	0.602916	116.98	47	2.48893	-0.313608	0.0114689	-1	-1	3
56	0.602916	117.073	47	2.49091	-0.343043	0.0109631	-1	-1	3
57	0.602916	164.748	47	3.50528	-0.371363	0.0105143	-1	-1	3
58	0.602916	156.014	47	3.31945	-0.352695	0.0107974	-1	-1	3
59	0.602916	188.623	47	4.01325	-0.403277	0.00997849	-1	-1	3
60	0.602916	45.6826	47	0.971971	0.0399059	0.0182961	-1	-1	3
61	0.602916	55.6142	47	1.18328	0.0185018	0.0178365	-1	-1	3
62	0.602916	45.1388	47	0.9604	0.0514373	0.0184693	-1	-1	3
63	0.602916	39.6743	47	0.844134	0.00598435	0.0175309	-1	-1	3
64	0.602916	95.8653	47	2.03969	-0.0711102	0.0160232	-1	-1	3
65	0.602916	59.6787	47	1.26976	-0.0862048	0.0156649	-1	-1	3
66	0.602916	53.9099	47	1.14702	-0.103516	0.0153141	-1	-1	3
67	0.602916	77.9452	47	1.65841	-0.0903904	0.0155782	-1	-1	3
68	0.602916	78.4531	47	1.66921	0.00173768	0.0174087	-1	-1	3
69	0.602916	77.8029	47	1.65538	-0.109176	0.0152259	-1	-1	3
70	0.602916	65.5423	47	1.39452	-0.0447605	0.0164463	-1	-1	3
71	0.602916	58.8986	47	1.25316	-0.124821	0.0148598	-1	-1	3
72	0.602916	83.199	47	1.77019	-0.170504	0.0140057	-1	-1	3
73	0.602916	64.86	47	1.38	-0.19195	0.013606	-1	-1	3
74	0.602916	78.0322	47	1.66026	-0.181878	0.0138062	-1	-1	3
75	0.602916	54.3411	47	1.15619	-0.194072	0.0135665	-1	-1	3
76	0.602916	41.7149	47	0.887551	-0.159327	0.0141657	-1	-1	3
77	0.602916	84.7378	47	1.80293	-0.241027	0.0127225	-1	-1	3
78	0.602916	87.9895	47	1.87212	-0.24922	0.0125714	-1	-1	3
79	0.602916	105.285	47	2.24011	-0.247614	0.0126121	-1	-1	3
80	0.602916	65.273	47	1.38879	-0.196059	0.0135182	-1	-1	3
81	0.602916	138.147	47	2.9393	-0.240618	0.0127559	-1	-1	3
82	0.602916	59.9874	47	1.27633	-0.265295	0.0122626	-1	-1	3
83	0.602916	119.468	47	2.54188	-0.30058	0.0116696	-1	-1	3
84	0.602916	121.3	47	2.58085	-0.32953	0.0111904	-1	-1	3
85	0.602916	87.8477	47	1.8691	-0.280938	0.0119512	-1	-1	3
86	0.602916	130.722	47	2.78132	-0.354506	0.0107674	-1	-1	3
87	0.602916	60.2251	47	1.28138	-0.314561	0.0113812	-1	-1	3
88	0.602916	102.368	47	2.17804	-0.35589	0.0107395	-1	-1	3
89	0.602916	48.7761	47	1.03779	0.0706931	0.0189207	-1	-1	3
90	0.602916	55.1011	47	1.17236	0.152638	0.0207179	-1	-1	3
91	0.602916	58.1552	47	1.23734	0.0664629	0.0187827	-1	-1	3
92	0.602916	55.6088	47	1.18317	0.029212	0.0179741	-1	-1	3
93	0.602916	62.0424	47	1.32005	-0.0428044	0.0165287	-1	-1	3
94	0.602916	39.787	47	0.846531	-0.072333	0.0159115	-1	-1	3
95	0.602916	54.3085	47	1.1555	-0.0657503	0.0160317	-1	-1	3
96	0.602916	35.4815	47	0.754926	-0.00969398	0.017137	-1	-1	3
97	0.602916	53.1223	47	1.13026	-0.0874048	0.0155909	-1	-1	3
98	0.602916	54.7795	47	1.16552	-0.109759	0.0151415	-1	-1	3
99	0.602916	43.358	47	0.922512	-0.143461	0.0144893	-1	-1	3
100	0.602916	52.794	47	1.12328	-0.171042	0.0139882	-1	-1	3
101	0.602916	58.4316	47	1.24323	-0.216971	0.013145	-1	-1	3
102	0.602916	62.9503	47	1.33937	-0.192823	0.0136109	-1	-1	3
103	0.602916	77.061	47	1.6396	-0.235286	0.0128179	-1	-1	3
104	0.602916	105.189	47	2.23807	-0.278638	0.0120486	-1	-1	3
105	0.602916	51.1651	47	1.08862	-0.222489	0.0130033	-1	-1	3
106	0.602916	63.0178	47	1.3408	-0.281467	0.0119822	-1	-1	3
107	0.602916	39.7108	47	0.84491	0.0467254	0.0184136	-1	-1	3
108	0.602916	69.6017	47	1.48089	0.0876612	0.0192221	-1	-1	3
109	0.602916	49.4369	47	1.05185	-0.00214422	0.0173564	-1	-1	3
110	0.602916	79.7226	47	1.69622	-0.0460992	0.0164707	-1	-1	3
111	0.602916	42.7683	47	0.909963	0.047885	0.018404	-1	-1	3
112	0.602916	58.848	47	1.25209	-0.00717305	0.0172374	-1	-1	3
113	0.602916	47.2631	47	1.0056	-0.117362	0.0150025	-1	-1	3
114	0.602916	86.414	47	1.83859	-0.0981034	0.0154131	-1	-1	3
115	0.602916	61.4769	47	1.30802	-0.129277	0.0147996	-1	-1	3
116	0.602916	76.7051	47	1.63202	-0.15105	0.0143932	-1	-1	3
117	0.602916	105.75	47	2.25001	-0.193413	0.0136203	-1	-1	3
118	0.602916	34.503	47	0.734106	-0.147154	0.0144094	-1	-1	3
119	0.602916	88.0603	47	1.87362	-0.204647	0.0133644	-1	-1	3
120	0.602916	59.4117	47	1.26408	-0.187615	0.0136687	-1	-1	3
121	0.602916	54.5122	47	1.15983	-0.23129	0.012875	-1	-1	3
122	0.602916	45.1132	47	0.959855	-0.20666	0.0132786	-1	-1	3
123	0.602916	81.2484	47	1.72869	-0.25963	0.012384	-1	-1	3
124	0.602916	69.299	47	1.47445	-0.278974	0.012005	-1	-1	3
125	0.602916	105.038	47	2.23484	-0.329179	0.011173	-1	-1	3
126	0.602916	105.866	47	2.25248	-0.361883	0.0106304	-1	-1	3
127	0.602916	60.098	47	1.27868	0.0120059	0.0176723	-1	-1	3
128	0.602916	48.1408	47	1.02427	0.000235408	0.0173608	-1	-1	3
129	0.602916	47.3558	47	1.00757	-0.0585336	0.0161798	-1	-1	3
130	0.602916	45.8244	47	0.974987	-0.0466558	0.0164128	-1	-1	3
131	0.602916	61.6003	47	1.31064	-0.0938628	0.0154874	-1	-1	3
132	0.602916	64.6338	47	1.37519	-0.131641	0.0147514	-1	-1	3
133	0.602916	69.9068	47	1.48738	-0.148581	0.0144371	-1	-1	3
134	0.602916	54.293	47	1.15517	-0.13985	0.0145287	-1	-1	3
135	0.602916	66.4689	47	1.41423	-0.169111	0.0140126	-1	-1	3
136	0.602916	79.5384	47	1.69231	-0.198333	0.0134726	-1	-1	3
137	0.602916	119.28	47	2.53788	-0.285141	0.0119308	-1	-1	3
138	0.602916	67.7087	47	1.44061	-0.241701	0.0126667	-1	-1	3
139	0.602916	75.2792	47	1.60169	-0.25452	0.0124369	-1	-1	3
140	0.602916	139.092	47	2.9594	-0.315064	0.0114386	-1	-1	3
141	0.602916	109.694	47	2.33392	-0.311331	0.0114828	-1	-1	3
142	0.602916	101.266	47	2.15459	-0.321495	0.0112926	-1	-1	3
143	0.602916	32.41	47	0.689574	0.0684587	0.0188287	-1	-1	3
144	0.602916	41.5106	47	0.883205	0.02012	0.0178007	-1	-1	3
145	0.602916	64.3976	47	1.37016	0.00286013	0.017461	-1	-1	3
146	0.602916	51.0038	47	1.08519	0.0247957	0.0178607	-1	-1	3
147	0.602916	36.3095	47	0.772544	-0.0506202	0.0163186	-1	-1	3
148	0.602916	50.0369	47	1.06461	-0.121457	0.0149114	-1	-1	3
149	0.602916	61.9141	47	1.31732	-0.137274	0.0146217	-1	-1	3
150	0.602916	63.8305	47	1.3581	-0.1432	0.014529	-1	-1	3
151	0.602916	63.7315	47	1.35599	-0.14799	0.0144409	-1	-1	3
152	0.602916	33.1822	47	0.706004	-0.122303	0.0148725	-1	-1	3
153	0.602916	58.0935	47	1.23603	-0.179243	0.0137938	-1	-1	3
154	0.602916	141.693	47	3.01474	-0.216546	0.0131752	-1	-1	3
155	0.602916	85.1942	47	1.81264	-0.225103	0.0129661	-1	-1	3
156	0.602916	78.5984	47	1.67231	-0.210685	0.0132302	-1	-1	3
157	0.602916	77.0638	47	1.63966	-0.236975	0.0127693	-1	-1	3
158	0.602916	65.5595	47	1.39488	-0.226231	0.0129117	-1	-1	3
159	0.602916	73.9083	47	1.57252	-0.292671	0.0117658	-1	-1	3
160	0.602916	74.894	47	1.59349	-0.352939	0.0107511	-1	-1	3
161	0.602916	47.3186	47	1.00678	0.213565	0.0221488	-1	-1	3
162	0.602916	59.1106	47	1.25767	0.105491	0.0196611	-1	-1	3
163	0.602916	25.7472	47	0.547812	0.0681443	0.0188243	-1	-1	3
164	0.602916	44.6778	47	0.950591	0.00539449	0.0175183	-1	-1	3
165	0.602916	62.5593	47	1.33105	-0.0849405	0.0156585	-1	-1	3
166	0.602916	40.5005	47	0.861714	0.0198359	0.0177473	-1	-1	3
167	0.602916	41.1686	47	0.875927	-0.069738	0.0159349	-1	-1	3
168	0.602916	63.4326	47	1.34963	-0.0679611	0.0159825	-1	-1	3
169	0.602916	43.3087	47	0.921461	-0.0875893	0.0155782	-1	-1	3
170	0.602916	73.5265	47	1.56439	-0.132979	0.0147011	-1	-1	3
171	0.602916	78.9089	47	1.67891	-0.140541	0.0145565	-1	-1	3
172	0.602916	34.1067	47	0.725674	-0.131996	0.0146751	-1	-1	3
173	0.602916	109.396	47	2.32758	-0.196804	0.0135386	-1	-1	3
174	0.602916	42.8278	47	0.911229	-0.155579	0.0142285	-1	-1	3
175	0.602916	56.866	47	1.20992	-0.19194	0.0135748	-1	-1	3
176	0.602916	84.5705	47	1.79937	-0.167594	0.0139617	-1	-1	3
177	0.602916	86.5927	47	1.8424	-0.256753	0.012415	-1	-1	3
178	0.602916	108.468	47	2.30782	-0.27644	0.0120741	-1	-1	3
179	0.602916	119.904	47	2.55115	-0.286421	0.0119052	-1	-1	3
180	0.602916	107.967	47	2.29718	-0.31083	0.0114655	-1	-1	3
181	0.602916	86.2729	47	1.83559	-0.312347	0.0114354	-1	-1	3
182	0.602916	77.0652	47	1.63969	0.415134	0.0270685	-1	-1	3
183	0.602916	48.8189	47	1.0387	0.314364	0.024574	-1	-1	3
184	0.602916	45.9214	47	0.977052	0.252954	0.0230363	-1	-1	3
185	0.602916	41.851	47	0.890446	0.0641746	0.0187138	-1	-1	3
186	0.602916	41.0444	47	0.873286	0.0267958	0.0179311	-1	-1	3
187	0.602916	44.1635	47	0.93965	0.0202914	0.0178117	-1	-1	3
188	0.602916	42.291	47	0.899809	0.000219648	0.0173732	-1	-1	3
189	0.602916	47.2955	47	1.00629	-0.0267503	0.0168144	-1	-1	3
190	0.602916	40.4444	47	0.860518	0.0835612	0.0190976	-1	-1	3
191	0.602916	43.4465	47	0.924393	-0.0799274	0.0157244	-1	-1	3
192	0.602916	47.59	47	1.01255	-0.138284	0.0145843	-1	-1	3
193	0.602916	53.3748	47	1.13563	-0.09276	0.015479	-1	-1	3
194	0.602916	85.6437	47	1.82221	-0.11343	0.0150782	-1	-1	3
195	0.602916	51.7345	47	1.10073	-0.127113	0.014813	-1	-1	3
196	0.602916	67.7855	47	1.44224	-0.0771307	0.0157366	-1	-1	3
197	0.602916	44.064	47	0.937533	-0.150845	0.0143533	-1	-1	3
198	0.602916	87.239	47	1.85615	-0.162951	0.0141395	-1	-1	3
199	0.602916	32.4032	47	0.68943	-0.119132	0.0148986	-1	-1	3
200	0.602916	47.6333	47	1.01347	-0.141804	0.0144773	-1	-1	3
201	0.602916	74.5062	47	1.58524	-0.205267	0.0133673	-1	-1	3
202	0.602916	52.4585	47	1.11614	-0.175876	0.0138617	-1	-1	3
203	0.602916	60.0945	47	1.27861	-0.233978	0.0128014	-1	-1	3
204	0.602916	49.7445	47	1.05839	-0.27475	0.0120375	-1	-1	3
205	0.602916	64.4802	47	1.37192	0.418856	0.0272467	-1	-1	3
206	0.602916	59.1967	47	1.2595	0.216609	0.0221801	-1	-1	3
207	0.602916	41.865	47	0.890744	0.0690852	0.0188131	-1	-1	3
208	0.602916	45.6534	47	0.971348	0.0745248	0.0189665	-1	-1	3
209	0.602916	41.448	47	0.881873	-0.0114701	0.0171185	-1	-1	3
210	0.602916	54.5155	47	1.1599	-0.0198219	0.0169581	-1	-1	3
211	0.602916	55.6032	47	1.18305	-0.00334302	0.0172133	-1	-1	3
212	0.602916	52.2243	47	1.11116	-0.0849769	0.0156297	-1	-1	3
213	0.602916	56.9209	47	1.21108	-0.0253274	0.0167841	-1	-1	3
214	0.602916	47.4788	47	1.01019	-0.0878054	0.01554	-1	-1	3
215	0.602916	45.8172	47	0.974835	-0.101992	0.0152664	-1	-1	3
216	0.602916	57.1072	47	1.21505	-0.136025	0.0146306	-1	-1	3
217	0.602916	57.1198	47	1.21532	-0.150272	0.0143716	-1	-1	3
218	0.602916	63.2783	47	1.34635	-0.166577	0.0140581	-1	-1	3
219	0.602916	53.2661	47	1.13332	-0.129065	0.0147164	-1	-1	3
220	0.602916	39.7727	47	0.846228	-0.138487	0.0145482	-1	-1	3
221	0.602916	49.1131	47	1.04496	-0.152228	0.0142861	-1	-1	3
222	0.602916	42.6008	47	0.9064	-0.18577	0.0136575	-1	-1	3
223	0.602916	65.7832	47	1.39964	-0.225872	0.0129428	-1	-1	3
224	0.602916	56.2682	47	1.1972	-0.220898	0.0130296	-1	-1	3
225	0.602916	73.8095	47	1.57042	-0.237498	0.0127339	-1	-1	3
226	0.602916	65.3666	47	1.39078	-0.310818	0.0114266	-1	-1	3
227	0.602916	43.1064	47	0.917158	0.112922	0.0198008	-1	-1	3
228	0.602916	82.6488	47	1.75848	0.0668873	0.0188742	-1	-1	3
229	0.602916	32.665	47	0.695	0.0835057	0.0191326	-1	-1	3
230	0.602916	57.8096	47	1.22999	0.0631698	0.0186914	-1	-1	3
231	0.602916	57.2688	47	1.21848	0.0511856	0.0184533	-1	-1	3
232	0.602916	58.2004	47	1.23831	0.0531638	0.0183909	-1	-1	3
233	0.602916	46.6186	47	0.991886	-0.0448609	0.0164361	-1	-1	3
234	0.602916	53.6632	47	1.14177	-0.00406822	0.0172243	-1	-1	3
235	0.602916	45.7689	47	0.973807	-0.0148068	0.0169977	-1	-1	3
236	0.602916	71.3072	47	1.51717	-0.100052	0.01537	-1	-1	3
237	0.602916	60.3903	47	1.2849	-0.0566436	0.0161717	-1	-1	3
238	0.602916	67.0464	47	1.42652	-0.176845	0.0138835	-1	-1	3
239	0.602916	34.2563	47	0.728857	-0.104401	0.0152236	-1	-1	3
240	0.602916	25.8511	47	0.550023	-0.11772	0.0149581	-1	-1	3
241	0.602916	44.9337	47	0.956035	-0.116004	0.0150042	-1	-1	3
242	0.602916	23.2713	47	0.495135	-0.0870884	0.0155127	-1	-1	3
243	0.602916	37.7581	47	0.803364	-0.139977	0.0144856	-1	-1	3
244	0.602916	41.5436	47	0.883906	-0.14629	0.0143702	-1	-1	3
245	0.602916	61.6853	47	1.31245	-0.205549	0.0133139	-1	-1	3
246	0.602916	43.4101	47	0.923619	-0.131638	0.0146708	-1	-1	3
247	0.602916	30.7788	47	0.654867	-0.142044	0.0144568	-1	-1	3
248	0.602916	118.886	47	2.52948	-0.209432	0.0132696	-1	-1	3
249	0.602916	65.4038	47	1.39157	-0.178125	0.0138021	-1	-1	3
250	0.602916	58.1085	47	1.23635	-0.216586	0.0130807	-1	-1	3
251	0.602916	40.2791	47	0.857002	-0.202026	0.0133542	-1	-1	3
252	0.602916	91.6777	47	1.95059	-0.239387	0.0126939	-1	-1	3
253	0.602916	95.5591	47	2.03317	-0.278502	0.012013	-1	-1	3
254	0.602916	143.43	47	3.0517	-0.308677	0.0115083	-1	-1	3
255	0.602916	77.4516	47	1.64791	0.202854	0.0217979	-1	-1	3
256	0.602916	49.3006	47	1.04895	0.167662	0.021018	-1	-1	3
257	0.602916	52.8626	47	1.12474	0.085701	0.0191917	-1	-1	3
258	0.602916	53.9285	47	1.14741	0.0564068	0.0185685	-1	-1	3
259	0.602916	57.9371	47	1.23271	0.0339706	0.0180865	-1	-1	3
260	0.602916	33.5473	47	0.713773	0.0969479	0.0193988	-1	-1	3
261	0.602916	32.463	47	0.690702	0.031554	0.0179976	-1	-1	3
262	0.602916	40.3339	47	0.858169	0.0453639	0.0183029	-1	-1	3
263	0.602916	64.0313	47	1.36237	0.0137362	0.0176545	-1	-1	3
264	0.602916	47.883	47	1.01879	-0.0529283	0.0162665	-1	-1	3
265	0.602916	41.1685	47	0.875925	0.0839292	0.019088	-1	-1	3
266	0.602916	46.4709	47	0.988742	-0.00540403	0.0171738	-1	-1	3
267	0.602916	38.1537	47	0.81178	-0.0428392	0.0164644	-1	-1	3
268	0.602916	52.8705	47	1.1249	-0.0296797	0.0166991	-1	-1	3
269	0.602916	40.5103	47	0.861922	-0.0426398	0.0164172	-1	-1	3
270	0.602916	50.5311	47	1.07513	-0.0953065	0.0153841	-1	-1	3
271	0.602916	40.753	47	0.867086	-0.0734636	0.0158172	-1	-1	3
272	0.602916	62.3882	47	1.32741	-0.16085	0.0141471	-1	-1	3
273	0.602916	52.62	47	1.11957	-0.162666	0.0140965	-1	-1	3
274	0.602916	63.7513	47	1.35641	-0.133138	0.0145877	-1	-1	3
275	0.602916	82.5111	47	1.75555	-0.219058	0.0130768	-1	-1	3
276	0.602916	69.9564	47	1.48844	-0.204647	0.0133135	-1	-1	3
277	0.602916	64.6122	47	1.37473	-0.24212	0.0126279	-1	-1	3
278	0.602916	50.0289	47	1.06444	-0.225758	0.0128679	-1	-1	3
279	0.602916	81.0699	47	1.72489	-0.280097	0.0119654	-1	-1	3
280	0.602916	87.7336	47	1.86667	-0.290482	0.0117995	-1	-1	3
281	0.602916	128	47	2.7234	-0.399526	0.00996978	-1	-1	3
282	0.602916	79.4835	47	1.69114	-0.358443	0.0106085	-1	-1	3
283	0.602916	119.342	47	2.5392	0.5273	0.0299459	-1	-1	3
284	0.602916	40.8136	47	0.868375	0.0932144	0.0193531	-1	-1	3
285	0.602916	66.216	47	1.40885	0.183699	0.0213332	-1	-1	3
286	0.602916	52.5892	47	1.11892	0.142268	0.0203835	-1	-1	3
287	0.602916	51.5794	47	1.09743	0.103571	0.0195404	-1	-1	3
288	0.602916	42.0333	47	0.894326	0.0971143	0.0193809	-1	-1	3
289	0.602916	64.4683	47	1.37167	0.106045	0.0195923	-1	-1	3
290	0.602916	48.797	47	1.03823	0.037808	0.0181004	-1	-1	3
291	0.602916	77.6339	47	1.65179	0.116858	0.0197721	-1	-1	3
292	0.602916	48.4116	47	1.03003	0.00580743	0.0174453	-1	-1	3
293	0.602916	35.8064	47	0.761839	-0.0180481	0.0169405	-1	-1	3
294	0.602916	36.7447	47	0.781803	-0.0426438	0.0164541	-1	-1	3
295	0.602916	52.4833	47	1.11667	-0.0473234	0.0163703	-1	-1	3
296	0.602916	72.7737	47	1.54838	-0.0789241	0.0157563	-1	-1	3
297	0.602916	59.6727	47	1.26963	-0.0273095	0.0167245	-1	-1	3
298	0.602916	50.414	47	1.07264	0.0183545	0.0176775	-1	-1	3
299	0.602916	43.2313	47	0.919814	-0.083355	0.0156418	-1	-1	3
300	0.602916	45.6639	47	0.971572	-0.0708263	0.0158434	-1	-1	3
301	0.602916	70.473	47	1.49943	-0.108648	0.0151892	-1	-1	3
302	0.602916	50.1927	47	1.06793	-0.0729068	0.0157927	-1	-1	3
303	0.602916	48.0775	47	1.02292	-0.115978	0.0149737	-1	-1	3
304	0.602916	48.3999	47	1.02979	-0.10916	0.0151226	-1	-1	3
305	0.602916	52.2888	47	1.11253	-0.159386	0.0141645	-1	-1	3
306	0.602916	42.6989	47	0.908488	-0.159522	0.014109	-1	-1	3
307	0.602916	70.9371	47	1.5093	-0.224359	0.0129796	-1	-1	3
308	0.602916	52.7525	47	1.12239	-0.211842	0.0131595	-1	-1	3
309	0.602916	90.1804	47	1.91873	-0.237391	0.0127507	-1	-1	3
310	0.602916	121.252	47	2.57983	-0.347621	0.010811	-1	-1	3
311	0.602916	74.5463	47	1.58609	0.671356	0.0341759	-1	-1	3
312	0.602916	68.0454	47	1.44777	0.34235	0.0251033	-1	-1	3
313	0.602916	69.7637	47	1.48433	-0.0465372	0.0164273	-1	-1	3
314	0.602916	51.3041	47	1.09158	-0.0187587	0.0169341	-1	-1	3
315	0.602916	54.3701	47	1.15681	0.00651082	0.0174938	-1	-1	3
316	0.602916	60.6371	47	1.29015	0.0477779	0.0182655	-1	-1	3
317	0.602916	70.0202	47	1.48979	-0.0106364	0.0170247	-1	-1	3
318	0.602916	55.4139	47	1.17902	-0.0831462	0.0156509	-1	-1	3
319	0.602916	46.8505	47	0.996818	-0.0503692	0.0162516	-1	-1	3
320	0.602916	45.8515	47	0.975563	-0.0947269	0.0153716	-1	-1	3
321	0.602916	26.524	47	0.56434	-0.0749446	0.0157623	-1	-1	3
322	0.602916	37.9599	47	0.807657	-0.0892211	0.0154823	-1	-1	3
323	0.602916	30.6593	47	0.652326	-0.122789	0.014829	-1	-1	3
324	0.602916	64.3452	47	1.36905	-0.144897	0.0144417	-1	-1	3
325	0.602916	67.0039	47	1.42561	-0.175676	0.0138545	-1	-1	3
326	0.602916	57.1498	47	1.21595	-0.157966	0.0141375	-1	-1	3
327	0.602916	43.7485	47	0.930819	-0.196944	0.0133925	-1	-1	3
328	0.602916	41.5168	47	0.883335	-0.211991	0.0131354	-1	-1	3
329	0.602916	81.4028	47	1.73197	-0.199084	0.0134048	-1	-1	3
330	0.602916	53.6173	47	1.14079	0.213298	0.0220172	-1	-1	3
331	0.602916	39.4725	47	0.83984	0.213371	0.0220416	-1	-1	3
332	0.602916	36.4433	47	0.77539	0.0894699	0.0192695	-1	-1	3
333	0.602916	43.4283	47	0.924005	0.028236	0.0179127	-1	-1	3
334	0.602916	51.5564	47	1.09695	0.026662	0.0178532	-1	-1	3
335	0.602916	68.2148	47	1.45138	0.0139982	0.017563	-1	-1	3
336	0.602916	33.7489	47	0.718062	-0.0118972	0.0170425	-1	-1	3
337	0.602916	55.679	47	1.18466	-0.0356492	0.016593	-1	-1	3
338	0.602916	37.256	47	0.792681	-0.0272268	0.016685	-1	-1	3
339	0.602916	51.5066	47	1.09588	-0.0388088	0.0164503	-1	-1	3
340	0.602916	43.713	47	0.930064	-0.082512	0.015597	-1	-1	3
341	0.602916	55.8107	47	1.18746	-0.0987993	0.0152836	-1	-1	3
342	0.602916	45.499	47	0.968063	-0.126934	0.0147329	-1	-1	3
343	0.602916	59.8023	47	1.27239	-0.147287	0.0143726	-1	-1	3
344	0.602916	60.4936	47	1.2871	-0.139109	0.0145174	-1	-1	3
345	0.602916	55.1445	47	1.17329	-0.251739	0.0124305	-1	-1	3
346	0.602916	81.0267	47	1.72397	-0.33282	0.0110196	-1	-1	3
347	0.602916	50.7533	47	1.07986	0.23666	0.0225534	-1	-1	3
348	0.602916	46.3405	47	0.985969	0.176841	0.0211823	-1	-1	3
349	0.602916	50.8275	47	1.08144	0.177112	0.0211705	-1	-1	3
350	0.602916	56.0138	47	1.19178	0.123804	0.0200208	-1	-1	3
351	0.602916	35.7336	47	0.76029	0.100729	0.0194809	-1	-1	3
352	0.602916	76.0406	47	1.61788	0.150892	0.0205604	-1	-1	3
353	0.602916	26.3028	47	0.559634	0.0602082	0.0186014	-1	-1	3
354	0.602916	53.5844	47	1.14009	0.0315954	0.0180079	-1	-1	3
355	0.602916	70.2981	47	1.4957	0.0615624	0.0185582	-1	-1	3
356	0.602916	44.417	47	0.945042	0.0519252	0.018377	-1	-1	3
357	0.602916	32.2296	47	0.685735	0.0287477	0.0178708	-1	-1	3
358	0.602916	74.7752	47	1.59096	0.118019	0.019758	-1	-1	3
359	0.602916	51.8619	47	1.10344	-0.00758917	0.0171419	-1	-1	3
360	0.602916	43.1827	47	0.91878	-0.0241066	0.016809	-1	-1	3
361	0.602916	40.8211	47	0.868535	-0.0364549	0.0165522	-1	-1	3
362	0.602916	44.0361	47	0.936939	-0.0409693	0.0164802	-1	-1	3
363	0.602916	56.7005	47	1.20639	-0.0913442	0.0154381	-1	-1	3
364	0.602916	52.3999	47	1.11489	-0.0309062	0.0166089	-1	-1	3
365	0.602916	49.4767	47	1.0527	-0.126842	0.0147721	-1	-1	3
366	0.602916	39.3262	47	0.836728	-0.0927026	0.0153712	-1	-1	3
367	0.602916	51.2679	47	1.09081	-0.119105	0.014882	-1	-1	3
368	0.602916	55.6983	47	1.18507	-0.154782	0.014194	-1	-1	3
369	0.602916	66.4295	47	1.41339	0.397918	0.0265684	-1	-1	3
370	0.602916	54.0478	47	1.14995	0.292019	0.0238578	-1	-1	3
371	0.602916	44.8547	47	0.954355	0.266724	0.0232889	-1	-1	3
372	0.602916	39.7115	47	0.844925	0.192688	0.0215575	-1	-1	3
373	0.602916	50.053	47	1.06496	0.13278	0.0201683	-1	-1	3
374	0.602916	49.1771	47	1.04632	0.116562	0.0197982	-1	-1	3
375	0.602916	71.6745	47	1.52499	-0.00655194	0.0171961	-1	-1	3
376	0.602916	55.4817	47	1.18046	0.084211	0.019044	-1	-1	3
377	0.602916	65.6967	47	1.3978	0.080257	0.0189522	-1	-1	3
378	0.602916	43.5878	47	0.927401	0.054364	0.0184142	-1	-1	3
379	0.602916	63.2163	47	1.34503	0.0709801	0.0187721	-1	-1	3
380	0.602916	48.043	47	1.02219	0.0235948	0.0177609	-1	-1	3
381	0.602916	53.9797	47	1.1485	-0.0672769	0.0159494	-1	-1	3
382	0.602916	51.0532	47	1.08624	0.00932872	0.0174728	-1	-1	3
383	0.602916	56.1239	47	1.19413	0.0200443	0.017677	-1	-1	3
384	0.602916	60.1805	47	1.28044	-0.0341088	0.016579	-1	-1	3
385	0.602916	45.1538	47	0.96072	-0.0500603	0.0162425	-1	-1	3
386	0.602916	50.3489	47	1.07125	-0.0393967	0.0164992	-1	-1	3
387	0.602916	58.5533	47	1.24581	-0.0621806	0.0160262	-1	-1	3
388	0.602916	56.0245	47	1.19201	-0.0318192	0.0165835	-1	-1	3
389	0.602916	63.9578	47	1.3608	-0.0967516	0.0153779	-1	-1	3
390	0.602916	60.1048	47	1.27883	-0.0432589	0.0163593	-1	-1	3
391	0.602916	42.8028	47	0.910698	-0.0795513	0.0156475	-1	-1	3
392	0.602916	41.7875	47	0.889095	-0.0997374	0.0152505	-1	-1	3
393	0.602916	59.8379	47	1.27315	-0.120894	0.0148378	-1	-1	3
394	0.602916	49.6857	47	1.05714	-0.11691	0.0149216	-1	-1	3
395	0.602916	57.2352	47	1.21777	-0.169311	0.0139213	-1	-1	3
396	0.602916	60.7615	47	1.2928	-0.148576	0.0142572	-1	-1	3
397	0.602916	93.4794	47	1.98892	-0.253989	0.0124068	-1	-1	3
398	0.602916	71.3443	47	1.51796	0.77589	0.0372027	-1	-1	3
399	0.602916	67.0034	47	1.4256	0.386199	0.0262749	-1	-1	3
400	0.602916	59.4822	47	1.26558	0.246802	0.0228438	-1	-1	3
401	0.602916	51.7376	47	1.1008	0.237688	0.0225465	-1	-1	3
402	0.602916	49.4942	47	1.05307	0.0797362	0.0190142	-1	-1	3
403	0.602916	43.919	47	0.934447	0.0529006	0.0184223	-1	-1	3
404	0.602916	75.2489	47	1.60104	0.115199	0.0197051	-1	-1	3
405	0.602916	41.6113	47	0.885347	0.0572582	0.0184767	-1	-1	3
406	0.602916	47.4295	47	1.00914	-0.0048344	0.0171167	-1	-1	3
407	0.602916	37.569	47	0.799341	0.0389554	0.0180839	-1	-1	3
408	0.602916	85.7391	47	1.82424	0.0744395	0.0187452	-1	-1	3
409	0.602916	64.0967	47	1.36376	0.00623709	0.0174048	-1	-1	3
410	0.602916	46.7937	47	0.995611	0.00282349	0.0173219	-1	-1	3
411	0.602916	45.8417	47	0.975354	-0.0729898	0.01579	-1	-1	3
412	0.602916	68.2165	47	1.45141	-0.0217001	0.0167562	-1	-1	3
413	0.602916	47.1835	47	1.0039	-0.0907732	0.0153913	-1	-1	3
414	0.602916	25.7231	47	0.5473	-0.135458	0.0145287	-1	-1	3
415	0.602916	52.9151	47	1.12585	-0.137432	0.014529	-1	-1	3
416	0.602916	32.9111	47	0.700235	-0.174203	0.0138169	-1	-1	3
417	0.602916	67.2272	47	1.43037	-0.19203	0.0135043	-1	-1	3
418	0.602916	53.9437	47	1.14774	0.366108	0.0257764	-1	-1	3
419	0.602916	61.3218	47	1.30472	0.30469	0.0242353	-1	-1	3
420	0.602916	68.092	47	1.44877	0.185899	0.0213196	-1	-1	3
421	0.602916	44.979	47	0.957	0.0837007	0.0191382	-1	-1	3
422	0.602916	62.8062	47	1.3363	0.137397	0.0202674	-1	-1	3
423	0.602916	51.5971	47	1.09781	0.130337	0.0201285	-1	-1	3
424	0.602916	64.8413	47	1.3796	0.115001	0.0197605	-1	-1	3
425	0.602916	52.2527	47	1.11176	0.0794561	0.0189895	-1	-1	3
426	0.602916	80.3118	47	1.70876	0.12019	0.0197824	-1	-1	3
427	0.602916	49.7827	47	1.05921	0.0159595	0.0176491	-1	-1	3
428	0.602916	43.4694	47	0.92488	-0.0216789	0.0168575	-1	-1	3
429	0.602916	63.6571	47	1.35441	0.0782332	0.0189056	-1	-1	3
430	0.602916	45.0536	47	0.958588	0.0381877	0.018055	-1	-1	3
431	0.602916	46.9442	47	0.998813	-0.01761	0.0168908	-1	-1	3
432	0.602916	50.1351	47	1.0667	-0.0358459	0.0165314	-1	-1	3
433	0.602916	51.5143	47	1.09605	-0.0648206	0.0159379	-1	-1	3
434	0.602916	28.989	47	0.616788	-0.0546754	0.0161325	-1	-1	3
435	0.602916	40.4141	47	0.859875	-0.0856471	0.0154888	-1	-1	3
436	0.602916	49.9166	47	1.06206	-0.126051	0.0147231	-1	-1	3
437	0.602916	51.1791	47	1.08892	-0.178812	0.0137418	-1	-1	3
438	0.602916	56.4745	47	1.20159	-0.20165	0.0133309	-1	-1	3
439	0.602916	72.2051	47	1.53628	-0.214841	0.0130901	-1	-1	3
440	0.602916	44.1495	47	0.939352	-0.237808	0.0126425	-1	-1	3
441	0.602916	83.1878	47	1.76995	-0.366386	0.0104579	-1	-1	3
442	0.602916	88.7167	47	1.88759	0.568027	0.031054	-1	-1	3
443	0.602916	44.1208	47	0.938741	0.319433	0.024561	-1	-1	3
444	0.602916	55.5162	47	1.1812	0.238408	0.0226306	-1	-1	3
445	0.602916	38.4364	47	0.817795	0.175621	0.0211626	-1	-1	3
446	0.602916	43.5509	47	0.926614	0.142801	0.0204297	-1	-1	3
447	0.602916	45.4546	47	0.967118	0.211148	0.0219686	-1	-1	3
448	0.602916	57.5162	47	1.22375	0.149949	0.0205076	-1	-1	3
449	0.602916	68.709	47	1.46189	0.171783	0.0210209	-1	-1	3
450	0.602916	48.6888	47	1.03593	0.0868299	0.0191435	-1	-1	3
451	0.602916	81.2242	47	1.72818	0.152643	0.0205149	-1	-1	3
452	0.602916	53.2776	47	1.13357	0.0346021	0.0180195	-1	-1	3
453	0.602916	58.8989	47	1.25317	0.117993	0.0197701	-1	-1	3
454	0.602916	41.196	47	0.87651	0.0135493	0.0175807	-1	-1	3
455	0.602916	52.7999	47	1.1234	0.0291183	0.0178301	-1	-1	3
456	0.602916	50.0288	47	1.06444	0.0376796	0.0180365	-1	-1	3
457	0.602916	53.3011	47	1.13407	0.0295053	0.0178667	-1	-1	3
458	0.602916	36.3184	47	0.772732	0.0155947	0.0175973	-1	-1	3
459	0.602916	50.1999	47	1.06808	-0.020711	0.0168174	-1	-1	3
460	0.602916	52.7532	47	1.12241	-0.0206347	0.0168344	-1	-1	3
461	0.602916	56.3135	47	1.19816	-0.0177548	0.0168655	-1	-1	3
462	0.602916	53.7065	47	1.14269	0.0140109	0.0174785	-1	-1	3
463	0.602916	36.6772	47	0.780367	-0.048575	0.0162702	-1	-1	3
464	0.602916	70.7705	47	1.50576	-0.0589223	0.0160789	-1	-1	3
465	0.602916	56.9223	47	1.21111	-0.0827735	0.0156218	-1	-1	3
466	0.602916	61.4882	47	1.30826	-0.0490396	0.0162086	-1	-1	3
467	0.602916	78.1975	47	1.66378	-0.0528956	0.0161241	-1	-1	3
468	0.602916	47.0188	47	1.0004	-0.0676052	0.0158776	-1	-1	3
469	0.602916	64.9792	47	1.38254	-0.110294	0.015027	-1	-1	3
470	0.602916	47.2373	47	1.00505	-0.206137	0.0132456	-1	-1	3
471	0.602916	48.8501	47	1.03936	-0.20636	0.0131953	-1	-1	3
472	0.602916	46.3814	47	0.986839	-0.202797	0.013253	-1	-1	3
473	0.602916	135.278	47	2.87826	-0.319777	0.0112831	-1	-1	3
474	0.602916	55.2068	47	1.17461	0.266212	0.023339	-1	-1	3
475	0.602916	62.5855	47	1.33161	0.276969	0.0235389	-1	-1	3
476	0.602916	64.2675	47	1.36739	0.289112	0.0237699	-1	-1	3
477	0.602916	55.6077	47	1.18314	0.130984	0.020151	-1	-1	3
478	0.602916	70.5684	47	1.50146	0.19414	0.0214963	-1	-1	3
479	0.602916	55.1437	47	1.17327	0.131621	0.0200807	-1	-1	3
480	0.602916	55.6724	47	1.18452	0.176354	0.0211355	-1	-1	3
481	0.602916	53.1709	47	1.1313	0.143627	0.0203722	-1	-1	3
482	0.602916	115.91	47	2.46616	0.211491	0.0218469	-1	-1	3
483	0.602916	47.3329	47	1.00708	0.0809862	0.0189894	-1	-1	3
484	0.602916	35.9868	47	0.765677	0.0738325	0.018862	-1	-1	3
485	0.602916	51.2025	47	1.08941	0.0644486	0.0186645	-1	-1	3
486	0.602916	62.9384	47	1.33911	-0.00832238	0.0171262	-1	-1	3
487	0.602916	57.1969	47	1.21696	0.0724037	0.0187368	-1	-1	3
488	0.602916	47.2179	47	1.00464	0.0540504	0.0183779	-1	-1	3
489	0.602916	66.2907	47	1.41044	0.0149188	0.0175315	-1	-1	3
490	0.602916	51.9683	47	1.10571	-0.0266591	0.0166898	-1	-1	3
491	0.602916	65.2133	47	1.38752	0.0543132	0.0183076	-1	-1	3
492	0.602916	36.6842	47	0.780516	-0.0372707	0.0165097	-1	-1	3
493	0.602916	39.27	47	0.835531	-0.0463816	0.0163084	-1	-1	3
494	0.602916	66.834	47	1.422	-0.153239	0.0142511	-1	-1	3
495	0.602916	58.7672	47	1.25037	-0.128394	0.0146622	-1	-1	3
496	0.602916	30.9482	47	0.658473	-0.154404	0.0141615	-1	-1	3
497	0.602916	59.4241	47	1.26434	-0.29188	0.0117079	-1	-1	3
498	0.602916	49.0557	47	1.04374	-0.308524	0.0114116	-1	-1	3
499	0.602916	87.9553	47	1.87139	0.721723	0.0354705	-1	-1	3
500	0.602916	66.5009	47	1.41491	0.596584	0.0319052	-1	-1	3
501	0.602916	75.1066	47	1.59801	0.461483	0.02822	-1	-1	3
502	0.602916	33.3847	47	0.710312	0.361326	0.0256879	-1	-1	3
503	0.602916	71.0349	47	1.51138	0.582109	0.0314303	-1	-1	3
504	0.602916	110.686	47	2.35501	0.502974	0.0292087	-1	-1	3
505	0.602916	60.7224	47	1.29196	0.3847	0.0261756	-1	-1	3
506	0.602916	50.9572	47	1.0842	0.222787	0.0221818	-1	-1	3
507	0.602916	78.9871	47	1.68058	0.224956	0.0221977	-1	-1	3
508	0.602916	57.6998	47	1.22766	0.084448	0.0191274	-1	-1	3
509	0.602916	54.9647	47	1.16946	0.137878	0.0202326	-1	-1	3
510	0.602916	95.8708	47	2.0398	0.228783	0.0222557	-1	-1	3
511	0.602916	56.8883	47	1.21039	0.0509825	0.018416	-1	-1	3
512	0.602916	49.3803	47	1.05064	0.143171	0.0203492	-1	-1	3
513	0.602916	95.573	47	2.03347	0.20827	0.0217458	-1	-1	3
514	0.602916	58.8409	47	1.25194	0.0793867	0.0189335	-1	-1	3
515	0.602916	116.618	47	2.48123	0.192162	0.0213691	-1	-1	3
516	0.602916	60.9044	47	1.29584	0.0818437	0.0189954	-1	-1	3
517	0.602916	56.7397	47	1.20723	0.0688839	0.0187485	-1	-1	3
518	0.602916	40.9181	47	0.870597	0.0448962	0.0182178	-1	-1	3
519	0.602916	56.6207	47	1.20469	0.0367746	0.0179826	-1	-1	3
520	0.602916	60.2366	47	1.28163	0.0444557	0.018147	-1	-1	3
521	0.602916	51.9658	47	1.10566	0.0392131	0.0180336	-1	-1	3
522	0.602916	55.5727	47	1.1824	0.00129635	0.0172626	-1	-1	3
523	0.602916	49.8643	47	1.06094	0.012128	0.0175124	-1	-1	3
524	0.602916	40.3305	47	0.858096	-0.0161456	0.0169187	-1	-1	3
525	0.602916	33.7826	47	0.718778	-0.0602312	0.0160216	-1	-1	3
526	0.602916	53.2685	47	1.13337	-0.0641058	0.015972	-1	-1	3
527	0.602916	38.1563	47	0.811837	-0.0827506	0.015565	-1	-1	3
528	0.602916	54.3227	47	1.1558	-0.0803313	0.0156373	-1	-1	3
529	0.602916	54.8611	47	1.16726	-0.133036	0.0146143	-1	-1	3
530	0.602916	56.8563	47	1.20971	-0.0596209	0.0159969	-1	-1	3
531	0.602916	55.1564	47	1.17354	-0.131988	0.0145961	-1	-1	3
532	0.602916	45.9524	47	0.977711	-0.211884	0.013131	-1	-1	3
533	0.602916	58.9621	47	1.25451	-0.231254	0.0127646	-1	-1	3
534	0.602916	92.6905	47	1.97214	-0.348353	0.010772	-1	-1	3
535	0.602916	82.5388	47	1.75615	0.520981	0.02981	-1	-1	3
536	0.602916	61.8171	47	1.31526	0.425987	0.0272502	-1	-1	3
537	0.602916	73.6504	47	1.56703	0.309434	0.0242746	-1	-1	3
538	0.602916	42.298	47	0.899958	0.224329	0.0222646	-1	-1	3
539	0.602916	44.9106	47	0.955545	0.200643	0.0217366	-1	-1	3
540	0.602916	104.664	47	2.22689	0.323973	0.0245693	-1	-1	3
541	0.602916	38.9258	47	0.828208	0.158875	0.0207672	-1	-1	3
542	0.602916	57.9191	47	1.23232	0.16845	0.020991	-1	-1	3
543	0.602916	76.8993	47	1.63615	0.242175	0.0226255	-1	-1	3
544	0.602916	51.7304	47	1.10065	0.200308	0.0216391	-1	-1	3
545	0.602916	44.6226	47	0.949416	0.109037	0.0196597	-1	-1	3
546	0.602916	60.018	47	1.27698	0.161999	0.0207794	-1	-1	3
547	0.602916	49.8597	47	1.06085	0.0886404	0.01923	-1	-1	3
548	0.602916	66.6229	47	1.41751	0.157686	0.0206801	-1	-1	3
549	0.602916	39.4806	47	0.840013	0.0897559	0.0191875	-1	-1	3
550	0.602916	105.182	47	2.23791	0.156458	0.0205459	-1	-1	3
551	0.602916	63.4075	47	1.3491	0.0843253	0.0190206	-1	-1	3
552	0.602916	102.395	47	2.17862	0.182438	0.0211664	-1	-1	3
553	0.602916	52.8743	47	1.12499	0.0457804	0.0182369	-1	-1	3
554	0.602916	82.2744	47	1.75052	0.108921	0.0195501	-1	-1	3
555	0.602916	27.0397	47	0.575312	-0.0174503	0.0168795	-1	-1	3
556	0.602916	55.8214	47	1.18769	-0.0411338	0.016418	-1	-1	3
557	0.602916	55.4226	47	1.1792	-0.0590537	0.0160844	-1	-1	3
558	0.602916	42.7923	47	0.910475	-0.100077	0.015238	-1	-1	3
559	0.602916	49.8722	47	1.06111	-0.141941	0.0143421	-1	-1	3
560	0.602916	151.917	47	3.23228	0.61308	0.0322556	-1	-1	3
561	0.602916	98.595	47	2.09777	0.48035	0.0286348	-1	-1	3
562	0.602916	53.0842	47	1.12945	0.326849	0.0247684	-1	-1	3
563	0.602916	79.1422	47	1.68388	0.387647	0.026251	-1	-1	3
564	0.602916	68.6282	47	1.46018	0.395886	0.0264812	-1	-1	3
565	0.602916	72.5807	47	1.54427	0.358492	0.0254736	-1	-1	3
566	0.602916	71.5006	47	1.52129	0.307461	0.0242328	-1	-1	3
567	0.602916	45.3792	47	0.965515	0.336769	0.02497	-1	-1	3
568	0.602916	36.9012	47	0.785133	0.205022	0.0218121	-1	-1	3
569	0.602916	80.0732	47	1.70369	0.283286	0.0236048	-1	-1	3
570	0.602916	57.6956	47	1.22757	0.269569	0.0232894	-1	-1	3
571	0.602916	93.7851	47	1.99543	0.175871	0.0210501	-1	-1	3
572	0.602916	64.961	47	1.38215	0.141368	0.0202931	-1	-1	3
573	0.602916	67.75	47	1.44149	0.131939	0.0200905	-1	-1	3
574	0.602916	50.4629	47	1.07368	0.113504	0.0196965	-1	-1	3
575	0.602916	28.0323	47	0.596431	0.0103715	0.017491	-1	-1	3
576	0.602916	67.5497	47	1.43723	0.0533797	0.018357	-1	-1	3
577	0.602916	54.1438	47	1.15199	-0.0545428	0.0161679	-1	-1	3
578	0.602916	52.473	47	1.11645	-0.0701232	0.0158577	-1	-1	3
579	0.602916	38.861	47	0.82683	-0.21384	0.013038	-1	-1	3
580	0.602916	95.6617	47	2.03535	0.630399	0.0328169	-1	-1	3
581	0.602916	65.5359	47	1.39438	0.520148	0.0298039	-1	-1	3
582	0.602916	57.0388	47	1.21359	0.338893	0.0250485	-1	-1	3
583	0.602916	87.4433	47	1.8605	0.468467	0.0283117	-1	-1	3
584	0.602916	90.9687	47	1.9355	0.383153	0.0260898	-1	-1	3
585	0.602916	80.5903	47	1.71469	0.385422	0.0261522	-1	-1	3
586	0.602916	64.4922	47	1.37217	0.351897	0.0253424	-1	-1	3
587	0.602916	33.8793	47	0.720836	0.254086	0.0230257	-1	-1	3
588	0.602916	59.2963	47	1.26162	0.257061	0.02302	-1	-1	3
589	0.602916	53.5235	47	1.1388	0.187931	0.0214137	-1	-1	3
590	0.602916	58.6825	47	1.24856	0.209937	0.021928	-1	-1	3
591	0.602916	50.0968	47	1.06589	0.191987	0.0215352	-1	-1	3
592	0.602916	61.6964	47	1.31269	0.139004	0.020313	-1	-1	3
593	0.602916	95.0857	47	2.0231	0.253094	0.0228464	-1	-1	3
594	0.602916	44.3454	47	0.943518	0.196231	0.0215571	-1	-1	3
595	0.602916	72.7605	47	1.5481	0.11107	0.0196253	-1	-1	3
596	0.602916	37.2189	47	0.791892	0.133361	0.0201465	-1	-1	3
597	0.602916	52.1862	47	1.11034	0.105643	0.0195201	-1	-1	3
598	0.602916	54.2699	47	1.15468	0.0866957	0.0191085	-1	-1	3
599	0.602916	43.5532	47	0.926664	0.0417624	0.018144	-1	-1	3
600	0.602916	48.6795	47	1.03573	0.0584392	0.0185129	-1	-1	3
601	0.602916	73.7588	47	1.56934	0.0497715	0.0182135	-1	-1	3
602	0.602916	45.9587	47	0.977845	-0.0382854	0.016437	-1	-1	3
603	0.602916	80.5303	47	1.71341	0.0382007	0.0179703	-1	-1	3
604	0.602916	60.7568	47	1.2927	-0.085045	0.0155712	-1	-1	3
605	0.602916	43.7316	47	0.930459	-0.115601	0.0148919	-1	-1	3
606	0.602916	82.6678	47	1.75889	-0.223415	0.0129543	-1	-1	3
607	0.602916	47.5383	47	1.01145	-0.185382	0.0135875	-1	-1	3
608	0.602916	78.2043	47	1.66392	0.512509	0.0295564	-1	-1	3
609	0.602916	43.0686	47	0.916352	0.451014	0.0279945	-1	-1	3
610	0.602916	51.3307	47	1.09214	0.216825	0.0221816	-1	-1	3
611	0.602916	50.3882	47	1.07209	0.303382	0.0241686	-1	-1	3
612	0.602916	71.6857	47	1.52523	0.235777	0.0225136	-1	-1	3
613	0.602916	48.9983	47	1.04252	0.200651	0.0216917	-1	-1	3
614	0.602916	55.3123	47	1.17686	0.262054	0.0231587	-1	-1	3
615	0.602916	63.1507	47	1.34363	0.218774	0.0220616	-1	-1	3
616	0.602916	50.7969	47	1.08079	0.14351	0.0203727	-1	-1	3
617	0.602916	51.575	47	1.09734	0.0931553	0.0192587	-1	-1	3
618	0.602916	36.3269	47	0.772913	0.0212134	0.0177197	-1	-1	3
619	0.602916	105.934	47	2.25391	0.0761197	0.0187782	-1	-1	3
620	0.602916	82.7064	47	1.75971	0.0591241	0.018435	-1	-1	3
621	0.602916	52.3702	47	1.11426	-0.0122864	0.017039	-1	-1	3
622	0.602916	45.3643	47	0.965197	-0.0592644	0.016017	-1	-1	3
623	0.602916	39.5699	47	0.841913	-0.174533	0.0138065	-1	-1	3
624	0.602916	52.5133	47	1.1173	0.593668	0.0319301	-1	-1	3
625	0.602916	84.2179	47	1.79187	0.538928	0.0302826	-1	-1	3
626	0.602916	67.722	47	1.44089	0.348188	0.0252953	-1	-1	3
627	0.602916	132.132	47	2.81133	0.48409	0.0287191	-1	-1	3
628	0.602916	114.928	47	2.44529	0.37601	0.0259162	-1	-1	3
629	0.602916	94.0281	47	2.0006	0.349631	0.0252886	-1	-1	3
630	0.602916	57.6277	47	1.22612	0.263485	0.0231766	-1	-1	3
631	0.602916	73.2616	47	1.55876	0.230326	0.0224094	-1	-1	3
632	0.602916	61.5066	47	1.30865	0.213226	0.0220292	-1	-1	3
633	0.602916	105.352	47	2.24153	0.286019	0.0236428	-1	-1	3
634	0.602916	107.075	47	2.2782	0.252946	0.022878	-1	-1	3
635	0.602916	63.1229	47	1.34304	0.172795	0.0210099	-1	-1	3
636	0.602916	74.2119	47	1.57898	0.127119	0.019985	-1	-1	3
637	0.602916	53.2384	47	1.13273	0.109125	0.0196317	-1	-1	3
638	0.602916	46.5292	47	0.989982	0.0731863	0.0188167	-1	-1	3
639	0.602916	43.4422	47	0.924302	0.0577204	0.0185064	-1	-1	3
640	0.602916	44.8722	47	0.954728	-0.00328743	0.0172044	-1	-1	3
641	0.602916	34.1124	47	0.725797	-0.0157542	0.0169808	-1	-1	3
642	0.602916	69.2956	47	1.47437	0.0278461	0.0177985	-1	-1	3
643	0.602916	41.4625	47	0.882181	-0.0783937	0.0156844	-1	-1	3
644	0.602916	43.6776	47	0.929311	-0.0960411	0.0153225	-1	-1	3
645	0.602916	54.5216	47	1.16003	-0.104377	0.0151815	-1	-1	3
646	0.602916	45.5918	47	0.970039	0.564131	0.0311135	-1	-1	3
647	0.602916	112.469	47	2.39296	0.665314	0.0338714	-1	-1	3
648	0.602916	104.941	47	2.2328	0.653142	0.0334998	-1	-1	3
649	0.602916	105.463	47	2.24389	0.491444	0.0289951	-1	-1	3
650	0.602916	173.152	47	3.68408	0.596709	0.0317794	-1	-1	3
651	0.602916	41.6918	47	0.88706	0.327691	0.0248398	-1	-1	3
652	0.602916	52.7612	47	1.12258	0.314851	0.0245504	-1	-1	3
653	0.602916	103.72	47	2.20682	0.342898	0.0250935	-1	-1	3
654	0.602916	93.8389	47	1.99657	0.371486	0.0258437	-1	-1	3
655	0.602916	67.4676	47	1.43548	0.336474	0.0249853	-1	-1	3
656	0.602916	47.7989	47	1.017	0.278496	0.0235868	-1	-1	3
657	0.602916	74.5792	47	1.58679	0.293233	0.0239005	-1	-1	3
658	0.602916	107.455	47	2.28629	0.325866	0.0246439	-1	-1	3
659	0.602916	60.1297	47	1.27936	0.0879006	0.0191728	-1	-1	3
660	0.602916	35.7199	47	0.759997	0.0830942	0.0191001	-1	-1	3
661	0.602916	97.6998	47	2.07872	0.162574	0.0207652	-1	-1	3
662	0.602916	75.956	47	1.61609	0.0828481	0.0190452	-1	-1	3
663	0.602916	48.0247	47	1.0218	0.0266884	0.0178387	-1	-1	3
664	0.602916	119.634	47	2.54541	0.802663	0.0380036	-1	-1	3
665	0.602916	90.1222	47	1.91749	0.493627	0.0291004	-1	-1	3
666	0.602916	81.4663	47	1.73332	0.4502	0.0279025	-1	-1	3
667	0.602916	44.7567	47	0.95227	0.439777	0.0276976	-1	-1	3
668	0.602916	112.824	47	2.40052	0.346241	0.025188	-1	-1	3
669	0.602916	78.0423	47	1.66047	0.254581	0.0229636	-1	-1	3
670	0.602916	55.7598	47	1.18638	0.201255	0.0217536	-1	-1	3
671	0.602916	60.9549	47	1.29691	0.241104	0.0226864	-1	-1	3
672	0.602916	53.3732	47	1.1356	0.139511	0.0203407	-1	-1	3
673	0.602916	53.4682	47	1.13762	0.118121	0.0198808	-1	-1	3
674	0.602916	49.1014	47	1.04471	0.062509	0.0185874	-1	-1	3
675	0.602916	45.3	47	0.96383	0.0179218	0.0176658	-1	-1	3
676	0.602916	51.3906	47	1.09342	-0.0214217	0.0168441	-1	-1	3
677	0.602916	58.9947	47	1.25521	-0.0148052	0.0169455	-1	-1	3
678	0.602916	71.241	47	1.51577	-0.0850837	0.0155176	-1	-1	3
679	0.602916	89.392	47	1.90196	0.840647	0.0392605	-1	-1	3
680	0.602916	135.728	47	2.88784	0.705861	0.0350461	-1	-1	3
681	0.602916	51.7488	47	1.10104	0.521581	0.0299979	-1	-1	3
682	0.602916	53.1186	47	1.13018	0.494201	0.0292593	-1	-1	3
683	0.602916	104.333	47	2.21985	0.626264	0.0327787	-1	-1	3
684	0.602916	123.661	47	2.63108	0.527503	0.0300154	-1	-1	3
685	0.602916	72.639	47	1.54551	0.383973	0.0262999	-1	-1	3
686	0.602916	105.385	47	2.24224	0.430859	0.0273802	-1	-1	3
687	0.602916	56.1401	47	1.19447	0.253265	0.0230779	-1	-1	3
688	0.602916	90.9688	47	1.93551	0.245868	0.0227853	-1	-1	3
689	0.602916	70.2394	47	1.49446	0.184411	0.0213753	-1	-1	3
690	0.602916	52.576	47	1.11864	0.16007	0.0208784	-1	-1	3
691	0.602916	42.5982	47	0.906345	0.18183	0.0213193	-1	-1	3
692	0.602916	78.2118	47	1.66408	0.115361	0.0197592	-1	-1	3
693	0.602916	66.4374	47	1.41356	0.123536	0.0199553	-1	-1	3
694	0.602916	75.5063	47	1.60652	0.0597831	0.0185379	-1	-1	3
695	0.602916	43.7353	47	0.930539	0.0555695	0.0184719	-1	-1	3
696	0.602916	35.5313	47	0.755986	0.00132499	0.0173495	-1	-1	3
697	0.602916	56.9242	47	1.21115	-0.0346435	0.0165636	-1	-1	3
698	0.602916	69.3206	47	1.47491	-0.196043	0.0134867	-1	-1	3
699	0.602916	34.1101	47	0.725748	-0.178018	0.0137633	-1	-1	3
700	0.602916	98.0337	47	2.08582	0.90583	0.041414	-1	-1	3
701	0.602916	114.198	47	2.42975	0.76333	0.03692	-1	-1	3
702	0.602916	86.857	47	1.84802	0.512048	0.0296219	-1	-1	3
703	0.602916	85.2095	47	1.81297	0.407389	0.0268731	-1	-1	3
704	0.602916	57.5743	47	1.22499	0.388881	0.0264095	-1	-1	3
705	0.602916	62.1616	47	1.32259	0.326307	0.0248829	-1	-1	3
706	0.602916	51.2988	47	1.09146	0.313257	0.0245412	-1	-1	3
707	0.602916	45.3043	47	0.96392	0.227906	0.022444	-1	-1	3
708	0.602916	56.9931	47	1.21262	0.333616	0.0249581	-1	-1	3
709	0.602916	59.9221	47	1.27494	0.216673	0.0221179	-1	-1	3
710	0.602916	64.0472	47	1.36271	0.158329	0.0208043	-1	-1	3
711	0.602916	75.5419	47	1.60727	0.158527	0.020752	-1	-1	3
712	0.602916	63.4705	47	1.35044	0.113139	0.0197393	-1	-1	3
713	0.602916	74.9413	47	1.5945	0.0608498	0.0185762	-1	-1	3
714	0.602916	40.1325	47	0.853883	-0.0459983	0.0163703	-1	-1	3
715	0.602916	50.5072	47	1.07462	-0.10117	0.0153166	-1	-1	3
716	0.602916	57.4507	47	1.22236	-0.0661873	0.0159252	-1	-1	3
717	0.602916	52.7156	47	1.12161	-0.151111	0.0142986	-1	-1	3
718	0.602916	142.789	47	3.03807	0.928128	0.0421126	-1	-1	3
719	0.602916	113.167	47	2.40781	0.652711	0.033639	-1	-1	3
720	0.602916	61.4767	47	1.30801	0.641947	0.0333911	-1	-1	3
721	0.602916	95.2652	47	2.02692	0.671244	0.0341652	-1	-1	3
722	0.602916	98.581	47	2.09747	0.538262	0.0303663	-1	-1	3
723	0.602916	86.8693	47	1.84828	0.465132	0.0284539	-1	-1	3
724	0.602916	94.2877	47	2.00612	0.403436	0.0267756	-1	-1	3
725	0.602916	73.8037	47	1.57029	0.349155	0.0254545	-1	-1	3
726	0.602916	163.145	47	3.47117	0.501872	0.0293045	-1	-1	3
727	0.602916	53.2721	47	1.13345	0.317904	0.0246932	-1	-1	3
728	0.602916	80.0669	47	1.70355	0.333613	0.0249741	-1	-1	3
729	0.602916	76.1161	47	1.61949	0.274515	0.0235129	-1	-1	3
730	0.602916	73.6168	47	1.56631	0.274599	0.0235388	-1	-1	3
731	0.602916	61.7225	47	1.31324	0.151289	0.0206566	-1	-1	3
732	0.602916	70.4456	47	1.49884	0.157356	0.0207447	-1	-1	3
733	0.602916	47.2058	47	1.00438	-0.0705415	0.0158939	-1	-1	3
734	0.602916	88.8315	47	1.89003	0.468418	0.0285757	-1	-1	3
735	0.602916	92.8663	47	1.97588	0.451714	0.0281375	-1	-1	3
736	0.602916	63.788	47	1.35719	0.268666	0.0235028	-1	-1	3
737	0.602916	98.4764	47	2.09524	0.38795	0.0263785	-1	-1	3
738	0.602916	52.8261	47	1.12396	0.16418	0.0210159	-1	-1	3
739	0.602916	79.0023	47	1.6809	0.147722	0.0206327	-1	-1	3
740	0.602916	52.6466	47	1.12014	0.147933	0.0206251	-1	-1	3
741	0.602916	81.4664	47	1.73333	-0.00336404	0.0172838	-1	-1	3
742	0.602916	53.2595	47	1.13318	-0.0121661	0.0171264	-1	-1	3
743	0.602916	47.9519	47	1.02025	-0.130087	0.0147386	-1	-1	3
744	0.602916	47.6851	47	1.01458	-0.171555	0.0139634	-1	-1	3
745	0.602916	44.4895	47	0.946586	0.503628	0.0296954	-1	-1	3
746	0.602916	144.24	47	3.06893	0.564754	0.0312188	-1	-1	3
747	0.602916	102.43	47	2.17936	0.471145	0.0286773	-1	-1	3
748	0.602916	80.2757	47	1.70799	0.422095	0.0273833	-1	-1	3
749	0.602916	46.7429	47	0.99453	0.420642	0.0273695	-1	-1	3
750	0.602916	57.2362	47	1.21779	0.312944	0.0246649	-1	-1	3
751	0.602916	51.2731	47	1.09092	0.258851	0.02331	-1	-1	3
752	0.602916	62.7636	47	1.3354	0.181121	0.0214214	-1	-1	3
753	0.602916	47.9245	47	1.01967	0.110844	0.0198314	-1	-1	3
754	0.602916	43.3129	47	0.921551	0.10995	0.0198127	-1	-1	3
755	0.602916	65.7387	47	1.3987	0.0525073	0.0185192	-1	-1	3
756	0.602916	43.1251	47	0.917555	0.014938	0.0177314	-1	-1	3
757	0.602916	82.5188	47	1.75572	0.0441208	0.0182883	-1	-1	3
758	0.602916	38.3817	47	0.816632	-0.116937	0.0150378	-1	-1	3
759	0.602916	52.0591	47	1.10764	0.881159	0.0410071	-1	-1	3
760	0.602916	111.725	47	2.37712	0.758314	0.0370077	-1	-1	3
761	0.602916	140.669	47	2.99297	0.73652	0.0363541	-1	-1	3
762	0.602916	97.4847	47	2.07414	0.656511	0.034021	-1	-1	3
763	0.602916	135.304	47	2.87881	0.586833	0.0318987	-1	-1	3
764	0.602916	87.9518	47	1.87131	0.453319	0.0282697	-1	-1	3
765	0.602916	110.557	47	2.35228	0.362981	0.0259283	-1	-1	3
766	0.602916	64.8825	47	1.38048	0.362927	0.0259731	-1	-1	3
767	0.602916	76.9212	47	1.63662	0.32469	0.0249825	-1	-1	3
768	0.602916	70.2316	47	1.49429	0.286632	0.023981	-1	-1	3
769	0.602916	85.3706	47	1.81639	0.283668	0.0238766	-1	-1	3
770	0.602916	88.5613	47	1.88428	0.235524	0.0227159	-1	-1	3
771	0.602916	72.6333	47	1.54539	0.170452	0.0212458	-1	-1	3
772	0.602916	42.7156	47	0.908842	0.161783	0.0210643	-1	-1	3
773	0.602916	99.8176	47	2.12378	0.136732	0.020379	-1	-1	3
774	0.602916	73.3094	47	1.55977	-0.0118776	0.0171876	-1	-1	3
775	0.602916	88.4807	47	1.88257	-0.013251	0.0171754	-1	-1	3
776	0.602916	54.178	47	1.15272	-0.0471033	0.0164821	-1	-1	3
777	0.602916	57.039	47	1.2136	-0.0969405	0.0154816	-1	-1	3
778	0.602916	63.0514	47	1.34152	-0.0894878	0.0155955	-1	-1	3
779	0.602916	110.762	47	2.35663	-0.175245	0.0140015	-1	-1	3
780	0.602916	78.9671	47	1.68015	-0.116451	0.0150776	-1	-1	3
781	0.602916	77.9313	47	1.65811	-0.184832	0.0137631	-1	-1	3
782	0.602916	89.0678	47	1.89506	-0.195506	0.0135888	-1	-1	3
783	0.602916	66.325	47	1.41117	-0.206313	0.0133445	-1	-1	3
784	0.602916	67.5891	47	1.43807	-0.244614	0.0126698	-1	-1	3
785	0.602916	94.7057	47	2.01502	-0.260578	0.0123959	-1	-1	3
786	0.602916	109.849	47	2.3372	-0.265705	0.012305	-1	-1	3
787	0.602916	115.239	47	2.4519	-0.290151	0.0118854	-1	-1	3
788	0.602916	126.754	47	2.69689	-0.325017	0.0112788	-1	-1	3
789	0.602916	169.805	47	3.61288	-0.352627	0.0108369	-1	-1	3
790	0.602916	84.4897	47	1.79765	-0.346831	0.0108714	-1	-1	3
791	0.602916	154.119	47	3.27914	-0.342355	0.0109837	-1	-1	3
792	0.602916	61.8556	47	1.31608	0.0422321	0.0182955	-1	-1	3
793	0.602916	46.4561	47	0.988427	0.0717906	0.018979	-1	-1	3
794	0.602916	44.7835	47	0.95284	0.0245287	0.0179303	-1	-1	3
795	0.602916	32.8738	47	0.699442	-0.0427106	0.0165574	-1	-1	3
796	0.602916	80.5488	47	1.7138	0.0306496	0.018013	-1	-1	3
797	0.602916	100.202	47	2.13196	-0.13335	0.0148046	-1	-1	3
798	0.602916	78.5568	47	1.67142	-0.16201	0.0141918	-1	-1	3
799	0.602916	95.4166	47	2.03014	-0.197668	0.013538	-1	-1	3
800	0.602916	67.4301	47	1.43468	-0.25144	0.0125264	-1	-1	3
801	0.602916	122.298	47	2.60208	-0.26192	0.0123705	-1	-1	3
802	0.602916	78.2808	47	1.66555	-0.279418	0.0120487	-1	-1	3
803	0.602916	103.631	47	2.20491	-0.296946	0.011752	-1	-1	3
804	0.602916	168.979	47	3.59529	-0.318977	0.0113963	-1	-1	3
805	0.602916	183.074	47	3.8952	-0.345506	0.0109465	-1	-1	3
806	0.602916	137.903	47	2.93412	-0.34165	0.0109807	-1	-1	3
807	0.602916	67.0383	47	1.42635	0.0771416	0.0191301	-1	-1	3
808	0.602916	74.9073	47	1.59377	-0.0369513	0.016667	-1	-1	3
809	0.602916	58.7857	47	1.25076	-0.0717453	0.0159803	-1	-1	3
810	0.602916	51.4629	47	1.09496	-0.0871736	0.0156553	-1	-1	3
811	0.602916	81.2699	47	1.72915	-0.0506525	0.0164162	-1	-1	3
812	0.602916	42.335	47	0.900746	-0.0806371	0.0157392	-1	-1	3
813	0.602916	41.0199	47	0.872764	-0.133601	0.0147176	-1	-1	3
814	0.602916	99.4844	47	2.11669	-0.174086	0.0139607	-1	-1	3
815	0.602916	111.495	47	2.37223	-0.197324	0.0135589	-1	-1	3
816	0.602916	91.5939	47	1.94881	-0.229652	0.0129633	-1	-1	3
817	0.602916	72.394	47	1.5403	-0.22081	0.0131023	-1	-1	3
818	0.602916	96.0587	47	2.0438	-0.258724	0.0123975	-1	-1	3
819	0.602916	98.0964	47	2.08716	-0.273218	0.0121572	-1	-1	3
820	0.602916	46.6754	47	0.993095	-0.268299	0.0121709	-1	-1	3
821	0.602916	155.159	47	3.30126	-0.343748	0.0109646	-1	-1	3
822	0.602916	165.118	47	3.51315	-0.377867	0.0103869	-1	-1	3
823	0.602916	31.4742	47	0.669664	0.16151	0.0209607	-1	-1	3
824	0.602916	48.9244	47	1.04094	-0.00502121	0.0173034	-1	-1	3
825	0.602916	41.7091	47	0.887427	-0.0409872	0.0165611	-1	-1	3
826	0.602916	46.5913	47	0.991305	-0.0442193	0.016438	-1	-1	3
827	0.602916	48.1102	47	1.02362	-0.142631	0.0145264	-1	-1	3
828	0.602916	60.0703	47	1.27809	-0.187095	0.0137187	-1	-1	3
829	0.602916	45.4852	47	0.96777	-0.146428	0.0144242	-1	-1	3
830	0.602916	77.4708	47	1.64831	-0.233409	0.0128688	-1	-1	3
831	0.602916	58.7298	47	1.24957	-0.172739	0.0139457	-1	-1	3
832	0.602916	112.001	47	2.383	-0.228084	0.0129834	-1	-1	3
833	0.602916	170.697	47	3.63185	-0.294013	0.0118283	-1	-1	3
834	0.602916	117.692	47	2.50409	-0.327594	0.0112215	-1	-1	3
835	0.602916	87.598	47	1.86379	-0.343003	0.0109258	-1	-1	3
836	0.602916	142.584	47	3.03371	-0.380783	0.0103273	-1	-1	3
837	0.602916	54.1763	47	1.15269	0.0583935	0.0186904	-1	-1	3
838	0.602916	27.6947	47	0.589248	-0.00472545	0.0172967	-1	-1	3
839	0.602916	38.061	47	0.809808	-0.0382132	0.0165963	-1	-1	3
840	0.602916	53.7296	47	1.14318	-0.0385048	0.0166283	-1	-1	3
841	0.602916	58.6969	47	1.24887	-0.0972324	0.0154508	-1	-1	3
842	0.602916	64.1124	47	1.36409	-0.128031	0.0148541	-1	-1	3
843	0.602916	64.2925	47	1.36793	-0.177407	0.0138823	-1	-1	3
844	0.602916	66.6207	47	1.41746	-0.192873	0.0135999	-1	-1	3
845	0.602916	92.743	47	1.97325	-0.19353	0.0135813	-1	-1	3
846	0.602916	79.9328	47	1.7007	-0.223809	0.0130387	-1	-1	3
847	0.602916	51.2886	47	1.09125	-0.245225	0.0125954	-1	-1	3
848	0.602916	49.6597	47	1.05659	-0.235732	0.0127743	-1	-1	3
849	0.602916	123.407	47	2.62568	-0.305122	0.011602	-1	-1	3
850	0.602916	73.1087	47	1.5555	-0.265309	0.0122643	-1	-1	3
851	0.602916	82.9066	47	1.76397	-0.252076	0.0125067	-1	-1	3
852	0.602916	82.5992	47	1.75743	-0.269352	0.0121825	-1	-1	3
853	0.602916	154.736	47	3.29225	-0.402263	0.00997898	-1	-1	3
854	0.602916	111.493	47	2.37218	-0.42917	0.00953728	-1	-1	3
855	0.602916	88.4802	47	1.88256	0.119595	0.0200038	-1	-1	3
856	0.602916	65.1748	47	1.3867	0.0164256	0.0178342	-1	-1	3
857	0.602916	50.0837	47	1.06561	0.0458306	0.0183281	-1	-1	3
858	0.602916	58.4594	47	1.24382	-0.0540541	0.0162898	-1	-1	3
859	0.602916	57.9173	47	1.23228	-0.0398879	0.0165742	-1	-1	3
860	0.602916	116.623	47	2.48134	-0.0919087	0.0156064	-1	-1	3
861	0.602916	52.8446	47	1.12435	-0.0533002	0.0162917	-1	-1	3
862	0.602916	63.1044	47	1.34265	-0.140074	0.0146121	-1	-1	3
863	0.602916	69.7491	47	1.48402	-0.10865	0.0151666	-1	-1	3
864	0.602916	124.894	47	2.65731	-0.160769	0.0142401	-1	-1	3
865	0.602916	64.4584	47	1.37146	-0.111557	0.0151257	-1	-1	3
866	0.602916	50.5145	47	1.07478	-0.175114	0.0139159	-1	-1	3
867	0.602916	51.7681	47	1.10145	-0.182275	0.0137752	-1	-1	3
868	0.602916	62.6676	47	1.33335	-0.227828	0.0129472	-1	-1	3
869	0.602916	66.0505	47	1.40533	-0.170573	0.0139646	-1	-1	3
870	0.602916	47.8802	47	1.01873	-0.231919	0.0128245	-1	-1	3
871	0.602916	78.9942	47	1.68073	-0.241668	0.012662	-1	-1	3
872	0.602916	63.8627	47	1.35878	-0.245288	0.0126	-1	-1	3
873	0.602916	179.434	47	3.81776	-0.292277	0.0118588	-1	-1	3
874	0.602916	95.5378	47	2.03272	-0.276158	0.0120914	-1	-1	3
875	0.602916	96.1421	47	2.04558	-0.290734	0.0118381	-1	-1	3
876	0.602916	42.5535	47	0.905394	0.146857	0.0206055	-1	-1	3
877	0.602916	41.3798	47	0.880421	0.0158262	0.0177176	-1	-1	3
878	0.602916	50.9243	47	1.0835	-0.05274	0.0163154	-1	-1	3
879	0.602916	45.3948	47	0.965847	-0.0319687	0.016712	-1	-1	3
880	0.602916	35.1108	47	0.747038	-0.140465	0.0145422	-1	-1	3
881	0.602916	131.066	47	2.78864	-0.232252	0.012915	-1	-1	3
882	0.602916	98.6015	47	2.0979	-0.236245	0.0128014	-1	-1	3
883	0.602916	68.716	47	1.46204	-0.232052	0.0128516	-1	-1	3
884	0.602916	68.3737	47	1.45476	-0.261471	0.0123261	-1	-1	3
885	0.602916	79.5757	47	1.6931	-0.282339	0.0119601	-1	-1	3
886	0.602916	86.7084	47	1.84486	-0.292141	0.0117942	-1	-1	3
887	0.602916	79.95	47	1.70106	-0.327209	0.0111958	-1	-1	3
888	0.602916	63.0493	47	1.34147	-0.300812	0.0115975	-1	-1	3
889	0.602916	128.222	47	2.72812	-0.359285	0.0106665	-1	-1	3
890	0.602916	94.9641	47	2.02051	-0.367345	0.0105198	-1	-1	3
891	0.602916	52.3708	47	1.11427	0.300321	0.0242457	-1	-1	3
892	0.602916	37.6734	47	0.801563	0.11168	0.0198703	-1	-1	3
893	0.602916	43.485	47	0.925213	-0.00199101	0.0173454	-1	-1	3
894	0.602916	42.423	47	0.902616	-0.0285747	0.0167964	-1	-1	3
895	0.602916	52.1133	47	1.10879	-0.0943274	0.0154504	-1	-1	3
896	0.602916	41.1605	47	0.875754	-0.100991	0.0153251	-1	-1	3
897	0.602916	45.8631	47	0.975812	-0.138609	0.0145945	-1	-1	3
898	0.602916	88.6737	47	1.88667	-0.122953	0.0149264	-1	-1	3
899	0.602916	61.5442	47	1.30945	-0.14879	0.0144286	-1	-1	3
900	0.602916	77.134	47	1.64115	-0.16692	0.0140813	-1	-1	3
901	0.602916	54.7624	47	1.16516	-0.119696	0.0149634	-1	-1	3
902	0.602916	45.4028	47	0.966016	-0.126124	0.0147807	-1	-1	3
903	0.602916	122.411	47	2.6045	-0.207645	0.0133432	-1	-1	3
904	0.602916	35.2731	47	0.750492	-0.141624	0.0145096	-1	-1	3
905	0.602916	67.038	47	1.42634	-0.166603	0.0140527	-1	-1	3
906	0.602916	78.8895	47	1.6785	-0.167907	0.0140318	-1	-1	3
907	0.602916	98.9897	47	2.10616	-0.249745	0.0125783	-1	-1	3
908	0.602916	55.468	47	1.18017	-0.192842	0.0135569	-1	-1	3
909	0.602916	79.9267	47	1.70057	-0.182433	0.013772	-1	-1	3
910	0.602916	66.8895	47	1.42318	-0.194259	0.0135449	-1	-1	3
911	0.602916	90.6045	47	1.92775	-0.259481	0.0123799	-1	-1	3
912	0.602916	61.9334	47	1.31773	-0.195158	0.0134796	-1	-1	3
913	0.602916	89.4726	47	1.90367	-0.231197	0.0128875	-1	-1	3
914	0.602916	76.8702	47	1.63554	-0.25497	0.0124658	-1	-1	3
915	0.602916	68.7651	47	1.46309	-0.318336	0.011333	-1	-1	3
916	0.602916	86.7214	47	1.84514	-0.333791	0.0110563	-1	-1	3
917	0.602916	78.1877	47	1.66357	0.157638	0.0208845	-1	-1	3
918	0.602916	61.7549	47	1.31393	0.164876	0.0209283	-1	-1	3
919	0.602916	35.8142	47	0.762005	0.0726685	0.0189304	-1	-1	3
920	0.602916	40.1346	47	0.853928	0.0799123	0.0191021	-1	-1	3
921	0.602916	62.1183	47	1.32167	-0.089372	0.0155907	-1	-1	3
922	0.602916	74.9808	47	1.59534	-0.00183815	0.0173067	-1	-1	3
923	0.602916	58.6999	47	1.24893	-0.0567278	0.0162057	-1	-1	3
924	0.602916	103.387	47	2.19972	-0.131953	0.0147875	-1	-1	3
925	0.602916	52.2294	47	1.11126	-0.091576	0.0155287	-1	-1	3
926	0.602916	41.4959	47	0.882891	-0.0892204	0.0155155	-1	-1	3
927	0.602916	89.9346	47	1.9135	-0.174528	0.0139514	-1	-1	3
928	0.602916	76.9636	47	1.63752	-0.0849171	0.0155821	-1	-1	3
929	0.602916	83.3205	47	1.77278	-0.179943	0.0138348	-1	-1	3
930	0.602916	29.8662	47	0.63545	-0.175965	0.013848	-1	-1	3
931	0.602916	86.9145	47	1.84924	-0.220054	0.0131172	-1	-1	3
932	0.602916	50.894	47	1.08285	-0.196166	0.0134886	-1	-1	3
933	0.602916	83.1164	47	1.76843	-0.195769	0.0135122	-1	-1	3
934	0.602916	113.802	47	2.42133	-0.259133	0.0123995	-1	-1	3
935	0.602916	56.6639	47	1.20561	-0.196857	0.013491	-1	-1	3
936	0.602916	67.3196	47	1.43233	-0.160276	0.0141193	-1	-1	3
937	0.602916	91.9591	47	1.95658	-0.228017	0.0129398	-1	-1	3
938	0.602916	124.278	47	2.6442	-0.275294	0.0120982	-1	-1	3
939	0.602916	63.7983	47	1.35741	-0.246888	0.012562	-1	-1	3
940	0.602916	51.7027	47	1.10006	-0.299029	0.0116478	-1	-1	3
941	0.602916	94.1181	47	2.00251	-0.294846	0.0117267	-1	-1	3
942	0.602916	49.3839	47	1.05072	0.178045	0.0212781	-1	-1	3
943	0.602916	44.1612	47	0.939599	0.103816	0.0195981	-1	-1	3
944	0.602916	48.6054	47	1.03416	0.00435098	0.0174784	-1	-1	3
945	0.602916	64.5213	47	1.37279	-0.0325586	0.0167349	-1	-1	3
946	0.602916	58.2684	47	1.23975	-0.0362557	0.0166582	-1	-1	3
947	0.602916	69.1589	47	1.47147	-0.0228925	0.0168484	-1	-1	3
948	0.602916	69.1506	47	1.47129	-0.0588983	0.0161432	-1	-1	3
949	0.602916	34.8571	47	0.741641	-0.0654142	0.016003	-1	-1	3
950	0.602916	35.3426	47	0.75197	-0.0964527	0.0153993	-1	-1	3
951	0.602916	56.2585	47	1.19699	-0.0701143	0.0159084	-1	-1	3
952	0.602916	67.6769	47	1.43993	-0.128018	0.0148097	-1	-1	3
953	0.602916	46.7436	47	0.994545	-0.119349	0.0149642	-1	-1	3
954	0.602916	57.3645	47	1.22052	-0.130226	0.0147692	-1	-1	3
955	0.602916	60.1077	47	1.27889	-0.155336	0.0142887	-1	-1	3
956	0.602916	71.9251	47	1.53032	-0.210166	0.0132548	-1	-1	3
957	0.602916	70.6285	47	1.50273	-0.147284	0.0143935	-1	-1	3
958	0.602916	64.8619	47	1.38004	-0.156004	0.0142358	-1	-1	3
959	0.602916	72.7891	47	1.5487	-0.193787	0.0135314	-1	-1	3
960	0.602916	49.1446	47	1.04563	-0.210155	0.013229	-1	-1	3
961	0.602916	61.2523	47	1.30324	-0.22847	0.0129211	-1	-1	3
962	0.602916	72.9816	47	1.5528	-0.206853	0.0132718	-1	-1	3
963	0.602916	126.912	47	2.70025	-0.273964	0.0121217	-1	-1	3
964	0.602916	157.265	47	3.34606	-0.390401	0.0101502	-1	-1	3
965	0.602916	125.523	47	2.6707	-0.380819	0.0102845	-1	-1	3
966	0.602916	77.2959	47	1.64459	0.47764	0.0287162	-1	-1	3
967	0.602916	43.2351	47	0.919895	0.0374862	0.0181822	-1	-1	3
968	0.602916	62.0273	47	1.31973	-0.0128631	0.017121	-1	-1	3
969	0.602916	54.6459	47	1.16268	-0.0389496	0.0165558	-1	-1	3
970	0.602916	48.1249	47	1.02393	-0.00754114	0.0171541	-1	-1	3
971	0.602916	72.1507	47	1.53512	-0.104511	0.0152862	-1	-1	3
972	0.602916	47.4382	47	1.00932	-0.0490455	0.0163176	-1	-1	3
973	0.602916	71.0244	47	1.51116	-0.106451	0.0152469	-1	-1	3
974	0.602916	39.5613	47	0.841729	-0.0527234	0.0162576	-1	-1	3
975	0.602916	66.5495	47	1.41595	-0.0838408	0.0156375	-1	-1	3
976	0.602916	36.6658	47	0.780124	-0.096781	0.0153978	-1	-1	3
977	0.602916	120.273	47	2.55899	-0.15611	0.014305	-1	-1	3
978	0.602916	52.9043	47	1.12562	-0.0998096	0.0153433	-1	-1	3
979	0.602916	70.1016	47	1.49152	-0.0818075	0.0157032	-1	-1	3
980	0.602916	81.3481	47	1.73081	-0.190925	0.0136201	-1	-1	3
981	0.602916	89.3948	47	1.90202	-0.204021	0.0133783	-1	-1	3
982	0.602916	42.7311	47	0.909173	-0.175407	0.0138567	-1	-1	3
983	0.602916	70.9526	47	1.50963	-0.222281	0.0130016	-1	-1	3
984	0.602916	84.0686	47	1.78869	-0.226827	0.0129334	-1	-1	3
985	0.602916	59.3857	47	1.26353	-0.203924	0.0132914	-1	-1	3
986	0.602916	56.63	47	1.20489	-0.255154	0.0123763	-1	-1	3
987	0.602916	62.3228	47	1.32602	-0.313419	0.011379	-1	-1	3
988	0.602916	63.7337	47	1.35604	0.206748	0.0219285	-1	-1	3
989	0.602916	40.6289	47	0.864446	0.0661378	0.018733	-1	-1	3
990	0.602916	63.7415	47	1.3562	0.078583	0.0190173	-1	-1	3
991	0.602916	44.6196	47	0.949353	-0.0316357	0.0167211	-1	-1	3
992	0.602916	65.934	47	1.40285	0.0104975	0.01754	-1	-1	3
993	0.602916	36.6299	47	0.779359	-0.109492	0.0151208	-1	-1	3
994	0.602916	57.4408	47	1.22214	-0.115536	0.0150201	-1	-1	3
995	0.602916	52.8917	47	1.12536	-0.121568	0.0148919	-1	-1	3
996	0.602916	61.936	47	1.31779	-0.125277	0.0148568	-1	-1	3
997	0.602916	67.7881	47	1.4423	-0.0881005	0.0155074	-1	-1	3
998	0.602916	76.8774	47	1.63569	-0.144243	0.0144702	-1	-1	3
999	0.602916	53.5239	47	1.13881	-0.165615	0.0140293	-1	-1	3
1000	0.602916	48.045	47	1.02224	-0.182444	0.0137177	-1	-1	3
1001	0.602916	49.6809	47	1.05704	-0.197084	0.0134568	-1	-1	3
1002	0.602916	78.4933	47	1.67007	-0.264261	0.0122644	-1	-1	3
1003	0.602916	78.2391	47	1.66466	-0.248881	0.0125321	-1	-1	3
1004	0.602916	78.0685	47	1.66103	-0.304995	0.0115327	-1	-1	3
1005	0.602916	83.9594	47	1.78637	-0.337745	0.0109896	-1	-1	3
1006	0.602916	131.159	47	2.79062	-0.351769	0.010764	-1	-1	3
1007	0.602916	59.94	47	1.27532	0.11135	0.019743	-1	-1	3
1008	0.602916	63.0561	47	1.34162	0.211608	0.0219899	-1	-1	3
1009	0.602916	35.1894	47	0.74871	0.145541	0.0204944	-1	-1	3
1010	0.602916	49.898	47	1.06166	0.0547445	0.0184735	-1	-1	3
1011	0.602916	50.7171	47	1.07909	-0.00599311	0.0171963	-1	-1	3
1012	0.602916	63.4089	47	1.34913	-0.0278459	0.0167954	-1	-1	3
1013	0.602916	63.4087	47	1.34912	-0.0594413	0.0161556	-1	-1	3
1014	0.602916	38.6227	47	0.82176	0.0307378	0.0179504	-1	-1	3
1015	0.602916	61.7865	47	1.31461	-0.0923277	0.0155175	-1	-1	3
1016	0.602916	37.2857	47	0.793312	-0.012044	0.0170487	-1	-1	3
1017	0.602916	77.2238	47	1.64306	-0.0921577	0.015522	-1	-1	3
1018	0.602916	73.0955	47	1.55522	-0.0735179	0.0158	-1	-1	3
1019	0.602916	93.6719	47	1.99302	-0.0929927	0.0154862	-1	-1	3
1020	0.602916	61.1854	47	1.30182	-0.0340267	0.0166275	-1	-1	3
1021	0.602916	53.4817	47	1.13791	-0.112446	0.0150641	-1	-1	3
1022	0.602916	58.0437	47	1.23497	-0.116329	0.0149965	-1	-1	3
1023	0.602916	77.3995	47	1.6468	-0.122038	0.0148924	-1	-1	3
1024	0.602916	52.9724	47	1.12707	-0.038544	0.0164534	-1	-1	3
1025	0.602916	39.95	47	0.850001	-0.134786	0.0146572	-1	-1	3
1026	0.602916	39.0574	47	0.831008	-0.178325	0.0138039	-1	-1	3
1027	0.602916	46.3684	47	0.986562	-0.129599	0.0146589	-1	-1	3
1028	0.602916	95.966	47	2.04183	-0.18816	0.0136408	-1	-1	3
1029	0.602916	65.9129	47	1.4024	-0.18424	0.0137252	-1	-1	3
1030	0.602916	87.5144	47	1.86201	-0.232104	0.0128589	-1	-1	3
1031	0.602916	51.8455	47	1.1031	-0.226884	0.0129	-1	-1	3
1032	0.602916	49.1176	47	1.04505	-0.217347	0.0130856	-1	-1	3
1033	0.602916	47.2498	47	1.00531	-0.292598	0.0117252	-1	-1	3
1034	0.602916	61.0682	47	1.29932	0.443166	0.0278126	-1	-1	3
1035	0.602916	32.5961	47	0.693534	0.355918	0.025621	-1	-1	3
1036	0.602916	32.0818	47	0.682592	0.0958385	0.0194313	-1	-1	3
1037	0.602916	36.8811	47	0.784704	0.0547027	0.0184841	-1	-1	3
1038	0.602916	42.559	47	0.905511	0.0476036	0.0183481	-1	-1	3
1039	0.602916	60.327	47	1.28355	0.00663186	0.0174682	-1	-1	3
1040	0.602916	47.0952	47	1.00202	-0.00305492	0.0172764	-1	-1	3
1041	0.602916	51.5051	47	1.09585	-0.0264627	0.0167971	-1	-1	3
1042	0.602916	66.2893	47	1.41041	-0.0461797	0.016416	-1	-1	3
1043	0.602916	35.9746	47	0.765418	-0.0149553	0.0169845	-1	-1	3
1044	0.602916	53.2863	47	1.13375	-0.0692369	0.0159479	-1	-1	3
1045	0.602916	45.0946	47	0.95946	-0.0771334	0.015701	-1	-1	3
1046	0.602916	33.2918	47	0.708336	-0.0364588	0.0165458	-1	-1	3
1047	0.602916	37.7044	47	0.802221	-0.070712	0.0158815	-1	-1	3
1048	0.602916	56.7944	47	1.20839	-0.0990414	0.0153098	-1	-1	3
1049	0.602916	48.6418	47	1.03493	-0.0796673	0.0156771	-1	-1	3
1050	0.602916	52.0181	47	1.10677	-0.0962467	0.0153793	-1	-1	3
1051	0.602916	47.9634	47	1.0205	-0.118293	0.0149439	-1	-1	3
1052	0.602916	60.5425	47	1.28814	-0.137678	0.0145831	-1	-1	3
1053	0.602916	69.6207	47	1.48129	-0.153012	0.014289	-1	-1	3
1054	0.602916	79.5115	47	1.69173	-0.203671	0.0133287	-1	-1	3
1055	0.602916	44.8942	47	0.955196	-0.129631	0.0146814	-1	-1	3
1056	0.602916	59.4773	47	1.26548	-0.24439	0.0126255	-1	-1	3
1057	0.602916	99.6148	47	2.11946	-0.24186	0.0126905	-1	-1	3
1058	0.602916	45.0601	47	0.958726	0.326675	0.0248397	-1	-1	3
1059	0.602916	79.7236	47	1.69625	0.243958	0.0227398	-1	-1	3
1060	0.602916	52.5712	47	1.11854	0.157279	0.0207852	-1	-1	3
1061	0.602916	33.5024	47	0.712817	0.0449803	0.0182914	-1	-1	3
1062	0.602916	47.8483	47	1.01805	0.0126361	0.0175723	-1	-1	3
1063	0.602916	43.7269	47	0.93036	0.00838388	0.0174789	-1	-1	3
1064	0.602916	48.4728	47	1.03134	-0.0217239	0.0168876	-1	-1	3
1065	0.602916	49.9534	47	1.06284	-0.0587427	0.0161198	-1	-1	3
1066	0.602916	34.6478	47	0.737188	-0.0527727	0.0162541	-1	-1	3
1067	0.602916	61.9207	47	1.31746	-0.0953538	0.0154083	-1	-1	3
1068	0.602916	41.3166	47	0.879077	-0.0363554	0.0165329	-1	-1	3
1069	0.602916	73.1521	47	1.55643	-0.0661094	0.0159438	-1	-1	3
1070	0.602916	79.4338	47	1.69008	-0.12088	0.0149406	-1	-1	3
1071	0.602916	54.5409	47	1.16045	-0.0407044	0.0164567	-1	-1	3
1072	0.602916	34.1284	47	0.726137	-0.0755974	0.0157634	-1	-1	3
1073	0.602916	50.7498	47	1.07978	-0.0886802	0.0155211	-1	-1	3
1074	0.602916	42.718	47	0.908893	-0.122743	0.0148367	-1	-1	3
1075	0.602916	46.1029	47	0.980912	-0.138035	0.0145471	-1	-1	3
1076	0.602916	48.8539	47	1.03944	-0.140349	0.0145087	-1	-1	3
1077	0.602916	58.2391	47	1.23913	-0.176117	0.0138433	-1	-1	3
1078	0.602916	72.388	47	1.54017	-0.227198	0.0129178	-1	-1	3
1079	0.602916	76.1951	47	1.62117	-0.246969	0.0125403	-1	-1	3
1080	0.602916	34.1122	47	0.725791	0.116339	0.0198606	-1	-1	3
1081	0.602916	63.6779	47	1.35485	0.104041	0.0195147	-1	-1	3
1082	0.602916	51.6996	47	1.09999	0.0370645	0.0181628	-1	-1	3
1083	0.602916	39.299	47	0.836149	-0.0281334	0.0167911	-1	-1	3
1084	0.602916	48.5448	47	1.03287	0.0390564	0.0181196	-1	-1	3
1085	0.602916	45.4435	47	0.966882	0.0339459	0.0180337	-1	-1	3
1086	0.602916	51.9488	47	1.10529	-0.00541358	0.0172153	-1	-1	3
1087	0.602916	96.0148	47	2.04287	0.0468395	0.0182165	-1	-1	3
1088	0.602916	42.3324	47	0.900689	-0.0151772	0.0169782	-1	-1	3
1089	0.602916	63.8605	47	1.35873	0.0110281	0.0174994	-1	-1	3
1090	0.602916	57.0641	47	1.21413	-0.0382603	0.0164776	-1	-1	3
1091	0.602916	76.2102	47	1.62149	-0.106769	0.0151839	-1	-1	3
1092	0.602916	59.3473	47	1.26271	-0.130789	0.0147221	-1	-1	3
1093	0.602916	48.7058	47	1.03629	-0.0472904	0.0162797	-1	-1	3
1094	0.602916	44.1093	47	0.938496	-0.0708134	0.0158312	-1	-1	3
1095	0.602916	43.5955	47	0.927563	-0.087163	0.0155162	-1	-1	3
1096	0.602916	56.8212	47	1.20896	-0.0727632	0.0158049	-1	-1	3
1097	0.602916	40.2514	47	0.856413	-0.116932	0.0149532	-1	-1	3
1098	0.602916	40.2908	47	0.857252	-0.162624	0.0140818	-1	-1	3
1099	0.602916	59.8272	47	1.27292	-0.0894637	0.0154308	-1	-1	3
1100	0.602916	62.3724	47	1.32707	-0.145539	0.0144176	-1	-1	3
1101	0.602916	68.7687	47	1.46316	-0.204001	0.0133272	-1	-1	3
1102	0.602916	50.8365	47	1.08163	-0.259564	0.0123181	-1	-1	3
1103	0.602916	59.9951	47	1.27649	0.435317	0.0275363	-1	-1	3
1104	0.602916	39.832	47	0.84749	0.348645	0.0253854	-1	-1	3
1105	0.602916	61.0275	47	1.29846	0.301826	0.0241203	-1	-1	3
1106	0.602916	49.5846	47	1.05499	0.235248	0.0225757	-1	-1	3
1107	0.602916	35.0594	47	0.745945	0.130918	0.0201592	-1	-1	3
1108	0.602916	37.2885	47	0.793373	0.0506556	0.0184116	-1	-1	3
1109	0.602916	76.4442	47	1.62647	0.139757	0.020279	-1	-1	3
1110	0.602916	42.5333	47	0.904964	0.0292374	0.0179567	-1	-1	3
1111	0.602916	41.0401	47	0.873193	-0.00877216	0.0171448	-1	-1	3
1112	0.602916	42.8922	47	0.912601	0.0752648	0.0189009	-1	-1	3
1113	0.602916	58.1541	47	1.23732	0.0890207	0.0191801	-1	-1	3
1114	0.602916	53.5565	47	1.1395	0.0727188	0.0188411	-1	-1	3
1115	0.602916	54.3444	47	1.15626	0.0720204	0.0187964	-1	-1	3
1116	0.602916	58.5676	47	1.24612	0.050727	0.0183566	-1	-1	3
1117	0.602916	50.1443	47	1.0669	0.0505301	0.0183638	-1	-1	3
1118	0.602916	40.0282	47	0.851663	-0.00716836	0.0171344	-1	-1	3
1119	0.602916	43.2451	47	0.920109	-0.0356844	0.0165649	-1	-1	3
1120	0.602916	61.9772	47	1.31866	-0.0345369	0.0166153	-1	-1	3
1121	0.602916	46.2018	47	0.983016	-0.0512226	0.0162687	-1	-1	3
1122	0.602916	49.3932	47	1.05092	0.0363992	0.0180122	-1	-1	3
1123	0.602916	42.9623	47	0.914092	-0.0179262	0.0168732	-1	-1	3
1124	0.602916	29.2214	47	0.621731	-0.0593431	0.0160701	-1	-1	3
1125	0.602916	48.2399	47	1.02638	-0.0950164	0.0153781	-1	-1	3
1126	0.602916	61.487	47	1.30823	-0.108724	0.0151074	-1	-1	3
1127	0.602916	44.1726	47	0.939843	-0.116956	0.0149416	-1	-1	3
1128	0.602916	61.1692	47	1.30147	-0.142264	0.0144738	-1	-1	3
1129	0.602916	49.1667	47	1.0461	-0.140373	0.014495	-1	-1	3
1130	0.602916	46.0296	47	0.979353	-0.147637	0.0143594	-1	-1	3
1131	0.602916	52.2767	47	1.11227	-0.173064	0.013813	-1	-1	3
1132	0.602916	64.5819	47	1.37408	-0.260972	0.012288	-1	-1	3
1133	0.602916	89.6366	47	1.90716	0.326356	0.0246979	-1	-1	3
1134	0.602916	65.8115	47	1.40025	0.293299	0.0239352	-1	-1	3
1135	0.602916	49.401	47	1.05108	0.183116	0.0213192	-1	-1	3
1136	0.602916	51.2824	47	1.09112	0.111597	0.0197176	-1	-1	3
1137	0.602916	37.0016	47	0.787267	0.104264	0.0194857	-1	-1	3
1138	0.602916	50.5166	47	1.07482	0.0389428	0.0180728	-1	-1	3
1139	0.602916	44.6853	47	0.950752	0.0659559	0.0186728	-1	-1	3
1140	0.602916	56.2422	47	1.19664	0.0413111	0.0181458	-1	-1	3
1141	0.602916	39.7531	47	0.845811	0.0323098	0.0179935	-1	-1	3
1142	0.602916	41.0722	47	0.873876	0.0182669	0.0176774	-1	-1	3
1143	0.602916	41.0533	47	0.873475	0.00399857	0.0173615	-1	-1	3
1144	0.602916	108.897	47	2.31696	0.0449034	0.018146	-1	-1	3
1145	0.602916	47.9682	47	1.0206	-0.054447	0.0161888	-1	-1	3
1146	0.602916	56.6539	47	1.2054	0.0195745	0.0176222	-1	-1	3
1147	0.602916	53.7537	47	1.1437	-0.0712344	0.0158465	-1	-1	3
1148	0.602916	47.6735	47	1.01433	-0.0930356	0.0154091	-1	-1	3
1149	0.602916	42.8316	47	0.911311	-0.013543	0.0169757	-1	-1	3
1150	0.602916	56.6505	47	1.20533	-0.0741114	0.0158095	-1	-1	3
1151	0.602916	66.8	47	1.42128	-0.00674537	0.0170954	-1	-1	3
1152	0.602916	32.4856	47	0.691183	-0.060246	0.0160148	-1	-1	3
1153	0.602916	57.6234	47	1.22603	-0.102996	0.0152454	-1	-1	3
1154	0.602916	52.9065	47	1.12567	-0.0504622	0.0162147	-1	-1	3
1155	0.602916	39.4357	47	0.839057	-0.0887109	0.0154697	-1	-1	3
1156	0.602916	78.9924	47	1.68069	-0.126352	0.0147937	-1	-1	3
1157	0.602916	50.463	47	1.07368	-0.154997	0.0142152	-1	-1	3
1158	0.602916	60.7944	47	1.2935	-0.136052	0.0145118	-1	-1	3
1159	0.602916	40.2456	47	0.85629	-0.184619	0.0136333	-1	-1	3
1160	0.602916	76.9476	47	1.63718	-0.287184	0.0118118	-1	-1	3
1161	0.602916	34.9838	47	0.744336	0.396105	0.0265486	-1	-1	3
1162	0.602916	60.5832	47	1.289	0.200595	0.0216766	-1	-1	3
1163	0.602916	56.5164	47	1.20248	0.150644	0.0206481	-1	-1	3
1164	0.602916	80.9051	47	1.72138	0.172459	0.0210612	-1	-1	3
1165	0.602916	40.1791	47	0.854875	0.101534	0.0194848	-1	-1	3
1166	0.602916	51.4816	47	1.09535	0.107209	0.019544	-1	-1	3
1167	0.602916	60.3906	47	1.28491	0.0268827	0.0179037	-1	-1	3
1168	0.602916	69.7584	47	1.48422	0.0456231	0.018193	-1	-1	3
1169	0.602916	32.1395	47	0.683819	0.0449682	0.0182124	-1	-1	3
1170	0.602916	35.5693	47	0.756793	0.0315937	0.0179158	-1	-1	3
1171	0.602916	65.4696	47	1.39297	0.0253088	0.0177923	-1	-1	3
1172	0.602916	38.7526	47	0.824523	-0.0481438	0.0162898	-1	-1	3
1173	0.602916	47.3191	47	1.00679	-0.0374213	0.0165138	-1	-1	3
1174	0.602916	40.4803	47	0.861283	-0.00431336	0.0172088	-1	-1	3
1175	0.602916	39.6249	47	0.843083	-0.0817522	0.0156362	-1	-1	3
1176	0.602916	30.8892	47	0.657216	-0.0612953	0.0160096	-1	-1	3
1177	0.602916	95.701	47	2.03619	-0.168564	0.0140039	-1	-1	3
1178	0.602916	38.1345	47	0.811373	-0.102002	0.015195	-1	-1	3
1179	0.602916	52.9837	47	1.12731	-0.124295	0.0147521	-1	-1	3
1180	0.602916	47.0525	47	1.00112	-0.166395	0.0139783	-1	-1	3
1181	0.602916	75.4999	47	1.60638	-0.186949	0.0136104	-1	-1	3
1182	0.602916	51.6894	47	1.09977	-0.189243	0.0135767	-1	-1	3
1183	0.602916	42.7361	47	0.90928	-0.197897	0.0134167	-1	-1	3
1184	0.602916	65.5296	47	1.39425	0.456445	0.0280742	-1	-1	3
1185	0.602916	57.4014	47	1.22131	0.36404	0.0256561	-1	-1	3
1186	0.602916	40.1292	47	0.853812	0.264824	0.0233032	-1	-1	3
1187	0.602916	41.7136	47	0.887524	0.203978	0.0218252	-1	-1	3
1188	0.602916	91.705	47	1.95117	0.328997	0.0247085	-1	-1	3
1189	0.602916	46.1071	47	0.981001	0.132711	0.0202046	-1	-1	3
1190	0.602916	53.5194	47	1.13871	0.201347	0.0217283	-1	-1	3
1191	0.602916	48.8246	47	1.03882	0.0924618	0.0193233	-1	-1	3
1192	0.602916	58.7962	47	1.25098	0.178649	0.0212199	-1	-1	3
1193	0.602916	39.6102	47	0.842771	0.132924	0.0201619	-1	-1	3
1194	0.602916	32.8317	47	0.698547	0.0777436	0.0189343	-1	-1	3
1195	0.602916	76.9172	47	1.63654	0.144402	0.0203332	-1	-1	3
1196	0.602916	45.2069	47	0.961849	0.0449548	0.0182297	-1	-1	3
1197	0.602916	47.7401	47	1.01575	0.127932	0.0200143	-1	-1	3
1198	0.602916	40.62	47	0.864256	0.0669514	0.0186891	-1	-1	3
1199	0.602916	39.7954	47	0.846712	-0.0304985	0.0166954	-1	-1	3
1200	0.602916	44.8619	47	0.954508	0.0322467	0.0179644	-1	-1	3
1201	0.602916	51.7821	47	1.10175	-0.0123186	0.0169934	-1	-1	3
1202	0.602916	44.9253	47	0.955858	-0.0138547	0.0169991	-1	-1	3
1203	0.602916	94.9457	47	2.02012	0.05813	0.0183946	-1	-1	3
1204	0.602916	53.128	47	1.13038	-0.048961	0.0162905	-1	-1	3
1205	0.602916	55.094	47	1.17221	-0.0489361	0.0163023	-1	-1	3
1206	0.602916	87.3794	47	1.85914	-0.0112874	0.0169359	-1	-1	3
1207	0.602916	92.1683	47	1.96103	-0.0711517	0.0158541	-1	-1	3
1208	0.602916	45.7277	47	0.97293	-0.0729322	0.0158187	-1	-1	3
1209	0.602916	47.2825	47	1.00601	-0.0694954	0.0158188	-1	-1	3
1210	0.602916	30.8167	47	0.655675	-0.0567906	0.0160545	-1	-1	3
1211	0.602916	75.3967	47	1.60418	-0.185068	0.0136706	-1	-1	3
1212	0.602916	61.5466	47	1.3095	-0.120053	0.0148404	-1	-1	3
1213	0.602916	57.8135	47	1.23007	-0.146339	0.0143742	-1	-1	3
1214	0.602916	66.2708	47	1.41002	-0.266283	0.0121524	-1	-1	3
1215	0.602916	42.8332	47	0.911344	0.245444	0.0227852	-1	-1	3
1216	0.602916	51.2185	47	1.08976	0.203368	0.0218152	-1	-1	3
1217	0.602916	58.2089	47	1.23849	0.17507	0.0211702	-1	-1	3
1218	0.602916	58.404	47	1.24264	0.26063	0.0231009	-1	-1	3
1219	0.602916	60.1975	47	1.2808	0.228341	0.0223282	-1	-1	3
1220	0.602916	83.5809	47	1.77832	0.180988	0.0211819	-1	-1	3
1221	0.602916	45.3204	47	0.964264	0.15665	0.0206515	-1	-1	3
1222	0.602916	51.1026	47	1.08729	0.169848	0.0209653	-1	-1	3
1223	0.602916	56.5949	47	1.20415	0.153185	0.0206092	-1	-1	3
1224	0.602916	33.2535	47	0.707521	0.144835	0.0204225	-1	-1	3
1225	0.602916	44.9996	47	0.957439	0.100482	0.0194327	-1	-1	3
1226	0.602916	49.5864	47	1.05503	0.047522	0.018287	-1	-1	3
1227	0.602916	61.6686	47	1.3121	0.115274	0.0196984	-1	-1	3
1228	0.602916	58.3038	47	1.24051	0.084867	0.0190232	-1	-1	3
1229	0.602916	57.1976	47	1.21697	0.0833996	0.018995	-1	-1	3
1230	0.602916	53.4937	47	1.13816	0.0719084	0.0187767	-1	-1	3
1231	0.602916	51.2337	47	1.09008	-0.0411053	0.016484	-1	-1	3
1232	0.602916	50.5508	47	1.07555	0.00300779	0.0172968	-1	-1	3
1233	0.602916	51.5507	47	1.09682	0.0248986	0.017775	-1	-1	3
1234	0.602916	53.7783	47	1.14422	0.0116477	0.0174807	-1	-1	3
1235	0.602916	42.9189	47	0.913168	-0.0297622	0.0166556	-1	-1	3
1236	0.602916	46.5273	47	0.989944	-0.0339727	0.0165979	-1	-1	3
1237	0.602916	47.6459	47	1.01374	-0.0674987	0.0159114	-1	-1	3
1238	0.602916	69.1509	47	1.4713	-0.0886241	0.0155022	-1	-1	3
1239	0.602916	58.3814	47	1.24216	-0.225273	0.0128988	-1	-1	3
1240	0.602916	47.8573	47	1.01824	-0.151408	0.0141999	-1	-1	3
1241	0.602916	45.2842	47	0.963494	-0.266051	0.0121632	-1	-1	3
1242	0.602916	119.287	47	2.53801	-0.347266	0.0108103	-1	-1	3
1243	0.602916	41.4263	47	0.88141	0.403642	0.0267039	-1	-1	3
1244	0.602916	46.8673	47	0.997177	0.321615	0.024619	-1	-1	3
1245	0.602916	55.316	47	1.17694	0.236494	0.0225524	-1	-1	3
1246	0.602916	77.7767	47	1.65482	0.276605	0.0234625	-1	-1	3
1247	0.602916	47.7934	47	1.01688	0.171417	0.020997	-1	-1	3
1248	0.602916	45.157	47	0.960787	0.168307	0.0209137	-1	-1	3
1249	0.602916	63.3694	47	1.34829	0.147967	0.0204261	-1	-1	3
1250	0.602916	57.2697	47	1.2185	0.154589	0.0206223	-1	-1	3
1251	0.602916	46.939	47	0.998703	0.139031	0.0203043	-1	-1	3
1252	0.602916	39.7803	47	0.846389	0.102134	0.0194586	-1	-1	3
1253	0.602916	39.1553	47	0.833091	0.0577124	0.0184991	-1	-1	3
1254	0.602916	49.0816	47	1.04429	0.0591347	0.0185253	-1	-1	3
1255	0.602916	53.6022	47	1.14047	0.046385	0.0182649	-1	-1	3
1256	0.602916	42.1607	47	0.897036	0.0255499	0.0178382	-1	-1	3
1257	0.602916	68.3483	47	1.45422	0.0876778	0.0190798	-1	-1	3
1258	0.602916	52.2272	47	1.11122	0.0377949	0.0181139	-1	-1	3
1259	0.602916	45.346	47	0.964809	0.0228217	0.0177624	-1	-1	3
1260	0.602916	68.0997	47	1.44893	0.0580248	0.0184582	-1	-1	3
1261	0.602916	38.3779	47	0.81655	0.0166686	0.0176014	-1	-1	3
1262	0.602916	62.9292	47	1.33892	-0.000308718	0.0172167	-1	-1	3
1263	0.602916	45.1025	47	0.959628	0.00930357	0.0174386	-1	-1	3
1264	0.602916	43.2122	47	0.919409	-0.0648103	0.0159179	-1	-1	3
1265	0.602916	41.1895	47	0.876372	-0.035775	0.0165111	-1	-1	3
1266	0.602916	45.4872	47	0.967812	-0.0380296	0.0164873	-1	-1	3
1267	0.602916	86.833	47	1.84751	-0.00748437	0.0170332	-1	-1	3
1268	0.602916	64.2385	47	1.36678	-0.0872433	0.0154878	-1	-1	3
1269	0.602916	43.5759	47	0.927147	-0.110798	0.0150342	-1	-1	3
1270	0.602916	54.8581	47	1.16719	-0.168504	0.0139347	-1	-1	3
1271	0.602916	49.1748	47	1.04627	0.832523	0.038974	-1	-1	3
1272	0.602916	30.6199	47	0.651486	0.238925	0.0226383	-1	-1	3
1273	0.602916	47.4652	47	1.0099	0.183962	0.021346	-1	-1	3
1274	0.602916	57.3254	47	1.21969	0.272254	0.023365	-1	-1	3
1275	0.602916	78.862	47	1.67792	0.26114	0.0230908	-1	-1	3
1276	0.602916	64.1375	47	1.36463	0.233617	0.0224532	-1	-1	3
1277	0.602916	45.7122	47	0.972601	0.107929	0.0196502	-1	-1	3
1278	0.602916	57.7497	47	1.22872	0.225987	0.022244	-1	-1	3
1279	0.602916	56.9668	47	1.21206	0.155102	0.0206211	-1	-1	3
1280	0.602916	72.8195	47	1.54935	0.218123	0.0220968	-1	-1	3
1281	0.602916	70.4029	47	1.49793	0.175385	0.0210563	-1	-1	3
1282	0.602916	56.3872	47	1.19973	0.127239	0.0200152	-1	-1	3
1283	0.602916	35.1143	47	0.747114	0.108379	0.0195903	-1	-1	3
1284	0.602916	26.919	47	0.572744	0.053857	0.0184241	-1	-1	3
1285	0.602916	66.099	47	1.40636	0.126983	0.0199713	-1	-1	3
1286	0.602916	59.8271	47	1.27292	0.0448136	0.0181657	-1	-1	3
1287	0.602916	77.4127	47	1.64708	-0.040564	0.0164695	-1	-1	3
1288	0.602916	42.0665	47	0.895032	-0.0239083	0.0167668	-1	-1	3
1289	0.602916	34.4122	47	0.732174	-0.0348986	0.0165339	-1	-1	3
1290	0.602916	37.5144	47	0.798179	-0.0486942	0.016256	-1	-1	3
1291	0.602916	50.3493	47	1.07126	-0.134418	0.0145617	-1	-1	3
1292	0.602916	38.7996	47	0.825524	-0.144472	0.0143715	-1	-1	3
1293	0.602916	36.5165	47	0.776948	-0.232202	0.0127488	-1	-1	3
1294	0.602916	48.4627	47	1.03112	-0.187995	0.0135101	-1	-1	3
1295	0.602916	56.7723	47	1.20792	0.598945	0.0319632	-1	-1	3
1296	0.602916	46.3432	47	0.986026	0.390607	0.0264036	-1	-1	3
1297	0.602916	63.4884	47	1.35082	0.444301	0.0276978	-1	-1	3
1298	0.602916	104.054	47	2.21391	0.43129	0.0273509	-1	-1	3
1299	0.602916	51.8466	47	1.10312	0.301212	0.0241325	-1	-1	3
1300	0.602916	86.3288	47	1.83678	0.314644	0.0243557	-1	-1	3
1301	0.602916	54.1725	47	1.15261	0.135926	0.020247	-1	-1	3
1302	0.602916	69.4984	47	1.47869	0.246008	0.0227027	-1	-1	3
1303	0.602916	57.8482	47	1.23081	0.193906	0.0215061	-1	-1	3
1304	0.602916	60.87	47	1.29511	0.0845763	0.0191337	-1	-1	3
1305	0.602916	61.4881	47	1.30826	0.192855	0.0214885	-1	-1	3
1306	0.602916	59.2598	47	1.26085	0.152432	0.0205863	-1	-1	3
1307	0.602916	43.2321	47	0.919832	0.0956218	0.0192938	-1	-1	3
1308	0.602916	29.7318	47	0.63259	0.113881	0.0197057	-1	-1	3
1309	0.602916	50.0107	47	1.06406	0.0517801	0.0183699	-1	-1	3
1310	0.602916	72.6217	47	1.54514	0.0534164	0.0184327	-1	-1	3
1311	0.602916	60.3524	47	1.28409	0.0616139	0.0185175	-1	-1	3
1312	0.602916	67.3159	47	1.43225	0.0735132	0.0187704	-1	-1	3
1313	0.602916	45.8662	47	0.975877	0.0210631	0.0176552	-1	-1	3
1314	0.602916	50.5355	47	1.07522	0.0230472	0.0177006	-1	-1	3
1315	0.602916	45.0155	47	0.957776	-0.000285495	0.0172197	-1	-1	3
1316	0.602916	43.4093	47	0.923602	-0.0202985	0.0168477	-1	-1	3
1317	0.602916	47.3873	47	1.00824	-0.0597214	0.0160304	-1	-1	3
1318	0.602916	41.574	47	0.884553	-0.0513074	0.0162097	-1	-1	3
1319	0.602916	71.6022	47	1.52345	-0.0381967	0.0164134	-1	-1	3
1320	0.602916	73.2888	47	1.55934	-0.217182	0.0130412	-1	-1	3
1321	0.602916	56.0764	47	1.19312	-0.24304	0.0125462	-1	-1	3
1322	0.602916	44.5982	47	0.948899	-0.306135	0.0114547	-1	-1	3
1323	0.602916	84.5743	47	1.79945	0.468544	0.028344	-1	-1	3
1324	0.602916	100.791	47	2.14449	0.534266	0.0300699	-1	-1	3
1325	0.602916	87.4543	47	1.86073	0.470141	0.0283542	-1	-1	3
1326	0.602916	60.5744	47	1.28882	0.454871	0.027975	-1	-1	3
1327	0.602916	56.1306	47	1.19427	0.317788	0.0245326	-1	-1	3
1328	0.602916	37.052	47	0.788341	0.26106	0.0231511	-1	-1	3
1329	0.602916	56.7255	47	1.20693	0.221289	0.0221805	-1	-1	3
1330	0.602916	51.2618	47	1.09068	0.188262	0.0214501	-1	-1	3
1331	0.602916	45.5735	47	0.969648	0.117109	0.019821	-1	-1	3
1332	0.602916	69.1398	47	1.47106	0.237641	0.0225144	-1	-1	3
1333	0.602916	43.4344	47	0.924136	0.144256	0.0204481	-1	-1	3
1334	0.602916	74.763	47	1.5907	0.188886	0.0213682	-1	-1	3
1335	0.602916	46.4348	47	0.987975	0.159808	0.0207038	-1	-1	3
1336	0.602916	44.9653	47	0.956709	0.0991003	0.0193926	-1	-1	3
1337	0.602916	39.4102	47	0.838514	0.0988617	0.0193684	-1	-1	3
1338	0.602916	101.609	47	2.16188	0.180004	0.0210927	-1	-1	3
1339	0.602916	56.5019	47	1.20217	0.0798278	0.0188787	-1	-1	3
1340	0.602916	44.8771	47	0.954832	-0.0540842	0.016143	-1	-1	3
1341	0.602916	47.1225	47	1.00261	-0.0347025	0.0165421	-1	-1	3
1342	0.602916	35.0511	47	0.745768	-0.0709395	0.0158051	-1	-1	3
1343	0.602916	53.1917	47	1.13174	-0.109273	0.0150026	-1	-1	3
1344	0.602916	36.4037	47	0.774546	-0.102119	0.0151599	-1	-1	3
1345	0.602916	37.6587	47	0.80125	-0.193423	0.013436	-1	-1	3
1346	0.602916	105.156	47	2.23735	0.482059	0.0286729	-1	-1	3
1347	0.602916	38.1465	47	0.811627	0.297663	0.0240484	-1	-1	3
1348	0.602916	46.7626	47	0.994948	0.270065	0.0233685	-1	-1	3
1349	0.602916	44.532	47	0.947489	0.241491	0.0226692	-1	-1	3
1350	0.602916	36.3422	47	0.773238	0.211324	0.0219525	-1	-1	3
1351	0.602916	89.2011	47	1.8979	0.279509	0.0234909	-1	-1	3
1352	0.602916	61.4323	47	1.30707	0.25377	0.022889	-1	-1	3
1353	0.602916	51.4796	47	1.09531	0.12369	0.0200081	-1	-1	3
1354	0.602916	74.8172	47	1.59186	0.186242	0.021317	-1	-1	3
1355	0.602916	56.9127	47	1.21091	0.167942	0.0209219	-1	-1	3
1356	0.602916	73.9544	47	1.5735	0.138814	0.0202421	-1	-1	3
1357	0.602916	62.7627	47	1.33538	0.0855244	0.0190525	-1	-1	3
1358	0.602916	69.1591	47	1.47147	0.099737	0.0193711	-1	-1	3
1359	0.602916	65.1658	47	1.38651	0.063359	0.0185927	-1	-1	3
1360	0.602916	110.048	47	2.34144	0.171126	0.0208857	-1	-1	3
1361	0.602916	41.809	47	0.889553	0.0385816	0.0180793	-1	-1	3
1362	0.602916	75.9722	47	1.61643	0.0842303	0.0189683	-1	-1	3
1363	0.602916	68.2848	47	1.45287	0.0941096	0.0192111	-1	-1	3
1364	0.602916	58.4206	47	1.24299	0.0299703	0.0179248	-1	-1	3
1365	0.602916	55.8292	47	1.18786	0.047626	0.0182302	-1	-1	3
1366	0.602916	71.8393	47	1.5285	-0.0124657	0.0169457	-1	-1	3
1367	0.602916	56.8634	47	1.20986	-0.0398767	0.0164119	-1	-1	3
1368	0.602916	49.4026	47	1.05112	-0.0506692	0.0161789	-1	-1	3
1369	0.602916	45.2348	47	0.962443	-0.0612546	0.0159875	-1	-1	3
1370	0.602916	55.546	47	1.18183	-0.0491855	0.016182	-1	-1	3
1371	0.602916	46.4249	47	0.987765	-0.0941288	0.0153084	-1	-1	3
1372	0.602916	44.1005	47	0.938308	-0.19357	0.0134462	-1	-1	3
1373	0.602916	62.5684	47	1.33124	-0.262434	0.0122162	-1	-1	3
1374	0.602916	58.406	47	1.24268	0.517721	0.0297471	-1	-1	3
1375	0.602916	38.668	47	0.822724	0.28046	0.0236165	-1	-1	3
1376	0.602916	51.2236	47	1.08986	0.267539	0.0232814	-1	-1	3
1377	0.602916	74.1076	47	1.57676	0.242841	0.0226713	-1	-1	3
1378	0.602916	51.0846	47	1.08691	0.163628	0.0208476	-1	-1	3
1379	0.602916	44.4448	47	0.945634	0.209403	0.0218684	-1	-1	3
1380	0.602916	53.1372	47	1.13058	0.223558	0.0221928	-1	-1	3
1381	0.602916	68.3588	47	1.45444	0.0983305	0.0194322	-1	-1	3
1382	0.602916	86.8127	47	1.84708	0.142374	0.0202876	-1	-1	3
1383	0.602916	78.6133	47	1.67262	0.12359	0.019904	-1	-1	3
1384	0.602916	41.8641	47	0.890725	0.111426	0.0196508	-1	-1	3
1385	0.602916	81.5412	47	1.73492	0.140092	0.0202097	-1	-1	3
1386	0.602916	62.8281	47	1.33677	0.0326234	0.0179719	-1	-1	3
1387	0.602916	51.8804	47	1.10384	-0.00806523	0.0171143	-1	-1	3
1388	0.602916	70.3036	47	1.49582	-0.0270669	0.0166772	-1	-1	3
1389	0.602916	62.5687	47	1.33125	-0.0725175	0.0157726	-1	-1	3
1390	0.602916	35.7982	47	0.761663	-0.123738	0.0147616	-1	-1	3
1391	0.602916	43.7393	47	0.930624	-0.139575	0.0144499	-1	-1	3
1392	0.602916	55.9729	47	1.19091	-0.184813	0.0136205	-1	-1	3
1393	0.602916	83.5654	47	1.77799	0.433752	0.027468	-1	-1	3
1394	0.602916	100.385	47	2.13584	0.557459	0.0307373	-1	-1	3
1395	0.602916	87.5962	47	1.86375	0.369194	0.0257583	-1	-1	3
1396	0.602916	69.9245	47	1.48775	0.341343	0.0250763	-1	-1	3
1397	0.602916	61.6756	47	1.31225	0.327574	0.024762	-1	-1	3
1398	0.602916	50.274	47	1.06966	0.256386	0.0230222	-1	-1	3
1399	0.602916	112.688	47	2.39761	0.266341	0.023144	-1	-1	3
1400	0.602916	84.4838	47	1.79753	0.191389	0.0214131	-1	-1	3
1401	0.602916	31.8643	47	0.677964	0.0953295	0.0193555	-1	-1	3
1402	0.602916	50.8263	47	1.08141	0.0851766	0.0191402	-1	-1	3
1403	0.602916	72.3271	47	1.53887	0.159802	0.0207072	-1	-1	3
1404	0.602916	53.5606	47	1.13959	0.0762253	0.0189547	-1	-1	3
1405	0.602916	37.6365	47	0.800776	0.0300273	0.0179643	-1	-1	3
1406	0.602916	122.775	47	2.61223	0.24339	0.0225499	-1	-1	3
1407	0.602916	76.4868	47	1.62738	0.114352	0.0196888	-1	-1	3
1408	0.602916	51.7311	47	1.10066	0.0973842	0.0193452	-1	-1	3
1409	0.602916	49.0559	47	1.04374	0.0787228	0.0189614	-1	-1	3
1410	0.602916	45.2715	47	0.963222	0.0611315	0.0185569	-1	-1	3
1411	0.602916	55.1018	47	1.17238	0.014213	0.0175679	-1	-1	3
1412	0.602916	53.7054	47	1.14267	0.0437172	0.0181537	-1	-1	3
1413	0.602916	84.7372	47	1.80292	0.0207678	0.0176359	-1	-1	3
1414	0.602916	54.9006	47	1.1681	-0.094135	0.0154076	-1	-1	3
1415	0.602916	65.6854	47	1.39756	-0.0405013	0.0163984	-1	-1	3
1416	0.602916	53.8301	47	1.14532	-0.180812	0.0136806	-1	-1	3
1417	0.602916	56.5317	47	1.2028	-0.206359	0.0132415	-1	-1	3
1418	0.602916	122.122	47	2.59834	0.6359	0.0329501	-1	-1	3
1419	0.602916	177.29	47	3.77212	0.627244	0.0326373	-1	-1	3
1420	0.602916	59.8897	47	1.27425	0.406102	0.0267917	-1	-1	3
1421	0.602916	51.063	47	1.08645	0.238235	0.0226516	-1	-1	3
1422	0.602916	50.7937	47	1.08072	0.325834	0.0247114	-1	-1	3
1423	0.602916	61.0517	47	1.29897	0.245225	0.0227654	-1	-1	3
1424	0.602916	47.1742	47	1.00371	0.179629	0.0212491	-1	-1	3
1425	0.602916	76.2762	47	1.6229	0.293185	0.0238569	-1	-1	3
1426	0.602916	96.0502	47	2.04362	0.275089	0.0233857	-1	-1	3
1427	0.602916	47.0299	47	1.00064	0.147979	0.0205182	-1	-1	3
1428	0.602916	75.3597	47	1.6034	0.256491	0.0229663	-1	-1	3
1429	0.602916	68.8026	47	1.46388	0.214559	0.0219592	-1	-1	3
1430	0.602916	73.6256	47	1.5665	0.158196	0.020669	-1	-1	3
1431	0.602916	64.753	47	1.37772	0.096278	0.0192899	-1	-1	3
1432	0.602916	69.0144	47	1.46839	0.0749967	0.018879	-1	-1	3
1433	0.602916	49.7745	47	1.05903	0.00674241	0.0174207	-1	-1	3
1434	0.602916	45.2449	47	0.962658	-0.0215851	0.0168537	-1	-1	3
1435	0.602916	45.2891	47	0.963597	-0.013072	0.0169732	-1	-1	3
1436	0.602916	44.2786	47	0.942098	-0.0795653	0.0156259	-1	-1	3
1437	0.602916	38.8554	47	0.82671	-0.0610537	0.0159874	-1	-1	3
1438	0.602916	105.306	47	2.24054	0.838611	0.0391092	-1	-1	3
1439	0.602916	99.3157	47	2.1131	0.784141	0.0374777	-1	-1	3
1440	0.602916	120.735	47	2.56883	0.620392	0.0325625	-1	-1	3
1441	0.602916	62.1767	47	1.32291	0.54385	0.0304806	-1	-1	3
1442	0.602916	136.056	47	2.8948	0.531665	0.0300213	-1	-1	3
1443	0.602916	62.081	47	1.32087	0.360815	0.0256515	-1	-1	3
1444	0.602916	99.2041	47	2.11073	0.409237	0.0267719	-1	-1	3
1445	0.602916	103.226	47	2.19631	0.383335	0.0261111	-1	-1	3
1446	0.602916	63.6553	47	1.35437	0.192757	0.0215745	-1	-1	3
1447	0.602916	104.967	47	2.23333	0.345667	0.0251739	-1	-1	3
1448	0.602916	60.8483	47	1.29464	0.275768	0.023494	-1	-1	3
1449	0.602916	69.9162	47	1.48758	0.283815	0.0237206	-1	-1	3
1450	0.602916	63.7458	47	1.35629	0.154376	0.0206705	-1	-1	3
1451	0.602916	71.2813	47	1.51662	0.142671	0.0204043	-1	-1	3
1452	0.602916	138.312	47	2.94281	0.213903	0.0219049	-1	-1	3
1453	0.602916	40.9503	47	0.871283	0.083442	0.0191191	-1	-1	3
1454	0.602916	37.9496	47	0.807438	0.0717668	0.0188594	-1	-1	3
1455	0.602916	72.2166	47	1.53652	0.160239	0.0207497	-1	-1	3
1456	0.602916	66.3919	47	1.41259	0.162916	0.0208017	-1	-1	3
1457	0.602916	56.8399	47	1.20936	0.126176	0.0200143	-1	-1	3
1458	0.602916	43.1686	47	0.918481	0.0766118	0.0189134	-1	-1	3
1459	0.602916	61.3283	47	1.30486	0.0942977	0.0192965	-1	-1	3
1460	0.602916	42.4946	47	0.904141	0.0865254	0.0191486	-1	-1	3
1461	0.602916	44.5996	47	0.948928	0.00463103	0.0173735	-1	-1	3
1462	0.602916	48.8605	47	1.03959	0.00667721	0.0174556	-1	-1	3
1463	0.602916	48.8199	47	1.03872	-0.0440679	0.0163494	-1	-1	3
1464	0.602916	54.8885	47	1.16784	-0.23039	0.0127882	-1	-1	3
1465	0.602916	73.1503	47	1.55639	0.681616	0.0344548	-1	-1	3
1466	0.602916	70.6467	47	1.50312	0.57317	0.0313525	-1	-1	3
1467	0.602916	101.726	47	2.16437	0.59316	0.0318164	-1	-1	3
1468	0.602916	75.2214	47	1.60046	0.482785	0.0288179	-1	-1	3
1469	0.602916	70.3868	47	1.49759	0.473988	0.0286077	-1	-1	3
1470	0.602916	70.3421	47	1.49664	0.318998	0.024564	-1	-1	3
1471	0.602916	100.752	47	2.14366	0.478227	0.0285983	-1	-1	3
1472	0.602916	50.4802	47	1.07405	0.306641	0.0242875	-1	-1	3
1473	0.602916	75.6217	47	1.60897	0.431784	0.0274129	-1	-1	3
1474	0.602916	105.596	47	2.24671	0.255609	0.0229837	-1	-1	3
1475	0.602916	64.5206	47	1.37278	0.185334	0.0213686	-1	-1	3
1476	0.602916	31.4037	47	0.668163	0.130198	0.0201536	-1	-1	3
1477	0.602916	114.599	47	2.43828	0.249378	0.0227753	-1	-1	3
1478	0.602916	44.9883	47	0.957199	0.101277	0.0195075	-1	-1	3
1479	0.602916	88.6045	47	1.8852	0.193901	0.0215098	-1	-1	3
1480	0.602916	57.2518	47	1.21812	0.0362373	0.0180346	-1	-1	3
1481	0.602916	48.6176	47	1.03442	0.0743931	0.0188676	-1	-1	3
1482	0.602916	115.018	47	2.44718	0.132287	0.020033	-1	-1	3
1483	0.602916	39.7481	47	0.845703	-0.0411303	0.0164776	-1	-1	3
1484	0.602916	58.1729	47	1.23772	-0.0645508	0.015954	-1	-1	3
1485	0.602916	131.355	47	2.79479	0.79014	0.0376113	-1	-1	3
1486	0.602916	42.2277	47	0.898463	0.489559	0.0291257	-1	-1	3
1487	0.602916	69.1806	47	1.47193	0.594653	0.0319193	-1	-1	3
1488	0.602916	75.3182	47	1.60252	0.438956	0.0276754	-1	-1	3
1489	0.602916	85.4076	47	1.81718	0.461719	0.0282723	-1	-1	3
1490	0.602916	81.9936	47	1.74454	0.403186	0.0267554	-1	-1	3
1491	0.602916	72.5717	47	1.54408	0.384096	0.0262592	-1	-1	3
1492	0.602916	89.5079	47	1.90442	0.3432	0.0252072	-1	-1	3
1493	0.602916	51.9012	47	1.10428	0.283312	0.0237719	-1	-1	3
1494	0.602916	95.8166	47	2.03865	0.335315	0.024962	-1	-1	3
1495	0.602916	95.8249	47	2.03883	0.303899	0.0241832	-1	-1	3
1496	0.602916	48.779	47	1.03785	0.270175	0.0233878	-1	-1	3
1497	0.602916	86.2506	47	1.83512	0.25337	0.0229602	-1	-1	3
1498	0.602916	76.9019	47	1.63621	0.225675	0.0223461	-1	-1	3
1499	0.602916	134.403	47	2.85965	0.301345	0.0240391	-1	-1	3
1500	0.602916	106.582	47	2.2677	0.281549	0.0235902	-1	-1	3
1501	0.602916	97.6708	47	2.0781	0.206164	0.0217936	-1	-1	3
1502	0.602916	43.3761	47	0.922896	0.140297	0.0203825	-1	-1	3
1503	0.602916	87.4615	47	1.86088	0.2317	0.0224103	-1	-1	3
1504	0.602916	52.3928	47	1.11474	0.0943683	0.0193047	-1	-1	3
1505	0.602916	37.1964	47	0.791414	0.0677191	0.0187348	-1	-1	3
1506	0.602916	37.0062	47	0.787365	0.00935002	0.0175016	-1	-1	3
1507	0.602916	81.9822	47	1.7443	0.038188	0.0180554	-1	-1	3
1508	0.602916	50.9852	47	1.08479	-0.0141319	0.0169544	-1	-1	3
1509	0.602916	56.369	47	1.19934	-0.0903174	0.0154479	-1	-1	3
1510	0.602916	107.43	47	2.28575	0.867697	0.0401361	-1	-1	3
1511	0.602916	82.5979	47	1.7574	0.507235	0.0294991	-1	-1	3
1512	0.602916	81.9644	47	1.74392	0.425019	0.0273161	-1	-1	3
1513	0.602916	54.0007	47	1.14895	0.333086	0.0250125	-1	-1	3
1514	0.602916	103.161	47	2.19492	0.457704	0.0281411	-1	-1	3
1515	0.602916	137.673	47	2.9292	0.355026	0.0254321	-1	-1	3
1516	0.602916	58.8342	47	1.25179	0.245345	0.0228828	-1	-1	3
1517	0.602916	76.1087	47	1.61933	0.324396	0.0247126	-1	-1	3
1518	0.602916	85.5418	47	1.82004	0.200452	0.0217242	-1	-1	3
1519	0.602916	67.7334	47	1.44114	0.177149	0.0212114	-1	-1	3
1520	0.602916	86.0059	47	1.82991	0.217264	0.022083	-1	-1	3
1521	0.602916	47.9538	47	1.02029	0.0902831	0.0192447	-1	-1	3
1522	0.602916	49.7392	47	1.05828	-0.0189595	0.016906	-1	-1	3
1523	0.602916	73.0139	47	1.55349	0.0291426	0.0178611	-1	-1	3
1524	0.602916	46.0129	47	0.978997	-0.059313	0.0160684	-1	-1	3
1525	0.602916	64.0638	47	1.36306	0.563877	0.0313027	-1	-1	3
1526	0.602916	35.0426	47	0.745586	0.492606	0.0292798	-1	-1	3
1527	0.602916	110.699	47	2.35529	0.463427	0.0283818	-1	-1	3
1528	0.602916	105.542	47	2.24557	0.510781	0.0296326	-1	-1	3
1529	0.602916	84.7989	47	1.80423	0.431378	0.0275377	-1	-1	3
1530	0.602916	51.8581	47	1.10336	0.313178	0.0245506	-1	-1	3
1531	0.602916	122.209	47	2.6002	0.394606	0.0265081	-1	-1	3
1532	0.602916	126.205	47	2.68522	0.336136	0.0250269	-1	-1	3
1533	0.602916	47.576	47	1.01225	0.193448	0.0217251	-1	-1	3
1534	0.602916	108.656	47	2.31183	0.311536	0.0244208	-1	-1	3
1535	0.602916	87.4234	47	1.86007	0.215605	0.0221375	-1	-1	3
1536	0.602916	53.2402	47	1.13277	0.141657	0.0204465	-1	-1	3
1537	0.602916	67.3837	47	1.4337	0.116916	0.0198398	-1	-1	3
1538	0.602916	80.401	47	1.71066	0.0863677	0.0191525	-1	-1	3
1539	0.602916	77.7946	47	1.65521	0.0777936	0.0189912	-1	-1	3
1540	0.602916	63.9026	47	1.35963	-0.0604356	0.0160788	-1	-1	3
1541	0.602916	53.7448	47	1.14351	-0.128659	0.0146965	-1	-1	3
1542	0.602916	94.2549	47	2.00542	0.778472	0.0374864	-1	-1	3
1543	0.602916	79.2175	47	1.68548	0.738704	0.0363034	-1	-1	3
1544	0.602916	108.345	47	2.30521	0.512068	0.0296936	-1	-1	3
1545	0.602916	108.46	47	2.30766	0.461447	0.028353	-1	-1	3
1546	0.602916	134.843	47	2.86901	0.506797	0.0295008	-1	-1	3
1547	0.602916	104.895	47	2.23182	0.399583	0.0266657	-1	-1	3
1548	0.602916	64.9451	47	1.38181	0.212717	0.0221602	-1	-1	3
1549	0.602916	110.559	47	2.35233	0.399039	0.0266791	-1	-1	3
1550	0.602916	89.9739	47	1.91434	0.250942	0.0230144	-1	-1	3
1551	0.602916	88.7646	47	1.88861	0.187208	0.0214994	-1	-1	3
1552	0.602916	61.6013	47	1.31067	0.163916	0.0209676	-1	-1	3
1553	0.602916	50.581	47	1.07619	0.107406	0.0197345	-1	-1	3
1554	0.602916	61.8024	47	1.31494	0.141724	0.0204291	-1	-1	3
1555	0.602916	63.2084	47	1.34486	0.0372318	0.0181466	-1	-1	3
1556	0.602916	63.5498	47	1.35212	0.0335796	0.0180944	-1	-1	3
1557	0.602916	116.939	47	2.48806	0.713389	0.0355862	-1	-1	3
1558	0.602916	84.008	47	1.7874	0.69895	0.0352346	-1	-1	3
1559	0.602916	122.809	47	2.61295	0.70348	0.0352429	-1	-1	3
1560	0.602916	79.0681	47	1.6823	0.65506	0.0338934	-1	-1	3
1561	0.602916	59.6641	47	1.26945	0.407077	0.027071	-1	-1	3
1562	0.602916	87.1517	47	1.85429	0.561783	0.0311885	-1	-1	3
1563	0.602916	65.2184	47	1.38763	0.451008	0.0281738	-1	-1	3
1564	0.602916	45.4275	47	0.966544	0.225088	0.0225039	-1	-1	3
1565	0.602916	46.6826	47	0.993247	0.189001	0.0216914	-1	-1	3
1566	0.602916	112.381	47	2.39109	0.237347	0.02273	-1	-1	3
1567	0.602916	58.9154	47	1.25352	0.124436	0.0201357	-1	-1	3
1568	0.602916	52.7197	47	1.1217	0.0740102	0.0190207	-1	-1	3
1569	0.602916	97.8695	47	2.08233	0.140088	0.0203962	-1	-1	3
1570	0.602916	81.2195	47	1.72808	0.116746	0.0199003	-1	-1	3
1571	0.602916	86.6073	47	1.84271	0.0726866	0.0189564	-1	-1	3
1572	0.602916	37.5997	47	0.799994	-0.00721919	0.0172824	-1	-1	3
1573	0.602916	55.3366	47	1.17738	-0.0487007	0.0163754	-1	-1	3
1574	0.602916	93.7189	47	1.99402	0.650241	0.0338389	-1	-1	3
1575	0.602916	60.0512	47	1.27768	0.55437	0.0311542	-1	-1	3
1576	0.602916	132.349	47	2.81594	0.547224	0.0307758	-1	-1	3
1577	0.602916	94.27	47	2.00574	0.448248	0.0281246	-1	-1	3
1578	0.602916	169.54	47	3.60724	0.365541	0.0258931	-1	-1	3
1579	0.602916	43.2585	47	0.920394	0.206697	0.022174	-1	-1	3
1580	0.602916	52.6139	47	1.11945	0.0217598	0.0179475	-1	-1	3
1581	0.602916	28.7135	47	0.610926	0.0246827	0.0180064	-1	-1	3
1582	0.602916	62.0626	47	1.32048	-0.0284727	0.0168528	-1	-1	3
1583	0.602916	127.085	47	2.70393	0.648372	0.0338536	-1	-1	3
1584	0.602916	104.084	47	2.21455	0.57723	0.0318738	-1	-1	3
