1	0.602916	56.8038	47	1.20859	0.0644301	0.0188082	-1	-1	3
2	0.602916	44.2169	47	0.940785	-0.0099523	0.0172369	-1	-1	3
3	0.602916	48.8962	47	1.04034	-0.0141761	0.0171186	-1	-1	3
4	0.602916	103.509	47	2.20231	-0.167803	0.0141357	-1	-1	3
5	0.602916	64.2382	47	1.36677	-0.159217	0.0142661	-1	-1	3
6	0.602916	73.622	47	1.56643	-0.192402	0.0136327	-1	-1	3
7	0.602916	80.5259	47	1.71332	-0.218258	0.0131561	-1	-1	3
8	0.602916	85.7018	47	1.82344	-0.22133	0.0131115	-1	-1	3
9	0.602916	88.3552	47	1.8799	-0.290146	0.0118826	-1	-1	3
10	0.602916	139.646	47	2.97119	-0.315959	0.011438	-1	-1	3
11	0.602916	138.904	47	2.95541	-0.343337	0.0109804	-1	-1	3
12	0.602916	171.102	47	3.64048	-0.344742	0.0109641	-1	-1	3
13	0.602916	115.242	47	2.45195	-0.33798	0.0110425	-1	-1	3
14	0.602916	41.7981	47	0.889321	0.17643	0.0213306	-1	-1	3
15	0.602916	53.7178	47	1.14293	-0.0201678	0.0170122	-1	-1	3
16	0.602916	75.938	47	1.6157	-0.0785895	0.0158644	-1	-1	3
17	0.602916	78.6354	47	1.67309	-0.0664427	0.0161124	-1	-1	3
18	0.602916	65.3457	47	1.39033	-0.187151	0.013714	-1	-1	3
19	0.602916	50.9376	47	1.08378	-0.131885	0.0147221	-1	-1	3
20	0.602916	126.456	47	2.69055	-0.222455	0.0131222	-1	-1	3
21	0.602916	139.148	47	2.9606	-0.25124	0.0125802	-1	-1	3
22	0.602916	125.198	47	2.66379	-0.291515	0.0118516	-1	-1	3
23	0.602916	136.48	47	2.90383	-0.312885	0.0114712	-1	-1	3
24	0.602916	184.371	47	3.92278	-0.345399	0.0109511	-1	-1	3
25	0.602916	136.234	47	2.89859	-0.355104	0.0107761	-1	-1	3
26	0.602916	100.297	47	2.13399	-0.302276	0.0116305	-1	-1	3
27	0.602916	183.16	47	3.89703	-0.385573	0.0102874	-1	-1	3
28	0.602916	164.052	47	3.49046	-0.412757	0.00982968	-1	-1	3
29	0.602916	51.8124	47	1.10239	-0.00794489	0.0172978	-1	-1	3
30	0.602916	46.3643	47	0.986475	-0.0543594	0.0163228	-1	-1	3
31	0.602916	61.8988	47	1.317	-0.110637	0.0151982	-1	-1	3
32	0.602916	69.1561	47	1.47141	-0.121819	0.0149503	-1	-1	3
33	0.602916	126.704	47	2.69583	-0.201506	0.0135096	-1	-1	3
34	0.602916	71.2988	47	1.517	-0.196614	0.0135295	-1	-1	3
35	0.602916	59.685	47	1.26989	-0.186515	0.013705	-1	-1	3
36	0.602916	131.108	47	2.78954	-0.252297	0.0125609	-1	-1	3
37	0.602916	69.7033	47	1.48305	-0.215374	0.0131684	-1	-1	3
38	0.602916	158.374	47	3.36966	-0.308778	0.011584	-1	-1	3
39	0.602916	120.72	47	2.56852	-0.280055	0.0120464	-1	-1	3
40	0.602916	116.019	47	2.4685	-0.327619	0.0112181	-1	-1	3
41	0.602916	117.93	47	2.50914	-0.331542	0.0111631	-1	-1	3
42	0.602916	37.6288	47	0.800612	0.157588	0.0208955	-1	-1	3
43	0.602916	57.8555	47	1.23097	0.0272571	0.0179961	-1	-1	3
44	0.602916	52.0202	47	1.10681	-0.0698493	0.0159871	-1	-1	3
45	0.602916	85.9994	47	1.82977	-0.157343	0.0143097	-1	-1	3
46	0.602916	54.1433	47	1.15199	-0.0592489	0.0161827	-1	-1	3
47	0.602916	47.1251	47	1.00266	-0.161577	0.0141541	-1	-1	3
48	0.602916	56.4386	47	1.20082	-0.149546	0.0144184	-1	-1	3
49	0.602916	66.467	47	1.41419	-0.21915	0.0131018	-1	-1	3
50	0.602916	89.1637	47	1.8971	-0.241408	0.0127387	-1	-1	3
51	0.602916	120.423	47	2.56218	-0.252694	0.0125438	-1	-1	3
52	0.602916	141.781	47	3.01662	-0.254024	0.0125423	-1	-1	3
53	0.602916	73.6137	47	1.56625	-0.265167	0.0122805	-1	-1	3
54	0.602916	65.0788	47	1.38465	-0.294333	0.0117694	-1	-1	3
55	0.602916	167.064	47	3.55455	-0.352297	0.0108119	-1	-1	3
56	0.602916	57.4558	47	1.22246	0.080516	0.0190944	-1	-1	3
57	0.602916	39.1571	47	0.833129	0.0356039	0.0181409	-1	-1	3
58	0.602916	41.088	47	0.874212	-0.0346933	0.0166727	-1	-1	3
59	0.602916	46.1599	47	0.982125	-0.0291791	0.0168176	-1	-1	3
60	0.602916	55.7076	47	1.18527	-0.0570219	0.0162451	-1	-1	3
61	0.602916	57.8279	47	1.23038	-0.0306528	0.0167886	-1	-1	3
62	0.602916	40.383	47	0.859212	-0.075399	0.0158301	-1	-1	3
63	0.602916	105.831	47	2.25172	-0.144862	0.014533	-1	-1	3
64	0.602916	46.8779	47	0.997402	-0.120485	0.0149391	-1	-1	3
65	0.602916	124.279	47	2.64423	-0.225889	0.0130498	-1	-1	3
66	0.602916	168.776	47	3.59098	-0.236079	0.0128655	-1	-1	3
67	0.602916	95.5836	47	2.03369	-0.208043	0.0133323	-1	-1	3
68	0.602916	120.455	47	2.56287	-0.266514	0.0122886	-1	-1	3
69	0.602916	49.072	47	1.04408	-0.20782	0.0132744	-1	-1	3
70	0.602916	105.551	47	2.24576	-0.280018	0.0120301	-1	-1	3
71	0.602916	148.06	47	3.1502	-0.260317	0.0124128	-1	-1	3
72	0.602916	137.601	47	2.92768	-0.30502	0.0116218	-1	-1	3
73	0.602916	190.395	47	4.05096	-0.337013	0.0110949	-1	-1	3
74	0.602916	86.1631	47	1.83326	-0.323221	0.0112779	-1	-1	3
75	0.602916	129.887	47	2.76355	-0.323006	0.0112967	-1	-1	3
76	0.602916	151.766	47	3.22906	-0.346745	0.0108998	-1	-1	3
77	0.602916	47.4357	47	1.00927	0.0680694	0.018893	-1	-1	3
78	0.602916	57.89	47	1.2317	0.0496994	0.018486	-1	-1	3
79	0.602916	100.462	47	2.1375	-0.0431061	0.0165851	-1	-1	3
80	0.602916	33.7274	47	0.717605	0.032359	0.0180672	-1	-1	3
81	0.602916	71.0997	47	1.51276	-0.0592554	0.0162345	-1	-1	3
82	0.602916	61.2205	47	1.30256	-0.0901743	0.015573	-1	-1	3
83	0.602916	54.6127	47	1.16197	-0.107529	0.0152367	-1	-1	3
84	0.602916	89.7068	47	1.90866	-0.110476	0.0151975	-1	-1	3
85	0.602916	68.6738	47	1.46114	-0.111481	0.0151475	-1	-1	3
86	0.602916	41.8536	47	0.890501	-0.103753	0.0152173	-1	-1	3
87	0.602916	110.777	47	2.35696	-0.159301	0.0142699	-1	-1	3
88	0.602916	82.2892	47	1.75083	-0.153161	0.0143725	-1	-1	3
89	0.602916	39.246	47	0.835021	-0.108115	0.0151694	-1	-1	3
90	0.602916	83.5202	47	1.77703	-0.150719	0.0144012	-1	-1	3
91	0.602916	57.0718	47	1.21429	-0.161693	0.0141768	-1	-1	3
92	0.602916	123.381	47	2.62512	-0.22422	0.0130322	-1	-1	3
93	0.602916	63.9767	47	1.36121	-0.21934	0.0130869	-1	-1	3
94	0.602916	79.8851	47	1.69968	-0.302023	0.011623	-1	-1	3
95	0.602916	85.4727	47	1.81857	-0.335252	0.0110456	-1	-1	3
96	0.602916	60.3683	47	1.28443	0.443648	0.0279443	-1	-1	3
97	0.602916	39.008	47	0.829957	0.138445	0.0204118	-1	-1	3
98	0.602916	63.8867	47	1.35929	-0.0185775	0.0170291	-1	-1	3
99	0.602916	52.6711	47	1.12066	-0.0795467	0.015764	-1	-1	3
100	0.602916	57.3941	47	1.22115	-0.0915511	0.0155283	-1	-1	3
101	0.602916	56.4888	47	1.20189	-0.128513	0.014796	-1	-1	3
102	0.602916	58.0374	47	1.23484	-0.100751	0.0153015	-1	-1	3
103	0.602916	89.6863	47	1.90822	-0.178532	0.0138922	-1	-1	3
104	0.602916	83.5318	47	1.77727	-0.198567	0.0135077	-1	-1	3
105	0.602916	66.4709	47	1.41427	-0.164023	0.0140985	-1	-1	3
106	0.602916	70.0273	47	1.48994	-0.176136	0.0139083	-1	-1	3
107	0.602916	87.3444	47	1.85839	-0.224609	0.0130189	-1	-1	3
108	0.602916	74.1799	47	1.5783	-0.272257	0.0121546	-1	-1	3
109	0.602916	87.8346	47	1.86882	-0.259086	0.0123921	-1	-1	3
110	0.602916	52.9977	47	1.12761	-0.221766	0.0130185	-1	-1	3
111	0.602916	146.019	47	3.10678	-0.285339	0.0119445	-1	-1	3
112	0.602916	61.0693	47	1.29935	-0.249869	0.0125204	-1	-1	3
113	0.602916	91.0268	47	1.93674	-0.349306	0.0108407	-1	-1	3
114	0.602916	55.0818	47	1.17195	0.487529	0.0290662	-1	-1	3
115	0.602916	72.5042	47	1.54264	0.0411102	0.0182833	-1	-1	3
116	0.602916	61.3093	47	1.30445	0.0213225	0.0178525	-1	-1	3
117	0.602916	33.2459	47	0.70736	-0.0297328	0.0167349	-1	-1	3
118	0.602916	37.0064	47	0.78737	-0.0540101	0.0162614	-1	-1	3
119	0.602916	50.3834	47	1.07199	-0.0901291	0.015568	-1	-1	3
120	0.602916	92.0426	47	1.95835	-0.148862	0.0144581	-1	-1	3
121	0.602916	68.493	47	1.4573	-0.164736	0.0140957	-1	-1	3
122	0.602916	47.9175	47	1.01952	-0.202461	0.0133841	-1	-1	3
123	0.602916	134.992	47	2.87218	-0.255776	0.0124915	-1	-1	3
124	0.602916	44.6681	47	0.950386	-0.157572	0.014195	-1	-1	3
125	0.602916	97.1015	47	2.06599	-0.226456	0.0129689	-1	-1	3
126	0.602916	74.0345	47	1.5752	-0.242871	0.0126734	-1	-1	3
127	0.602916	54.9949	47	1.1701	-0.226525	0.0129203	-1	-1	3
128	0.602916	95.144	47	2.02434	-0.256181	0.0124434	-1	-1	3
129	0.602916	119.19	47	2.53597	-0.261144	0.0123682	-1	-1	3
130	0.602916	100.518	47	2.13868	-0.309547	0.0115178	-1	-1	3
131	0.602916	79.5006	47	1.6915	-0.27475	0.01208	-1	-1	3
132	0.602916	156.574	47	3.33136	-0.330656	0.0111633	-1	-1	3
133	0.602916	113.217	47	2.40887	-0.31119	0.0114788	-1	-1	3
134	0.602916	108.349	47	2.30529	-0.336793	0.0110237	-1	-1	3
135	0.602916	137.03	47	2.91554	-0.354076	0.010749	-1	-1	3
136	0.602916	134.158	47	2.85442	-0.379101	0.0103277	-1	-1	3
137	0.602916	43.5539	47	0.926678	0.268938	0.0234617	-1	-1	3
138	0.602916	55.0633	47	1.17156	0.205397	0.0219481	-1	-1	3
139	0.602916	52.4646	47	1.11627	0.0845422	0.0191829	-1	-1	3
140	0.602916	43.9582	47	0.935282	0.0244052	0.0179136	-1	-1	3
141	0.602916	68.6869	47	1.46142	0.0498647	0.0184727	-1	-1	3
142	0.602916	65.8601	47	1.40128	-0.00823669	0.0172694	-1	-1	3
143	0.602916	69.0362	47	1.46886	-0.000728035	0.0173462	-1	-1	3
144	0.602916	33.4139	47	0.710935	-0.0112463	0.017112	-1	-1	3
145	0.602916	59.4953	47	1.26586	-0.0760626	0.0158263	-1	-1	3
146	0.602916	58.871	47	1.25257	-0.0886108	0.0155801	-1	-1	3
147	0.602916	64.9444	47	1.38179	-0.121367	0.0149568	-1	-1	3
148	0.602916	81.7976	47	1.74038	-0.206411	0.0133491	-1	-1	3
149	0.602916	54.0353	47	1.14969	-0.155137	0.014263	-1	-1	3
150	0.602916	53.4976	47	1.13825	-0.194653	0.0135407	-1	-1	3
151	0.602916	85.4868	47	1.81887	-0.240751	0.0127336	-1	-1	3
152	0.602916	72.5176	47	1.54293	-0.23115	0.0128647	-1	-1	3
153	0.602916	63.6712	47	1.35471	-0.236105	0.0127846	-1	-1	3
154	0.602916	120.358	47	2.56081	-0.231141	0.0128909	-1	-1	3
155	0.602916	48.9265	47	1.04099	-0.200281	0.0133867	-1	-1	3
156	0.602916	107.276	47	2.28246	-0.243029	0.0126755	-1	-1	3
157	0.602916	93.2272	47	1.98356	-0.261275	0.012351	-1	-1	3
158	0.602916	120.566	47	2.56524	-0.306224	0.0115625	-1	-1	3
159	0.602916	155.523	47	3.30899	-0.3391	0.0110192	-1	-1	3
160	0.602916	138.877	47	2.95483	-0.378302	0.0103514	-1	-1	3
161	0.602916	59.5724	47	1.2675	0.167102	0.0210365	-1	-1	3
162	0.602916	35.9493	47	0.764878	0.141519	0.0205066	-1	-1	3
163	0.602916	43.3715	47	0.922797	-0.0499494	0.0163289	-1	-1	3
164	0.602916	62.3225	47	1.32601	-0.0299735	0.0167609	-1	-1	3
165	0.602916	63.2572	47	1.3459	-0.0592446	0.0161692	-1	-1	3
166	0.602916	62.9854	47	1.34011	-0.134037	0.0146752	-1	-1	3
167	0.602916	60.1105	47	1.27895	-0.12465	0.0148089	-1	-1	3
168	0.602916	47.5343	47	1.01137	-0.0868819	0.0155705	-1	-1	3
169	0.602916	66.1475	47	1.40739	-0.182388	0.0137885	-1	-1	3
170	0.602916	36.8062	47	0.783111	-0.165477	0.0140325	-1	-1	3
171	0.602916	84.7227	47	1.80261	-0.213193	0.0132174	-1	-1	3
172	0.602916	44.6683	47	0.950389	-0.165248	0.0140695	-1	-1	3
173	0.602916	65.5327	47	1.39431	-0.207286	0.013296	-1	-1	3
174	0.602916	70.7705	47	1.50576	-0.233672	0.0128208	-1	-1	3
175	0.602916	91.346	47	1.94353	-0.290105	0.0118441	-1	-1	3
176	0.602916	49.9525	47	1.06282	0.527998	0.0301713	-1	-1	3
177	0.602916	57.5666	47	1.22482	0.389868	0.0264314	-1	-1	3
178	0.602916	34.6287	47	0.736781	0.365888	0.0258793	-1	-1	3
179	0.602916	40.6745	47	0.865414	0.313324	0.0245173	-1	-1	3
180	0.602916	38.149	47	0.81168	0.177826	0.0212881	-1	-1	3
181	0.602916	43.6775	47	0.929308	0.0651281	0.018804	-1	-1	3
182	0.602916	65.8344	47	1.40073	0.154365	0.0207254	-1	-1	3
183	0.602916	44.3824	47	0.944307	0.168042	0.0210233	-1	-1	3
184	0.602916	57.5038	47	1.22349	-0.00828114	0.0172468	-1	-1	3
185	0.602916	52.1776	47	1.11016	0.0377379	0.0181596	-1	-1	3
186	0.602916	38.0864	47	0.81035	-0.0162539	0.0169799	-1	-1	3
187	0.602916	33.8751	47	0.720747	-0.0785429	0.015742	-1	-1	3
188	0.602916	36.6247	47	0.779248	-0.0848979	0.0156055	-1	-1	3
189	0.602916	44.5312	47	0.947473	-0.0942104	0.0154329	-1	-1	3
190	0.602916	78.6374	47	1.67314	-0.127767	0.0147967	-1	-1	3
191	0.602916	42.2547	47	0.899035	-0.145868	0.0144539	-1	-1	3
192	0.602916	73.0734	47	1.55475	-0.159752	0.0141878	-1	-1	3
193	0.602916	42.5011	47	0.904278	-0.0761621	0.0157461	-1	-1	3
194	0.602916	64.4948	47	1.37223	-0.197494	0.013496	-1	-1	3
195	0.602916	76.8981	47	1.63613	-0.15827	0.0142072	-1	-1	3
196	0.602916	44.6819	47	0.95068	-0.107777	0.0151419	-1	-1	3
197	0.602916	96.8263	47	2.06013	-0.193762	0.0135783	-1	-1	3
198	0.602916	41.9012	47	0.891514	-0.172686	0.0139025	-1	-1	3
199	0.602916	122.061	47	2.59704	-0.266333	0.0122788	-1	-1	3
200	0.602916	74.6634	47	1.58858	-0.261887	0.0123071	-1	-1	3
201	0.602916	135.979	47	2.89317	-0.302083	0.0116436	-1	-1	3
202	0.602916	128.651	47	2.73727	-0.328169	0.0111951	-1	-1	3
203	0.602916	82.9493	47	1.76488	0.400335	0.0266579	-1	-1	3
204	0.602916	83.7532	47	1.78198	0.267651	0.0233222	-1	-1	3
205	0.602916	73.1967	47	1.55738	0.12858	0.020111	-1	-1	3
206	0.602916	37.5911	47	0.799811	0.0799894	0.0191112	-1	-1	3
207	0.602916	43.9529	47	0.935169	-0.0625907	0.0160826	-1	-1	3
208	0.602916	77.8369	47	1.6561	0.0438016	0.0182281	-1	-1	3
209	0.602916	93.7804	47	1.99533	-0.130381	0.0147852	-1	-1	3
210	0.602916	48.3687	47	1.02912	-0.0565938	0.0161708	-1	-1	3
211	0.602916	37.1163	47	0.789708	-0.0608541	0.0160664	-1	-1	3
212	0.602916	53.7619	47	1.14387	-0.103401	0.0152504	-1	-1	3
213	0.602916	50.7281	47	1.07932	-0.0659567	0.0159241	-1	-1	3
214	0.602916	35.4313	47	0.753857	-0.150968	0.0143456	-1	-1	3
215	0.602916	65.7075	47	1.39803	-0.152471	0.0143233	-1	-1	3
216	0.602916	69.427	47	1.47717	-0.186044	0.013692	-1	-1	3
217	0.602916	103.365	47	2.19926	-0.201831	0.0134147	-1	-1	3
218	0.602916	112.929	47	2.40274	-0.233038	0.0128464	-1	-1	3
219	0.602916	33.7867	47	0.718866	-0.177492	0.0138114	-1	-1	3
220	0.602916	76.6213	47	1.63024	-0.238024	0.0127088	-1	-1	3
221	0.602916	74.4186	47	1.58338	-0.304146	0.0115676	-1	-1	3
222	0.602916	37.2413	47	0.792369	-0.275005	0.0120288	-1	-1	3
223	0.602916	92.3563	47	1.96503	-0.295726	0.0117115	-1	-1	3
224	0.602916	76.7404	47	1.63278	-0.344971	0.0108702	-1	-1	3
225	0.602916	134.038	47	2.85187	-0.352896	0.0107656	-1	-1	3
226	0.602916	56.8896	47	1.21042	0.212233	0.0221411	-1	-1	3
227	0.602916	67.9708	47	1.44619	0.307237	0.0242961	-1	-1	3
228	0.602916	49.5471	47	1.05419	0.0764668	0.0189606	-1	-1	3
229	0.602916	43.9117	47	0.934291	-0.000894193	0.0173295	-1	-1	3
230	0.602916	36.9156	47	0.785438	0.0104182	0.0175653	-1	-1	3
231	0.602916	53.946	47	1.14779	-0.00513456	0.0172508	-1	-1	3
232	0.602916	86.3683	47	1.83762	-0.07334	0.0159061	-1	-1	3
233	0.602916	62.3101	47	1.32575	-0.0147855	0.017016	-1	-1	3
234	0.602916	39.5195	47	0.840841	-0.0704343	0.015876	-1	-1	3
235	0.602916	60.0781	47	1.27826	-0.0953667	0.0153782	-1	-1	3
236	0.602916	59.5897	47	1.26787	-0.096098	0.0153759	-1	-1	3
237	0.602916	39.8305	47	0.847459	-0.105255	0.0152114	-1	-1	3
238	0.602916	58.8663	47	1.25247	-0.118124	0.0149077	-1	-1	3
239	0.602916	64.5218	47	1.37281	-0.160928	0.0141469	-1	-1	3
240	0.602916	74.349	47	1.58189	-0.177944	0.0138349	-1	-1	3
241	0.602916	53.0488	47	1.1287	-0.120619	0.0148734	-1	-1	3
242	0.602916	69.1437	47	1.47114	-0.18535	0.013699	-1	-1	3
243	0.602916	92.8733	47	1.97603	-0.197212	0.013491	-1	-1	3
244	0.602916	109.483	47	2.32942	-0.237361	0.012762	-1	-1	3
245	0.602916	57.6149	47	1.22585	-0.221244	0.0130231	-1	-1	3
246	0.602916	121.92	47	2.59403	-0.307079	0.0115274	-1	-1	3
247	0.602916	70.8819	47	1.50813	-0.349183	0.0107717	-1	-1	3
248	0.602916	56.0984	47	1.19358	0.333062	0.0249527	-1	-1	3
249	0.602916	40.6888	47	0.86572	0.103555	0.0195867	-1	-1	3
250	0.602916	54.0207	47	1.14938	0.138925	0.0203193	-1	-1	3
251	0.602916	47.9369	47	1.01994	0.0834582	0.0190931	-1	-1	3
252	0.602916	49.827	47	1.06015	0.0636927	0.0186604	-1	-1	3
253	0.602916	50.4286	47	1.07295	0.0259079	0.0178592	-1	-1	3
254	0.602916	62.9543	47	1.33945	0.00780536	0.0175095	-1	-1	3
255	0.602916	52.5208	47	1.11746	-0.0215756	0.0168868	-1	-1	3
256	0.602916	50.2442	47	1.06903	-0.00714405	0.0171936	-1	-1	3
257	0.602916	65.9329	47	1.40283	-0.0679799	0.0159874	-1	-1	3
258	0.602916	53.4013	47	1.1362	-0.0278463	0.0167072	-1	-1	3
259	0.602916	51.5199	47	1.09617	-0.0236039	0.0167947	-1	-1	3
260	0.602916	34.4132	47	0.732196	-0.0609978	0.0160237	-1	-1	3
261	0.602916	41.3247	47	0.87925	-0.0900532	0.0154753	-1	-1	3
262	0.602916	63.8168	47	1.35781	-0.0986602	0.0153252	-1	-1	3
263	0.602916	37.7091	47	0.802321	-0.1105	0.0150874	-1	-1	3
264	0.602916	54.4845	47	1.15925	-0.119032	0.0149095	-1	-1	3
265	0.602916	61.5114	47	1.30875	-0.146888	0.0143899	-1	-1	3
266	0.602916	63.0602	47	1.34171	-0.160184	0.0141728	-1	-1	3
267	0.602916	79.5628	47	1.69282	-0.178669	0.0138191	-1	-1	3
268	0.602916	62.1557	47	1.32246	-0.206783	0.0132915	-1	-1	3
269	0.602916	84.3985	47	1.79571	-0.213379	0.0131948	-1	-1	3
270	0.602916	54.1994	47	1.15318	-0.225048	0.012942	-1	-1	3
271	0.602916	44.2234	47	0.940922	0.209656	0.0219696	-1	-1	3
272	0.602916	68.6737	47	1.46114	0.174347	0.0210879	-1	-1	3
273	0.602916	47.9478	47	1.02017	0.173839	0.0210829	-1	-1	3
274	0.602916	43.5038	47	0.925612	0.154541	0.0207007	-1	-1	3
275	0.602916	71.2509	47	1.51598	0.100514	0.0194347	-1	-1	3
276	0.602916	50.5768	47	1.0761	0.0362016	0.0180787	-1	-1	3
277	0.602916	41.5367	47	0.883759	0.0599851	0.018571	-1	-1	3
278	0.602916	46.7274	47	0.9942	0.0144571	0.0176507	-1	-1	3
279	0.602916	44.9103	47	0.955538	-0.0325819	0.0166551	-1	-1	3
280	0.602916	49.551	47	1.05428	0.00414686	0.0174034	-1	-1	3
281	0.602916	42.4538	47	0.903272	0.00259084	0.0173279	-1	-1	3
282	0.602916	59.6135	47	1.26837	-0.0687742	0.0159422	-1	-1	3
283	0.602916	66.4281	47	1.41336	-0.0783543	0.0157534	-1	-1	3
284	0.602916	51.4482	47	1.09464	-0.0162934	0.0169183	-1	-1	3
285	0.602916	36.7786	47	0.782524	-0.0382442	0.0164985	-1	-1	3
286	0.602916	36.065	47	0.76734	-0.0667052	0.0159192	-1	-1	3
287	0.602916	91.5737	47	1.94838	-0.139942	0.014573	-1	-1	3
288	0.602916	60.5449	47	1.28819	-0.0851826	0.0155719	-1	-1	3
289	0.602916	39.8892	47	0.848707	-0.122062	0.014876	-1	-1	3
290	0.602916	44.3415	47	0.943436	-0.140077	0.0145285	-1	-1	3
291	0.602916	69.4899	47	1.47851	-0.178415	0.0138092	-1	-1	3
292	0.602916	58.7682	47	1.25039	-0.0963967	0.0152901	-1	-1	3
293	0.602916	72.5329	47	1.54325	-0.157173	0.0142281	-1	-1	3
294	0.602916	93.3146	47	1.98542	-0.222645	0.0130019	-1	-1	3
295	0.602916	59.3904	47	1.26363	-0.211519	0.0131816	-1	-1	3
296	0.602916	51.5423	47	1.09665	-0.246311	0.0125402	-1	-1	3
297	0.602916	82.0754	47	1.74628	-0.343968	0.0108864	-1	-1	3
298	0.602916	51.3267	47	1.09206	0.210048	0.0219704	-1	-1	3
299	0.602916	57.511	47	1.22364	0.187637	0.0214514	-1	-1	3
300	0.602916	61.519	47	1.30891	0.113509	0.0198192	-1	-1	3
301	0.602916	53.8187	47	1.14508	0.0454452	0.0183237	-1	-1	3
302	0.602916	56.2466	47	1.19674	0.077494	0.0190055	-1	-1	3
303	0.602916	61.9171	47	1.31738	0.0488291	0.0183401	-1	-1	3
304	0.602916	40.007	47	0.851214	0.0901864	0.0192452	-1	-1	3
305	0.602916	58.4938	47	1.24455	-0.0205046	0.0168908	-1	-1	3
306	0.602916	53.0498	47	1.12872	-0.000738803	0.0172909	-1	-1	3
307	0.602916	34.097	47	0.725468	0.0681799	0.0186941	-1	-1	3
308	0.602916	61.715	47	1.31309	-0.0301277	0.0166517	-1	-1	3
309	0.602916	46.3837	47	0.986887	-0.0799797	0.015718	-1	-1	3
310	0.602916	70.3288	47	1.49636	-0.0506343	0.0162425	-1	-1	3
311	0.602916	59.4765	47	1.26546	-0.08017	0.0156518	-1	-1	3
312	0.602916	53.0946	47	1.12967	-0.104394	0.0151528	-1	-1	3
313	0.602916	46.4867	47	0.989079	-0.139729	0.014511	-1	-1	3
314	0.602916	41.5501	47	0.884044	-0.126324	0.014751	-1	-1	3
315	0.602916	59.595	47	1.26798	-0.11185	0.0150493	-1	-1	3
316	0.602916	49.8594	47	1.06084	-0.173198	0.0138903	-1	-1	3
317	0.602916	50.1	47	1.06596	-0.176642	0.0138383	-1	-1	3
318	0.602916	42.3709	47	0.901508	-0.148752	0.0143269	-1	-1	3
319	0.602916	31.585	47	0.672021	-0.163815	0.01403	-1	-1	3
320	0.602916	48.8708	47	1.0398	-0.212713	0.0131282	-1	-1	3
321	0.602916	111.931	47	2.38151	-0.311098	0.0114313	-1	-1	3
322	0.602916	56.9212	47	1.21109	0.13842	0.0203085	-1	-1	3
323	0.602916	45.6246	47	0.970737	0.109823	0.0196528	-1	-1	3
324	0.602916	33.8266	47	0.719715	0.084332	0.0190856	-1	-1	3
325	0.602916	58.4403	47	1.24341	0.0517824	0.0183736	-1	-1	3
326	0.602916	53.3536	47	1.13518	0.0408417	0.018139	-1	-1	3
327	0.602916	53.022	47	1.12813	0.0223712	0.0177364	-1	-1	3
328	0.602916	38.3145	47	0.815202	-0.00905563	0.0171007	-1	-1	3
329	0.602916	86.4674	47	1.83973	0.0898642	0.019131	-1	-1	3
330	0.602916	38.6307	47	0.821929	0.00412869	0.0173971	-1	-1	3
331	0.602916	44.671	47	0.950447	-0.0264466	0.016754	-1	-1	3
332	0.602916	47.3495	47	1.00744	-0.0398174	0.0164643	-1	-1	3
333	0.602916	57.3505	47	1.22022	-0.0727441	0.0158535	-1	-1	3
334	0.602916	52.1298	47	1.10914	-0.101591	0.0152613	-1	-1	3
335	0.602916	29.9335	47	0.636882	-0.0171216	0.0169183	-1	-1	3
336	0.602916	73.6403	47	1.56682	-0.102684	0.0152518	-1	-1	3
337	0.602916	54.9871	47	1.16994	-0.0517101	0.0162106	-1	-1	3
338	0.602916	50.699	47	1.0787	-0.078214	0.0156923	-1	-1	3
339	0.602916	53.4617	47	1.13748	-0.0983605	0.0152948	-1	-1	3
340	0.602916	42.5291	47	0.904875	-0.0902134	0.0154599	-1	-1	3
341	0.602916	49.4084	47	1.05124	-0.150717	0.0142983	-1	-1	3
342	0.602916	48.5214	47	1.03237	-0.149417	0.0143428	-1	-1	3
343	0.602916	50.7323	47	1.07941	0.235358	0.0225327	-1	-1	3
344	0.602916	33.5269	47	0.713339	0.108492	0.019664	-1	-1	3
345	0.602916	38.0414	47	0.809392	0.129243	0.0200978	-1	-1	3
346	0.602916	48.3836	47	1.02944	0.216935	0.0220573	-1	-1	3
347	0.602916	25.7129	47	0.547084	0.0513469	0.0184118	-1	-1	3
348	0.602916	46.8777	47	0.997399	0.0617089	0.0185667	-1	-1	3
349	0.602916	57.7312	47	1.22832	0.0425148	0.018195	-1	-1	3
350	0.602916	43.6896	47	0.929566	-0.00234015	0.0172174	-1	-1	3
351	0.602916	44.4387	47	0.945505	0.0155898	0.017629	-1	-1	3
352	0.602916	37.1031	47	0.789428	-0.00417122	0.0172021	-1	-1	3
353	0.602916	42.8435	47	0.911564	0.0287044	0.0179046	-1	-1	3
354	0.602916	35.0417	47	0.745567	-0.0390851	0.0164781	-1	-1	3
355	0.602916	51.4114	47	1.09386	-0.0437736	0.0164176	-1	-1	3
356	0.602916	47.8936	47	1.01901	-0.0499448	0.0162829	-1	-1	3
357	0.602916	61.3419	47	1.30515	-0.0732649	0.0158352	-1	-1	3
358	0.602916	55.2737	47	1.17604	-0.0316671	0.0165913	-1	-1	3
359	0.602916	39.8401	47	0.847663	-0.0902433	0.0154423	-1	-1	3
360	0.602916	34.6058	47	0.736293	-0.0791177	0.0156588	-1	-1	3
361	0.602916	50.7267	47	1.07929	-0.115436	0.0149415	-1	-1	3
362	0.602916	41.966	47	0.892893	-0.113088	0.0149987	-1	-1	3
363	0.602916	54.1853	47	1.15288	-0.137146	0.0145518	-1	-1	3
364	0.602916	65.3009	47	1.38938	-0.189834	0.0135619	-1	-1	3
365	0.602916	40.4076	47	0.859736	-0.144381	0.0143388	-1	-1	3
366	0.602916	54.0047	47	1.14904	-0.230504	0.0128263	-1	-1	3
367	0.602916	75.1934	47	1.59986	-0.273693	0.0120542	-1	-1	3
368	0.602916	51.1656	47	1.08863	-0.239021	0.0126135	-1	-1	3
369	0.602916	63.7203	47	1.35575	0.398555	0.0266923	-1	-1	3
370	0.602916	78.9179	47	1.6791	0.484027	0.0287974	-1	-1	3
371	0.602916	41.1441	47	0.875406	0.293272	0.024014	-1	-1	3
372	0.602916	45.6253	47	0.970752	0.220313	0.0221839	-1	-1	3
373	0.602916	56.6755	47	1.20586	0.215508	0.0220686	-1	-1	3
374	0.602916	57.6772	47	1.22718	0.146146	0.0204688	-1	-1	3
375	0.602916	35.4734	47	0.754752	0.13463	0.0202258	-1	-1	3
376	0.602916	66.3464	47	1.41163	0.206094	0.0217898	-1	-1	3
377	0.602916	33.6376	47	0.715693	0.105798	0.0195925	-1	-1	3
378	0.602916	34.7011	47	0.738321	0.0730377	0.0188929	-1	-1	3
379	0.602916	61.1624	47	1.30133	0.0596774	0.0185773	-1	-1	3
380	0.602916	62.923	47	1.33879	0.12026	0.0198358	-1	-1	3
381	0.602916	47.7813	47	1.01662	0.0715246	0.0187713	-1	-1	3
382	0.602916	34.1723	47	0.727071	0.0635034	0.0186152	-1	-1	3
383	0.602916	41.8797	47	0.891057	0.041549	0.0181315	-1	-1	3
384	0.602916	61.9871	47	1.31887	0.000490567	0.0172992	-1	-1	3
385	0.602916	28.3661	47	0.603534	0.00427165	0.0173636	-1	-1	3
386	0.602916	49.7737	47	1.05902	-0.0344894	0.0165514	-1	-1	3
387	0.602916	48.8489	47	1.03934	-0.0438447	0.0163847	-1	-1	3
388	0.602916	62.109	47	1.32147	0.0279205	0.0178151	-1	-1	3
389	0.602916	69.6107	47	1.48108	-0.0920504	0.0154591	-1	-1	3
390	0.602916	75.1239	47	1.59838	-0.106023	0.0151701	-1	-1	3
391	0.602916	48.844	47	1.03923	-0.130552	0.014649	-1	-1	3
392	0.602916	45.3067	47	0.963973	-0.152024	0.014249	-1	-1	3
393	0.602916	64.5852	47	1.37415	-0.162641	0.0140456	-1	-1	3
394	0.602916	125.036	47	2.66034	-0.32893	0.0111318	-1	-1	3
395	0.602916	55.911	47	1.1896	-0.31335	0.0113479	-1	-1	3
396	0.602916	80.3477	47	1.70953	0.506007	0.0294094	-1	-1	3
397	0.602916	77.3382	47	1.64549	0.4042	0.0266228	-1	-1	3
398	0.602916	41.5509	47	0.884063	0.150199	0.020605	-1	-1	3
399	0.602916	41.9535	47	0.892627	0.14119	0.020371	-1	-1	3
400	0.602916	54.4092	47	1.15764	0.138209	0.0202704	-1	-1	3
401	0.602916	40.7208	47	0.8664	0.107725	0.0195884	-1	-1	3
402	0.602916	66.7988	47	1.42125	0.128413	0.0199971	-1	-1	3
403	0.602916	51.2489	47	1.0904	0.0385354	0.0181196	-1	-1	3
404	0.602916	51.8362	47	1.1029	0.0178583	0.0176522	-1	-1	3
405	0.602916	48.7286	47	1.03678	-0.00762485	0.0171861	-1	-1	3
406	0.602916	45.8378	47	0.975273	0.0278077	0.0177999	-1	-1	3
407	0.602916	44.4343	47	0.945411	0.0103795	0.0175024	-1	-1	3
408	0.602916	46.6046	47	0.991587	0.0108226	0.0174705	-1	-1	3
409	0.602916	51.802	47	1.10217	-0.0208475	0.0168433	-1	-1	3
410	0.602916	43.3899	47	0.92319	-0.0237138	0.0167925	-1	-1	3
411	0.602916	41.1551	47	0.875639	-0.0871461	0.0155211	-1	-1	3
412	0.602916	58.6639	47	1.24817	0.011432	0.017449	-1	-1	3
413	0.602916	65.9186	47	1.40252	-0.0840848	0.0155914	-1	-1	3
414	0.602916	65.0195	47	1.38339	-0.0903329	0.01549	-1	-1	3
415	0.602916	64.2538	47	1.3671	-0.138741	0.0145227	-1	-1	3
416	0.602916	50.4304	47	1.07299	-0.0650108	0.015922	-1	-1	3
417	0.602916	92.8772	47	1.97611	-0.137588	0.0145656	-1	-1	3
418	0.602916	63.0209	47	1.34087	-0.064972	0.0159114	-1	-1	3
419	0.602916	43.3192	47	0.921684	-0.128076	0.0146833	-1	-1	3
420	0.602916	38.0777	47	0.810163	-0.135407	0.0145357	-1	-1	3
421	0.602916	68.7916	47	1.46365	-0.192149	0.0135096	-1	-1	3
422	0.602916	61.3169	47	1.30462	-0.292531	0.0117116	-1	-1	3
423	0.602916	155.295	47	3.30416	0.747467	0.0361678	-1	-1	3
424	0.602916	43.5765	47	0.927159	0.250289	0.0229506	-1	-1	3
425	0.602916	82.4012	47	1.75322	0.243354	0.0226493	-1	-1	3
426	0.602916	55.5678	47	1.18229	0.131173	0.0201916	-1	-1	3
427	0.602916	59.2614	47	1.26088	0.132475	0.0201065	-1	-1	3
428	0.602916	53.3469	47	1.13504	0.109653	0.0196562	-1	-1	3
429	0.602916	43.3585	47	0.92252	0.0673079	0.018714	-1	-1	3
430	0.602916	65.0692	47	1.38445	0.0483442	0.0183193	-1	-1	3
431	0.602916	65.0978	47	1.38506	0.0703989	0.0187412	-1	-1	3
432	0.602916	51.7461	47	1.10098	0.0527116	0.0183717	-1	-1	3
433	0.602916	52.1902	47	1.11043	0.0210636	0.0176798	-1	-1	3
434	0.602916	36.5581	47	0.777832	-0.00703238	0.0171233	-1	-1	3
435	0.602916	45.9725	47	0.978139	-0.0194964	0.0168462	-1	-1	3
436	0.602916	50.5907	47	1.0764	-0.0275917	0.016702	-1	-1	3
437	0.602916	48.3793	47	1.02935	-0.0549374	0.0161419	-1	-1	3
438	0.602916	42.8544	47	0.911797	-0.0827073	0.0155914	-1	-1	3
439	0.602916	40.5221	47	0.862173	-0.121328	0.0148466	-1	-1	3
440	0.602916	45.155	47	0.960746	-0.168929	0.0139249	-1	-1	3
441	0.602916	82.6393	47	1.75828	-0.113177	0.0149107	-1	-1	3
442	0.602916	42.7076	47	0.908673	-0.184963	0.013643	-1	-1	3
443	0.602916	38.9621	47	0.82898	0.339969	0.0251646	-1	-1	3
444	0.602916	82.8358	47	1.76246	0.322719	0.0245575	-1	-1	3
445	0.602916	50.945	47	1.08394	0.218798	0.0221508	-1	-1	3
446	0.602916	51.2101	47	1.08958	0.261595	0.0231028	-1	-1	3
447	0.602916	56.0965	47	1.19354	0.230733	0.0223792	-1	-1	3
448	0.602916	53.6023	47	1.14048	0.206623	0.0218067	-1	-1	3
449	0.602916	51.6209	47	1.09832	0.0905821	0.0192026	-1	-1	3
450	0.602916	83.8635	47	1.78433	0.162627	0.0207507	-1	-1	3
451	0.602916	37.2742	47	0.793067	0.0587463	0.0185072	-1	-1	3
452	0.602916	53.6605	47	1.14171	0.115294	0.0197033	-1	-1	3
453	0.602916	48.4505	47	1.03086	0.0752479	0.0188325	-1	-1	3
454	0.602916	57.3439	47	1.22008	0.0785326	0.0188738	-1	-1	3
455	0.602916	58.4018	47	1.24259	-0.00135657	0.0172634	-1	-1	3
456	0.602916	59.7905	47	1.27214	0.0497415	0.0182753	-1	-1	3
457	0.602916	73.9445	47	1.57329	0.0313668	0.0179096	-1	-1	3
458	0.602916	55.2346	47	1.17521	0.0294957	0.0178623	-1	-1	3
459	0.602916	71.6387	47	1.52423	-0.0523695	0.0162652	-1	-1	3
460	0.602916	36.762	47	0.78217	0.0354001	0.0179599	-1	-1	3
461	0.602916	38.9869	47	0.829508	-0.0189975	0.0168695	-1	-1	3
462	0.602916	51.8223	47	1.1026	-0.0402921	0.0164115	-1	-1	3
463	0.602916	38.4302	47	0.817664	-0.0265978	0.0167106	-1	-1	3
464	0.602916	64.3926	47	1.37006	0.0446184	0.0181215	-1	-1	3
465	0.602916	53.5056	47	1.13842	-0.0535066	0.0161634	-1	-1	3
466	0.602916	87.8252	47	1.86862	-0.0170063	0.0168362	-1	-1	3
467	0.602916	48.4958	47	1.03183	-0.0587106	0.01605	-1	-1	3
468	0.602916	77.0809	47	1.64002	-0.144824	0.0144121	-1	-1	3
469	0.602916	43.5667	47	0.926952	-0.110417	0.0150017	-1	-1	3
470	0.602916	39.5102	47	0.840643	-0.119173	0.0148526	-1	-1	3
471	0.602916	54.5556	47	1.16076	-0.136582	0.0145188	-1	-1	3
472	0.602916	31.8053	47	0.676709	-0.161551	0.0140455	-1	-1	3
473	0.602916	68.4908	47	1.45725	-0.24631	0.0125273	-1	-1	3
474	0.602916	102.523	47	2.18135	-0.271891	0.0120956	-1	-1	3
475	0.602916	105.662	47	2.24813	0.516632	0.0295667	-1	-1	3
476	0.602916	102.925	47	2.18988	0.32605	0.0246425	-1	-1	3
477	0.602916	48.8047	47	1.0384	0.217419	0.0221392	-1	-1	3
478	0.602916	60.6278	47	1.28995	0.245122	0.0226931	-1	-1	3
479	0.602916	79.2659	47	1.68651	0.0944235	0.0193574	-1	-1	3
480	0.602916	54.3685	47	1.15678	0.169329	0.02094	-1	-1	3
481	0.602916	62.3416	47	1.32642	0.166514	0.0208746	-1	-1	3
482	0.602916	61.8536	47	1.31604	0.104218	0.0195681	-1	-1	3
483	0.602916	36.9982	47	0.787196	0.143514	0.0203857	-1	-1	3
484	0.602916	44.7538	47	0.952209	0.10811	0.0195898	-1	-1	3
485	0.602916	47.7117	47	1.01514	0.130905	0.0200453	-1	-1	3
486	0.602916	64.6798	47	1.37617	0.105621	0.0194635	-1	-1	3
487	0.602916	53.8064	47	1.14482	0.032471	0.0179802	-1	-1	3
488	0.602916	58.5526	47	1.2458	0.0140219	0.0175196	-1	-1	3
489	0.602916	52.0727	47	1.10793	-0.0139941	0.0169461	-1	-1	3
490	0.602916	74.6553	47	1.58841	-0.0532159	0.0162296	-1	-1	3
491	0.602916	49.6555	47	1.0565	0.00820195	0.017422	-1	-1	3
492	0.602916	50.9154	47	1.08331	-0.0339094	0.016557	-1	-1	3
493	0.602916	69.3815	47	1.4762	-0.0823485	0.0155368	-1	-1	3
494	0.602916	48.6452	47	1.035	-0.0908616	0.01536	-1	-1	3
495	0.602916	50.6351	47	1.07734	-0.178803	0.0137547	-1	-1	3
496	0.602916	34.5645	47	0.735415	-0.150386	0.01421	-1	-1	3
497	0.602916	55.4111	47	1.17896	-0.200328	0.0133036	-1	-1	3
498	0.602916	59.5416	47	1.26684	-0.257919	0.0122964	-1	-1	3
499	0.602916	160.572	47	3.41643	0.603716	0.0319583	-1	-1	3
500	0.602916	83.1097	47	1.76829	0.53996	0.0302653	-1	-1	3
501	0.602916	81.5298	47	1.73468	0.469685	0.0283566	-1	-1	3
502	0.602916	147.374	47	3.13562	0.315067	0.0243261	-1	-1	3
503	0.602916	37.4492	47	0.796792	0.179252	0.0212308	-1	-1	3
504	0.602916	57.8362	47	1.23056	0.269312	0.0232547	-1	-1	3
505	0.602916	64.2114	47	1.3662	0.216736	0.0220333	-1	-1	3
506	0.602916	64.1055	47	1.36395	0.158339	0.0206551	-1	-1	3
507	0.602916	57.3944	47	1.22116	0.154645	0.020606	-1	-1	3
508	0.602916	75.2596	47	1.60127	0.143334	0.0203695	-1	-1	3
509	0.602916	42.5949	47	0.906274	0.0630712	0.0185685	-1	-1	3
510	0.602916	61.2296	47	1.30276	0.0534129	0.0184016	-1	-1	3
511	0.602916	64.8784	47	1.38039	0.0683652	0.0187098	-1	-1	3
512	0.602916	43.6617	47	0.928972	0.0505338	0.0183822	-1	-1	3
513	0.602916	111.15	47	2.3649	0.0765196	0.0187968	-1	-1	3
514	0.602916	51.8033	47	1.1022	0.0894262	0.0191201	-1	-1	3
515	0.602916	41.3215	47	0.87918	0.0358788	0.0179821	-1	-1	3
516	0.602916	43.2709	47	0.920658	-0.01179	0.0170168	-1	-1	3
517	0.602916	43.0042	47	0.914983	0.00206663	0.0172731	-1	-1	3
518	0.602916	39.4654	47	0.839689	-0.00957386	0.0170566	-1	-1	3
519	0.602916	59.2368	47	1.26036	-0.0563305	0.0161241	-1	-1	3
520	0.602916	41.7156	47	0.887566	-0.102272	0.0151741	-1	-1	3
521	0.602916	42.5686	47	0.905716	-0.122033	0.0148117	-1	-1	3
522	0.602916	43.1583	47	0.918261	-0.142228	0.0144306	-1	-1	3
523	0.602916	36.0923	47	0.76792	-0.161313	0.0140503	-1	-1	3
524	0.602916	61.5684	47	1.30997	-0.212019	0.0131163	-1	-1	3
525	0.602916	46.9683	47	0.999325	-0.195732	0.0134158	-1	-1	3
526	0.602916	71.5359	47	1.52204	-0.210183	0.0131637	-1	-1	3
527	0.602916	118.424	47	2.51966	0.807382	0.0380323	-1	-1	3
528	0.602916	79.6069	47	1.69376	0.393126	0.0263486	-1	-1	3
529	0.602916	87.1856	47	1.85501	0.408644	0.0267676	-1	-1	3
530	0.602916	79.8974	47	1.69995	0.383915	0.0261338	-1	-1	3
531	0.602916	55.4741	47	1.1803	0.310566	0.024336	-1	-1	3
532	0.602916	54.8861	47	1.16779	0.288889	0.0237961	-1	-1	3
533	0.602916	74.52	47	1.58553	0.251274	0.022833	-1	-1	3
534	0.602916	50.0306	47	1.06448	0.145725	0.0205003	-1	-1	3
535	0.602916	61.2436	47	1.30306	0.207927	0.0218087	-1	-1	3
536	0.602916	36.8337	47	0.783695	0.121335	0.0199701	-1	-1	3
537	0.602916	58.4743	47	1.24413	0.204715	0.0217457	-1	-1	3
538	0.602916	46.7766	47	0.995247	0.158219	0.0206769	-1	-1	3
539	0.602916	59.935	47	1.27521	0.181927	0.0212156	-1	-1	3
540	0.602916	45.5925	47	0.970054	0.154068	0.0206248	-1	-1	3
541	0.602916	84.4314	47	1.79641	0.210693	0.0218101	-1	-1	3
542	0.602916	46.6585	47	0.992734	0.0491804	0.018318	-1	-1	3
543	0.602916	45.2263	47	0.962261	0.0155639	0.0176083	-1	-1	3
544	0.602916	75.9323	47	1.61558	0.134243	0.0200928	-1	-1	3
545	0.602916	48.1868	47	1.02525	0.0413991	0.0181456	-1	-1	3
546	0.602916	94.5819	47	2.01238	0.13165	0.0200427	-1	-1	3
547	0.602916	67.1476	47	1.42867	0.134589	0.0201002	-1	-1	3
548	0.602916	42.644	47	0.907318	-0.0293718	0.0166823	-1	-1	3
549	0.602916	46.2805	47	0.984692	0.00800135	0.0174289	-1	-1	3
550	0.602916	39.8872	47	0.848663	-0.019727	0.0168523	-1	-1	3
551	0.602916	55.535	47	1.1816	-0.0509815	0.0161893	-1	-1	3
552	0.602916	55.2423	47	1.17537	-0.0585707	0.0160514	-1	-1	3
553	0.602916	35.1245	47	0.747329	-0.0656961	0.0159168	-1	-1	3
554	0.602916	54.9446	47	1.16903	-0.0459178	0.0162605	-1	-1	3
555	0.602916	34.4821	47	0.733661	-0.109654	0.0150735	-1	-1	3
556	0.602916	184.696	47	3.9297	0.683335	0.0342212	-1	-1	3
557	0.602916	128.234	47	2.72839	0.628038	0.0326815	-1	-1	3
558	0.602916	96.7051	47	2.05756	0.574925	0.0312168	-1	-1	3
559	0.602916	99.8382	47	2.12422	0.503494	0.0292728	-1	-1	3
560	0.602916	45.9995	47	0.978713	0.313231	0.0244842	-1	-1	3
561	0.602916	158.809	47	3.37892	0.448894	0.0277186	-1	-1	3
562	0.602916	45.8558	47	0.975655	0.251681	0.0229148	-1	-1	3
563	0.602916	59.0449	47	1.25628	0.213786	0.0219919	-1	-1	3
564	0.602916	57.2147	47	1.21733	0.239522	0.0226249	-1	-1	3
565	0.602916	56.1152	47	1.19394	0.215143	0.022037	-1	-1	3
566	0.602916	132.526	47	2.81971	0.325151	0.0245776	-1	-1	3
567	0.602916	36.5958	47	0.778634	0.198254	0.0216811	-1	-1	3
568	0.602916	108.278	47	2.30378	0.285733	0.0236336	-1	-1	3
569	0.602916	74.4336	47	1.58369	0.260247	0.02303	-1	-1	3
570	0.602916	56.0614	47	1.1928	0.226805	0.022253	-1	-1	3
571	0.602916	89.4825	47	1.90388	0.171198	0.0209444	-1	-1	3
572	0.602916	59.6789	47	1.26976	0.148501	0.0204342	-1	-1	3
573	0.602916	67.2802	47	1.43149	0.151055	0.0205038	-1	-1	3
574	0.602916	56.0876	47	1.19335	0.126849	0.0199659	-1	-1	3
575	0.602916	148.104	47	3.15115	0.246514	0.0226197	-1	-1	3
576	0.602916	40.8219	47	0.868551	0.0986373	0.0193777	-1	-1	3
577	0.602916	42.2026	47	0.897927	0.0382074	0.018048	-1	-1	3
578	0.602916	59.4383	47	1.26464	0.0081126	0.0173731	-1	-1	3
579	0.602916	54.767	47	1.16526	-0.0246863	0.0167213	-1	-1	3
580	0.602916	38.7012	47	0.823431	-0.0816861	0.0156037	-1	-1	3
581	0.602916	57.7213	47	1.22811	-0.0471422	0.0162128	-1	-1	3
582	0.602916	32.0975	47	0.682926	-0.0805228	0.0156193	-1	-1	3
583	0.602916	32.8649	47	0.699254	-0.115327	0.0149534	-1	-1	3
584	0.602916	42.8662	47	0.912046	-0.158562	0.0140781	-1	-1	3
585	0.602916	149.403	47	3.17878	0.86017	0.0396575	-1	-1	3
586	0.602916	95.2877	47	2.0274	0.466207	0.0282514	-1	-1	3
587	0.602916	63.4936	47	1.35093	0.325904	0.0246808	-1	-1	3
588	0.602916	50.199	47	1.06806	0.154777	0.0206638	-1	-1	3
589	0.602916	96.3825	47	2.05069	0.24977	0.0227596	-1	-1	3
590	0.602916	44.1717	47	0.939824	0.164473	0.0209167	-1	-1	3
591	0.602916	49.9458	47	1.06268	0.173041	0.0210198	-1	-1	3
592	0.602916	71.2261	47	1.51545	0.0765919	0.0189696	-1	-1	3
593	0.602916	59.4247	47	1.26436	0.159276	0.0207017	-1	-1	3
594	0.602916	54.0487	47	1.14997	0.153423	0.0205793	-1	-1	3
595	0.602916	52.1298	47	1.10914	0.0924372	0.019287	-1	-1	3
596	0.602916	67.5932	47	1.43815	0.104217	0.0194791	-1	-1	3
597	0.602916	38.634	47	0.822	0.0616672	0.018565	-1	-1	3
598	0.602916	50.336	47	1.07098	0.0439667	0.0182119	-1	-1	3
599	0.602916	54.0242	47	1.14945	-0.0111622	0.0169791	-1	-1	3
600	0.602916	68.3452	47	1.45415	-0.0652515	0.0159733	-1	-1	3
601	0.602916	51.094	47	1.08711	-0.00506654	0.0171244	-1	-1	3
602	0.602916	41.6807	47	0.886823	-0.0262368	0.0167096	-1	-1	3
603	0.602916	59.7127	47	1.27048	-0.0631799	0.0159312	-1	-1	3
604	0.602916	61.815	47	1.31521	-0.0681512	0.0158546	-1	-1	3
605	0.602916	39.5531	47	0.841555	-0.136784	0.0144969	-1	-1	3
606	0.602916	109.706	47	2.33417	0.564142	0.0308958	-1	-1	3
607	0.602916	50.1282	47	1.06656	0.351886	0.0254388	-1	-1	3
608	0.602916	148.752	47	3.16494	0.420025	0.0270173	-1	-1	3
609	0.602916	42.7928	47	0.910486	0.281048	0.023709	-1	-1	3
610	0.602916	90.3503	47	1.92235	0.366085	0.0256706	-1	-1	3
611	0.602916	45.5384	47	0.968903	0.270712	0.0234295	-1	-1	3
612	0.602916	75.9151	47	1.61522	0.252556	0.022921	-1	-1	3
613	0.602916	41.3865	47	0.880564	0.137777	0.0202657	-1	-1	3
614	0.602916	88.2221	47	1.87707	0.263846	0.023109	-1	-1	3
615	0.602916	44.5563	47	0.948006	0.124083	0.0199927	-1	-1	3
616	0.602916	78.3566	47	1.66716	0.262508	0.0231174	-1	-1	3
617	0.602916	83.69	47	1.78064	0.173512	0.0210112	-1	-1	3
618	0.602916	49.4968	47	1.05312	0.173199	0.0210255	-1	-1	3
619	0.602916	39.3696	47	0.837652	0.054081	0.0184238	-1	-1	3
620	0.602916	37.1678	47	0.790805	0.0569872	0.0184844	-1	-1	3
621	0.602916	63.2574	47	1.3459	0.0736602	0.0188377	-1	-1	3
622	0.602916	79.0758	47	1.68246	0.0769451	0.0188283	-1	-1	3
623	0.602916	57.8329	47	1.23049	0.0224557	0.0176705	-1	-1	3
624	0.602916	60.0152	47	1.27692	0.00143582	0.0172743	-1	-1	3
625	0.602916	44.4257	47	0.945229	-0.16765	0.0139622	-1	-1	3
626	0.602916	98.4328	47	2.09431	0.561929	0.0308555	-1	-1	3
627	0.602916	114.22	47	2.43022	0.518852	0.0296687	-1	-1	3
628	0.602916	68.5583	47	1.45869	0.327709	0.0248097	-1	-1	3
629	0.602916	109.646	47	2.3329	0.396744	0.026465	-1	-1	3
630	0.602916	48.1238	47	1.02391	0.199454	0.0217848	-1	-1	3
631	0.602916	76.443	47	1.62645	0.271035	0.0233346	-1	-1	3
632	0.602916	118.11	47	2.51297	0.383526	0.0260518	-1	-1	3
633	0.602916	130.632	47	2.7794	0.356466	0.0253657	-1	-1	3
634	0.602916	56.8906	47	1.21044	0.216935	0.0221008	-1	-1	3
635	0.602916	176.391	47	3.75299	0.278306	0.0234077	-1	-1	3
636	0.602916	73.8895	47	1.57212	0.086917	0.0191215	-1	-1	3
637	0.602916	87.2041	47	1.85541	0.127122	0.0199291	-1	-1	3
638	0.602916	44.4564	47	0.945881	-0.0371756	0.0165261	-1	-1	3
639	0.602916	69.1994	47	1.47233	0.0277922	0.0178074	-1	-1	3
640	0.602916	56.2121	47	1.196	-0.106384	0.0151725	-1	-1	3
641	0.602916	45.9064	47	0.976731	-0.0483473	0.0162607	-1	-1	3
642	0.602916	57.9668	47	1.23334	-0.25553	0.012364	-1	-1	3
643	0.602916	92.4919	47	1.96791	0.567222	0.0310697	-1	-1	3
644	0.602916	137.657	47	2.92886	0.453164	0.0278989	-1	-1	3
645	0.602916	95.6674	47	2.03548	0.402025	0.0266091	-1	-1	3
646	0.602916	62.9328	47	1.339	0.377078	0.0259781	-1	-1	3
647	0.602916	56.1062	47	1.19375	0.265997	0.0232764	-1	-1	3
648	0.602916	170.701	47	3.63193	0.358185	0.0253833	-1	-1	3
649	0.602916	71.8843	47	1.52945	0.257365	0.0229969	-1	-1	3
650	0.602916	129.644	47	2.75839	0.242159	0.0225763	-1	-1	3
651	0.602916	91.8346	47	1.95393	0.261709	0.0230839	-1	-1	3
652	0.602916	74.8015	47	1.59152	0.21361	0.021959	-1	-1	3
653	0.602916	95.1434	47	2.02433	0.191819	0.02143	-1	-1	3
654	0.602916	44.5661	47	0.948215	0.141837	0.0203275	-1	-1	3
655	0.602916	55.15	47	1.1734	0.138623	0.0202691	-1	-1	3
656	0.602916	58.0139	47	1.23434	0.0423406	0.0182555	-1	-1	3
657	0.602916	91.6194	47	1.94935	0.122343	0.0198985	-1	-1	3
658	0.602916	40.6871	47	0.865683	0.0946145	0.0193017	-1	-1	3
659	0.602916	129.272	47	2.75047	0.155054	0.0205384	-1	-1	3
660	0.602916	92.4717	47	1.96748	0.0969001	0.0192694	-1	-1	3
661	0.602916	62.6216	47	1.33237	0.0275514	0.017809	-1	-1	3
662	0.602916	53.2181	47	1.1323	-0.143532	0.0144305	-1	-1	3
663	0.602916	64.2891	47	1.36785	-0.182014	0.0137184	-1	-1	3
664	0.602916	162.226	47	3.45161	0.736923	0.0359364	-1	-1	3
665	0.602916	63.3932	47	1.34879	0.33196	0.0249691	-1	-1	3
666	0.602916	135.34	47	2.87957	0.409927	0.0268196	-1	-1	3
667	0.602916	76.9091	47	1.63636	0.229003	0.0224647	-1	-1	3
668	0.602916	82.8928	47	1.76368	0.406466	0.0267723	-1	-1	3
669	0.602916	95.3898	47	2.02957	0.281606	0.023631	-1	-1	3
670	0.602916	69.0753	47	1.46969	0.264534	0.0232138	-1	-1	3
671	0.602916	136.92	47	2.9132	0.324288	0.024558	-1	-1	3
672	0.602916	53.896	47	1.14672	0.144087	0.0204682	-1	-1	3
673	0.602916	95.19	47	2.02532	0.272095	0.0233352	-1	-1	3
674	0.602916	89.786	47	1.91034	0.185079	0.021279	-1	-1	3
675	0.602916	84.6216	47	1.80046	0.215929	0.022042	-1	-1	3
676	0.602916	58.5705	47	1.24618	0.151754	0.0205726	-1	-1	3
677	0.602916	63.414	47	1.34923	0.0617334	0.0186531	-1	-1	3
678	0.602916	61.1927	47	1.30197	0.121809	0.0198962	-1	-1	3
679	0.602916	48.0463	47	1.02226	0.02372	0.0178021	-1	-1	3
680	0.602916	45.9877	47	0.978461	-0.0907463	0.0154179	-1	-1	3
681	0.602916	52.8068	47	1.12355	-0.08227	0.0156292	-1	-1	3
682	0.602916	134.972	47	2.87174	0.773255	0.0370969	-1	-1	3
683	0.602916	153.002	47	3.25535	0.567348	0.0310472	-1	-1	3
684	0.602916	106.739	47	2.27104	0.406205	0.0267426	-1	-1	3
685	0.602916	95.3867	47	2.0295	0.376636	0.0260138	-1	-1	3
686	0.602916	107.783	47	2.29325	0.35204	0.0253314	-1	-1	3
687	0.602916	53.1279	47	1.13038	0.138898	0.0203638	-1	-1	3
688	0.602916	28.4396	47	0.605098	0.152334	0.0206797	-1	-1	3
689	0.602916	93.0505	47	1.9798	0.17636	0.0210983	-1	-1	3
690	0.602916	75.0569	47	1.59696	0.128074	0.0200288	-1	-1	3
691	0.602916	50.0374	47	1.06463	0.123267	0.0199697	-1	-1	3
692	0.602916	65.634	47	1.39647	0.110527	0.019641	-1	-1	3
693	0.602916	47.724	47	1.0154	0.0364111	0.0180624	-1	-1	3
694	0.602916	62.6686	47	1.33337	-0.0299514	0.0166632	-1	-1	3
695	0.602916	105.919	47	2.2536	0.828611	0.0388676	-1	-1	3
696	0.602916	209.691	47	4.46152	0.781779	0.0372512	-1	-1	3
697	0.602916	140.703	47	2.99367	0.770747	0.0370274	-1	-1	3
698	0.602916	98.2617	47	2.09068	0.590397	0.0318293	-1	-1	3
699	0.602916	92.1512	47	1.96066	0.582233	0.0315665	-1	-1	3
700	0.602916	88.4887	47	1.88274	0.507362	0.029519	-1	-1	3
701	0.602916	78.2091	47	1.66402	0.427803	0.0273685	-1	-1	3
702	0.602916	159.608	47	3.39591	0.549143	0.0305394	-1	-1	3
703	0.602916	110.257	47	2.3459	0.310204	0.0243142	-1	-1	3
704	0.602916	54.221	47	1.15364	0.257182	0.0231736	-1	-1	3
705	0.602916	71.2388	47	1.51572	0.374154	0.02597	-1	-1	3
706	0.602916	72.1918	47	1.536	0.291864	0.0239509	-1	-1	3
707	0.602916	58.4241	47	1.24307	0.261034	0.0232084	-1	-1	3
708	0.602916	34.0973	47	0.725474	0.169817	0.021076	-1	-1	3
709	0.602916	66.0197	47	1.40468	0.129667	0.0201293	-1	-1	3
710	0.602916	100.591	47	2.14023	0.234692	0.0224893	-1	-1	3
711	0.602916	90.627	47	1.92823	0.0996116	0.019443	-1	-1	3
712	0.602916	64.2139	47	1.36625	0.0431858	0.0182035	-1	-1	3
713	0.602916	79.8717	47	1.6994	-0.0383887	0.0166263	-1	-1	3
714	0.602916	110.674	47	2.35476	0.121009	0.0198319	-1	-1	3
715	0.602916	47.8889	47	1.01891	0.0245218	0.0178395	-1	-1	3
716	0.602916	46.2536	47	0.984118	-0.0734576	0.0158397	-1	-1	3
717	0.602916	57.7654	47	1.22905	-0.0832683	0.0155975	-1	-1	3
718	0.602916	67.1727	47	1.42921	-0.129992	0.0147182	-1	-1	3
719	0.602916	57.1254	47	1.21543	0.472613	0.0287469	-1	-1	3
720	0.602916	104.449	47	2.22233	0.589615	0.0318169	-1	-1	3
721	0.602916	94.283	47	2.00602	0.56907	0.0312475	-1	-1	3
722	0.602916	82.2177	47	1.74931	0.533525	0.0302698	-1	-1	3
723	0.602916	80.0147	47	1.70244	0.515342	0.0297648	-1	-1	3
724	0.602916	135.484	47	2.88264	0.507241	0.0294817	-1	-1	3
725	0.602916	125.476	47	2.66971	0.432329	0.0274724	-1	-1	3
726	0.602916	84.9484	47	1.80741	0.420159	0.0271945	-1	-1	3
727	0.602916	103.021	47	2.19194	0.354692	0.025522	-1	-1	3
728	0.602916	119.187	47	2.53589	0.329741	0.0248633	-1	-1	3
729	0.602916	40.7623	47	0.867283	0.147715	0.0206407	-1	-1	3
730	0.602916	67.6483	47	1.43932	0.258988	0.0231717	-1	-1	3
731	0.602916	68.5364	47	1.45822	0.230417	0.0224945	-1	-1	3
732	0.602916	37.0687	47	0.788696	0.176971	0.0212667	-1	-1	3
733	0.602916	42.3291	47	0.900619	0.101695	0.0195749	-1	-1	3
734	0.602916	76.8547	47	1.63521	0.131181	0.0201576	-1	-1	3
735	0.602916	69.2828	47	1.4741	0.0698028	0.0188073	-1	-1	3
736	0.602916	37.6396	47	0.800842	0.0967768	0.0194162	-1	-1	3
737	0.602916	65.8589	47	1.40125	0.0625399	0.0186514	-1	-1	3
738	0.602916	61.8392	47	1.31573	-0.0400038	0.0165327	-1	-1	3
739	0.602916	73.7263	47	1.56865	-0.00899546	0.0171115	-1	-1	3
740	0.602916	86.4339	47	1.83902	0.635386	0.033256	-1	-1	3
741	0.602916	158.981	47	3.38258	0.721074	0.0356125	-1	-1	3
742	0.602916	160.006	47	3.40438	0.704811	0.035138	-1	-1	3
743	0.602916	137.232	47	2.91983	0.59887	0.0320985	-1	-1	3
744	0.602916	114.46	47	2.43532	0.549674	0.0307398	-1	-1	3
745	0.602916	109.414	47	2.32795	0.553704	0.0308485	-1	-1	3
746	0.602916	158.029	47	3.36233	0.514943	0.0297247	-1	-1	3
747	0.602916	180.206	47	3.83418	0.42627	0.0272879	-1	-1	3
748	0.602916	174.422	47	3.7111	0.488413	0.0289512	-1	-1	3
749	0.602916	86.6501	47	1.84362	0.294266	0.0240596	-1	-1	3
750	0.602916	77.163	47	1.64177	0.255512	0.0231382	-1	-1	3
751	0.602916	71.1	47	1.51277	0.178487	0.0213152	-1	-1	3
752	0.602916	121.829	47	2.59211	0.22478	0.0223204	-1	-1	3
753	0.602916	97.7016	47	2.07876	0.242103	0.0227512	-1	-1	3
754	0.602916	70.2722	47	1.49515	0.0245496	0.0178795	-1	-1	3
755	0.602916	37.0793	47	0.788922	-0.0468535	0.0164115	-1	-1	3
756	0.602916	73.2866	47	1.55929	-0.155639	0.0142452	-1	-1	3
757	0.602916	216.223	47	4.6005	0.692423	0.0347666	-1	-1	3
758	0.602916	168.936	47	3.59438	0.767478	0.0371128	-1	-1	3
759	0.602916	182.208	47	3.87676	0.595846	0.032034	-1	-1	3
760	0.602916	88.885	47	1.89117	0.547377	0.0307916	-1	-1	3
761	0.602916	114.363	47	2.43325	0.504843	0.0295961	-1	-1	3
762	0.602916	124.593	47	2.65091	0.418479	0.0272436	-1	-1	3
763	0.602916	61.7948	47	1.31478	0.324824	0.0249254	-1	-1	3
764	0.602916	63.2313	47	1.34535	0.292254	0.024085	-1	-1	3
765	0.602916	91.0369	47	1.93696	0.211952	0.0221273	-1	-1	3
766	0.602916	33.5156	47	0.713098	0.0355083	0.0182064	-1	-1	3
767	0.602916	49.8938	47	1.06157	0.000766704	0.017426	-1	-1	3
768	0.602916	83.2931	47	1.77219	0.0126851	0.0176032	-1	-1	3
769	0.602916	200.678	47	4.26975	0.785782	0.0376944	-1	-1	3
770	0.602916	73.7912	47	1.57002	0.57499	0.0317194	-1	-1	3
771	0.602916	114.073	47	2.42708	0.556428	0.0310849	-1	-1	3
772	0.602916	135.079	47	2.87403	0.509223	0.0296695	-1	-1	3
773	0.602916	198.301	47	4.21917	0.483911	0.0289572	-1	-1	3
774	0.602916	132.247	47	2.81376	0.396463	0.0266827	-1	-1	3
775	0.602916	137.794	47	2.93179	0.324832	0.0248433	-1	-1	3
776	0.602916	79.5156	47	1.69182	0.307052	0.0244912	-1	-1	3
777	0.602916	90.0341	47	1.91562	0.254964	0.0232171	-1	-1	3
778	0.602916	89.9142	47	1.91307	0.133939	0.0203437	-1	-1	3
779	0.602916	53.6796	47	1.14212	-0.0781259	0.0158173	-1	-1	3
780	0.602916	104.77	47	2.22915	-0.00600949	0.0174109	-1	-1	3
781	0.602916	69.1411	47	1.47109	-0.00327108	0.017396	-1	-1	3
782	0.602916	89.8553	47	1.91182	-0.0887906	0.0156811	-1	-1	3
783	0.602916	50.7841	47	1.08051	-0.106575	0.0152721	-1	-1	3
784	0.602916	82.6613	47	1.75875	-0.189952	0.0136662	-1	-1	3
785	0.602916	95.9076	47	2.04059	-0.184432	0.0137952	-1	-1	3
786	0.602916	135.454	47	2.882	-0.235439	0.012874	-1	-1	3
787	0.602916	159.517	47	3.39399	-0.255485	0.0125187	-1	-1	3
788	0.602916	131.817	47	2.80462	-0.267623	0.0122989	-1	-1	3
789	0.602916	86.525	47	1.84096	-0.265233	0.0122982	-1	-1	3
790	0.602916	95.7035	47	2.03625	-0.268066	0.0122636	-1	-1	3
791	0.602916	106.257	47	2.26078	-0.311709	0.0114955	-1	-1	3
792	0.602916	145.536	47	3.09651	-0.325719	0.0112734	-1	-1	3
793	0.602916	150.652	47	3.20536	-0.363551	0.0106609	-1	-1	3
794	0.602916	199.984	47	4.25498	-0.393302	0.0101624	-1	-1	3
795	0.602916	89.2841	47	1.89966	-0.0772696	0.0158667	-1	-1	3
796	0.602916	59.8158	47	1.27268	-0.0838537	0.0157446	-1	-1	3
797	0.602916	69.8446	47	1.48606	-0.108636	0.0152608	-1	-1	3
798	0.602916	102.771	47	2.18662	-0.127825	0.014889	-1	-1	3
799	0.602916	85.668	47	1.82272	-0.177074	0.0139154	-1	-1	3
800	0.602916	76.1455	47	1.62012	-0.211374	0.0132831	-1	-1	3
801	0.602916	146.263	47	3.11198	-0.272932	0.0122035	-1	-1	3
802	0.602916	70.7024	47	1.50431	-0.233091	0.01285	-1	-1	3
803	0.602916	99.1258	47	2.10906	-0.255625	0.0124761	-1	-1	3
804	0.602916	92.1887	47	1.96146	-0.3091	0.0115332	-1	-1	3
805	0.602916	154.193	47	3.2807	-0.330385	0.0111976	-1	-1	3
806	0.602916	153.571	47	3.26746	-0.379209	0.0103914	-1	-1	3
807	0.602916	61.4581	47	1.30762	0.0819647	0.0192456	-1	-1	3
808	0.602916	69.9164	47	1.48758	-0.0762676	0.0159225	-1	-1	3
809	0.602916	66.8015	47	1.42131	-0.0497059	0.0164185	-1	-1	3
810	0.602916	44.6646	47	0.95031	-0.0867518	0.0156578	-1	-1	3
811	0.602916	59.2457	47	1.26055	-0.170954	0.0140257	-1	-1	3
812	0.602916	94.1357	47	2.00289	-0.207473	0.0133554	-1	-1	3
813	0.602916	97.7792	47	2.08041	-0.216806	0.0131998	-1	-1	3
814	0.602916	124.876	47	2.65694	-0.250239	0.0125933	-1	-1	3
815	0.602916	123.096	47	2.61906	-0.272951	0.0121828	-1	-1	3
816	0.602916	84.3825	47	1.79537	-0.293662	0.0117913	-1	-1	3
817	0.602916	126.166	47	2.68438	-0.341953	0.0109796	-1	-1	3
818	0.602916	47.06	47	1.00128	-0.00297418	0.0173331	-1	-1	3
819	0.602916	60.0336	47	1.27731	-0.104113	0.0152687	-1	-1	3
820	0.602916	134.418	47	2.85995	-0.200502	0.0135152	-1	-1	3
821	0.602916	77.9127	47	1.65772	-0.158186	0.0142672	-1	-1	3
822	0.602916	44.984	47	0.957106	-0.151607	0.0143479	-1	-1	3
823	0.602916	71.5051	47	1.52138	-0.241174	0.0127219	-1	-1	3
824	0.602916	53.997	47	1.14887	-0.182894	0.0137533	-1	-1	3
825	0.602916	100.607	47	2.14058	-0.224463	0.01305	-1	-1	3
826	0.602916	146.876	47	3.12502	-0.273806	0.0121775	-1	-1	3
827	0.602916	203.092	47	4.3211	-0.31546	0.011476	-1	-1	3
828	0.602916	158.092	47	3.36365	-0.3488	0.0108731	-1	-1	3
829	0.602916	197.947	47	4.21163	-0.367154	0.0105828	-1	-1	3
830	0.602916	61.7672	47	1.3142	0.260308	0.0233268	-1	-1	3
831	0.602916	86.7237	47	1.84519	-0.08929	0.015661	-1	-1	3
832	0.602916	42.9681	47	0.914215	-0.0269839	0.016858	-1	-1	3
833	0.602916	46.9687	47	0.999335	-0.0880797	0.0156239	-1	-1	3
834	0.602916	101.129	47	2.15168	-0.0983042	0.0154232	-1	-1	3
835	0.602916	58.9922	47	1.25515	-0.116709	0.0150598	-1	-1	3
836	0.602916	118.056	47	2.51183	-0.125587	0.0149148	-1	-1	3
837	0.602916	124.234	47	2.64328	-0.24555	0.012685	-1	-1	3
838	0.602916	99.612	47	2.1194	-0.174591	0.0139479	-1	-1	3
839	0.602916	82.339	47	1.75189	-0.169082	0.0140548	-1	-1	3
840	0.602916	101.965	47	2.16946	-0.234958	0.0128547	-1	-1	3
841	0.602916	116.404	47	2.47668	-0.248111	0.0126265	-1	-1	3
842	0.602916	113.702	47	2.41919	-0.280395	0.0120441	-1	-1	3
843	0.602916	144.999	47	3.08509	-0.289467	0.0118951	-1	-1	3
844	0.602916	151.924	47	3.23243	-0.307679	0.0115838	-1	-1	3
845	0.602916	99.1239	47	2.10902	-0.268495	0.0122248	-1	-1	3
846	0.602916	105.407	47	2.24271	-0.306814	0.0115631	-1	-1	3
847	0.602916	163.316	47	3.4748	-0.343345	0.0109611	-1	-1	3
848	0.602916	66.7881	47	1.42102	-0.310424	0.0114694	-1	-1	3
849	0.602916	138.951	47	2.9564	-0.384636	0.0102807	-1	-1	3
850	0.602916	30.4942	47	0.648814	-0.00459428	0.0173379	-1	-1	3
851	0.602916	59.2514	47	1.26067	-0.046304	0.0164765	-1	-1	3
852	0.602916	66.0795	47	1.40595	-0.0243466	0.0169011	-1	-1	3
853	0.602916	145.07	47	3.0866	-0.102643	0.0153936	-1	-1	3
854	0.602916	68.2416	47	1.45195	-0.0746667	0.015882	-1	-1	3
855	0.602916	79.8175	47	1.69824	-0.134157	0.014738	-1	-1	3
856	0.602916	69.9529	47	1.48836	-0.125736	0.0148902	-1	-1	3
857	0.602916	76.7712	47	1.63343	-0.135711	0.0146966	-1	-1	3
858	0.602916	121.249	47	2.57978	-0.176016	0.0139583	-1	-1	3
859	0.602916	87.0443	47	1.85201	-0.197566	0.0135203	-1	-1	3
860	0.602916	45.5389	47	0.968913	-0.104546	0.0152721	-1	-1	3
861	0.602916	69.8546	47	1.48627	-0.207615	0.0133001	-1	-1	3
862	0.602916	122.894	47	2.61477	-0.260631	0.0123898	-1	-1	3
863	0.602916	137.086	47	2.91672	-0.294521	0.0117893	-1	-1	3
864	0.602916	133.466	47	2.8397	-0.290616	0.0118627	-1	-1	3
865	0.602916	69.6923	47	1.48282	-0.254843	0.0124418	-1	-1	3
866	0.602916	124.53	47	2.64957	-0.402625	0.00996027	-1	-1	3
867	0.602916	45.3712	47	0.965344	0.223807	0.0224613	-1	-1	3
868	0.602916	67.962	47	1.446	0.0144433	0.0177475	-1	-1	3
869	0.602916	42.2399	47	0.898721	-0.0470839	0.0164366	-1	-1	3
870	0.602916	83.7833	47	1.78262	-0.0774669	0.0158672	-1	-1	3
871	0.602916	66.5284	47	1.4155	-0.0671028	0.0160159	-1	-1	3
872	0.602916	53.4631	47	1.13751	-0.058272	0.0161799	-1	-1	3
873	0.602916	47.0591	47	1.00126	-0.0959279	0.0154269	-1	-1	3
874	0.602916	69.0626	47	1.46942	-0.108221	0.0152214	-1	-1	3
875	0.602916	35.6041	47	0.757535	-0.0457567	0.0164043	-1	-1	3
876	0.602916	92.8374	47	1.97526	-0.162971	0.0141912	-1	-1	3
877	0.602916	74.783	47	1.59113	-0.154116	0.0143475	-1	-1	3
878	0.602916	40.0989	47	0.853168	-0.120835	0.0149278	-1	-1	3
879	0.602916	37.9134	47	0.806667	-0.139539	0.0145705	-1	-1	3
880	0.602916	53.563	47	1.13964	-0.161927	0.014146	-1	-1	3
881	0.602916	68.114	47	1.44923	-0.19093	0.0136167	-1	-1	3
882	0.602916	138.371	47	2.94407	-0.254695	0.0125016	-1	-1	3
883	0.602916	66.2174	47	1.40888	-0.203583	0.0133826	-1	-1	3
884	0.602916	100.051	47	2.12875	-0.237508	0.0127672	-1	-1	3
885	0.602916	76.5625	47	1.62899	-0.255219	0.0124476	-1	-1	3
886	0.602916	115.408	47	2.45548	-0.280618	0.0120299	-1	-1	3
887	0.602916	144.528	47	3.07506	-0.28002	0.0120528	-1	-1	3
888	0.602916	120.919	47	2.57275	-0.281459	0.0119956	-1	-1	3
889	0.602916	31.8532	47	0.677727	0.0603028	0.0186695	-1	-1	3
890	0.602916	47.8953	47	1.01905	0.0451314	0.0183586	-1	-1	3
891	0.602916	61.6855	47	1.31246	0.0725405	0.0189524	-1	-1	3
892	0.602916	51.0259	47	1.08566	0.0116273	0.0176512	-1	-1	3
893	0.602916	59.2842	47	1.26137	-0.0468964	0.0164191	-1	-1	3
894	0.602916	55.569	47	1.18232	-0.0842751	0.0156604	-1	-1	3
895	0.602916	46.228	47	0.983575	-0.0820043	0.0157131	-1	-1	3
896	0.602916	80.2685	47	1.70784	-0.130636	0.0147579	-1	-1	3
897	0.602916	85.7046	47	1.8235	-0.118468	0.01502	-1	-1	3
898	0.602916	95.5663	47	2.03333	-0.193006	0.0136092	-1	-1	3
899	0.602916	50.7633	47	1.08007	-0.110969	0.0151216	-1	-1	3
900	0.602916	112.307	47	2.38952	-0.197766	0.0135216	-1	-1	3
901	0.602916	101.351	47	2.15641	-0.213533	0.0132428	-1	-1	3
902	0.602916	73.8382	47	1.57103	-0.183578	0.0137462	-1	-1	3
903	0.602916	90.4471	47	1.92441	-0.236233	0.0128047	-1	-1	3
904	0.602916	117.422	47	2.49835	-0.246162	0.0126349	-1	-1	3
905	0.602916	100.499	47	2.13829	-0.287269	0.011901	-1	-1	3
906	0.602916	78.9201	47	1.67915	-0.307138	0.0115543	-1	-1	3
907	0.602916	99.6508	47	2.12023	-0.306922	0.0115553	-1	-1	3
908	0.602916	123.69	47	2.63171	-0.30087	0.0116735	-1	-1	3
909	0.602916	66.0971	47	1.40632	-0.250185	0.0125152	-1	-1	3
910	0.602916	45.6627	47	0.971547	0.165724	0.0210109	-1	-1	3
911	0.602916	32.7903	47	0.697667	0.195265	0.0217019	-1	-1	3
912	0.602916	47.3551	47	1.00755	0.0909393	0.0193528	-1	-1	3
913	0.602916	49.2366	47	1.04759	0.102011	0.019556	-1	-1	3
914	0.602916	49.599	47	1.0553	0.0556692	0.0185736	-1	-1	3
915	0.602916	61.6769	47	1.31228	-0.0277979	0.0168377	-1	-1	3
916	0.602916	59.8612	47	1.27364	-0.0398516	0.0165993	-1	-1	3
917	0.602916	69.9402	47	1.48809	0.0311992	0.0179871	-1	-1	3
918	0.602916	46.8138	47	0.996038	-0.0303014	0.0167327	-1	-1	3
919	0.602916	43.257	47	0.920361	-0.0867079	0.015609	-1	-1	3
920	0.602916	39.5883	47	0.842304	-0.0865736	0.015609	-1	-1	3
921	0.602916	87.2311	47	1.85598	-0.130126	0.0147676	-1	-1	3
922	0.602916	72.8917	47	1.55089	-0.142285	0.0145402	-1	-1	3
923	0.602916	61.5831	47	1.31028	-0.119298	0.0149236	-1	-1	3
924	0.602916	70.0586	47	1.49061	-0.156864	0.0142663	-1	-1	3
925	0.602916	96.1999	47	2.04681	-0.188225	0.0136906	-1	-1	3
926	0.602916	44.9231	47	0.955811	-0.132933	0.0146817	-1	-1	3
927	0.602916	64.0056	47	1.36182	-0.161791	0.0141242	-1	-1	3
928	0.602916	60.1276	47	1.27931	-0.182596	0.0137581	-1	-1	3
929	0.602916	73.8937	47	1.57221	-0.227708	0.0129537	-1	-1	3
930	0.602916	82.1288	47	1.74742	-0.263867	0.0122942	-1	-1	3
931	0.602916	125.675	47	2.67393	-0.269574	0.0122112	-1	-1	3
932	0.602916	78.7638	47	1.67583	-0.281676	0.0119418	-1	-1	3
933	0.602916	86.9881	47	1.85081	-0.29788	0.01168	-1	-1	3
934	0.602916	106.561	47	2.26725	-0.337333	0.0110254	-1	-1	3
935	0.602916	58.3325	47	1.24112	0.177896	0.0213336	-1	-1	3
936	0.602916	77.8587	47	1.65657	0.00787327	0.0176165	-1	-1	3
937	0.602916	45.0273	47	0.958027	0.0608604	0.0186178	-1	-1	3
938	0.602916	86.2356	47	1.8348	-0.0748705	0.0158955	-1	-1	3
939	0.602916	50.1118	47	1.06621	-0.0489356	0.0163552	-1	-1	3
940	0.602916	59.4758	47	1.26544	-0.0575418	0.0161725	-1	-1	3
941	0.602916	43.8169	47	0.932274	-0.0956436	0.0154329	-1	-1	3
942	0.602916	60.6116	47	1.28961	-0.102985	0.0152807	-1	-1	3
943	0.602916	86.4433	47	1.83922	-0.120611	0.0149584	-1	-1	3
944	0.602916	52.4904	47	1.11682	-0.14637	0.0144526	-1	-1	3
945	0.602916	94.825	47	2.01755	-0.14504	0.0144964	-1	-1	3
946	0.602916	78.683	47	1.67411	-0.185837	0.0137249	-1	-1	3
947	0.602916	63.865	47	1.35883	-0.205979	0.0133126	-1	-1	3
948	0.602916	104.054	47	2.21392	-0.229516	0.0129043	-1	-1	3
949	0.602916	57.3269	47	1.21972	-0.215512	0.0130979	-1	-1	3
950	0.602916	47.5869	47	1.01249	-0.193866	0.0135207	-1	-1	3
951	0.602916	86.9847	47	1.85074	-0.250511	0.0125239	-1	-1	3
952	0.602916	67.3837	47	1.43369	-0.277488	0.0120457	-1	-1	3
953	0.602916	134.044	47	2.85201	-0.387686	0.0101964	-1	-1	3
954	0.602916	35.2871	47	0.750789	0.207456	0.0220027	-1	-1	3
955	0.602916	47.7914	47	1.01684	0.124833	0.0201272	-1	-1	3
956	0.602916	74.4748	47	1.58457	0.0324979	0.0181342	-1	-1	3
957	0.602916	36.9225	47	0.785585	0.140952	0.0204255	-1	-1	3
958	0.602916	51.9721	47	1.10579	0.122633	0.0200027	-1	-1	3
959	0.602916	57.7662	47	1.22907	-0.00319298	0.0172419	-1	-1	3
960	0.602916	33.7415	47	0.717904	-0.00936779	0.0171249	-1	-1	3
961	0.602916	52.3982	47	1.11486	-0.029252	0.0167273	-1	-1	3
962	0.602916	95.8488	47	2.03934	-0.114491	0.0151083	-1	-1	3
963	0.602916	72.7656	47	1.5482	-0.0814634	0.0156612	-1	-1	3
964	0.602916	50.878	47	1.08251	-0.0763768	0.015797	-1	-1	3
965	0.602916	46.7981	47	0.995703	-0.129892	0.0147389	-1	-1	3
966	0.602916	41.4255	47	0.881393	-0.0878401	0.0155077	-1	-1	3
967	0.602916	52.5686	47	1.11848	-0.144766	0.0144681	-1	-1	3
968	0.602916	60.0265	47	1.27716	-0.0912394	0.0154465	-1	-1	3
969	0.602916	55.3116	47	1.17684	-0.144939	0.0144678	-1	-1	3
970	0.602916	45.1908	47	0.961507	-0.0955202	0.0153585	-1	-1	3
971	0.602916	57.1806	47	1.21661	-0.157625	0.0142217	-1	-1	3
972	0.602916	93.3323	47	1.98579	-0.189944	0.013648	-1	-1	3
973	0.602916	50.6016	47	1.07663	-0.0992493	0.0153119	-1	-1	3
974	0.602916	70.5687	47	1.50146	-0.181392	0.0137821	-1	-1	3
975	0.602916	58.609	47	1.247	-0.184238	0.0136809	-1	-1	3
976	0.602916	76.359	47	1.62466	-0.233415	0.0128156	-1	-1	3
977	0.602916	48.1753	47	1.02501	-0.207467	0.013236	-1	-1	3
978	0.602916	130.518	47	2.77698	-0.242817	0.0126662	-1	-1	3
979	0.602916	53.1009	47	1.12981	0.204494	0.0219055	-1	-1	3
980	0.602916	48.9856	47	1.04225	0.0109987	0.0175967	-1	-1	3
981	0.602916	61.4003	47	1.30639	-0.0253199	0.0168493	-1	-1	3
982	0.602916	54.9736	47	1.16965	-0.0451161	0.0164639	-1	-1	3
983	0.602916	62.7801	47	1.33575	0.0135584	0.0175649	-1	-1	3
984	0.602916	35.3305	47	0.751714	-0.0659413	0.0159964	-1	-1	3
985	0.602916	41.8339	47	0.890082	-0.0885987	0.0155154	-1	-1	3
986	0.602916	66.5917	47	1.41684	-0.126523	0.0148039	-1	-1	3
987	0.602916	58.7711	47	1.25045	-0.162328	0.0141289	-1	-1	3
988	0.602916	66.1667	47	1.4078	-0.166783	0.0140766	-1	-1	3
989	0.602916	49.7936	47	1.05944	-0.107783	0.0151243	-1	-1	3
990	0.602916	91.1266	47	1.93886	-0.194286	0.0135582	-1	-1	3
991	0.602916	112.428	47	2.39209	-0.182566	0.013786	-1	-1	3
992	0.602916	98.9313	47	2.10492	-0.197018	0.013506	-1	-1	3
993	0.602916	26.4664	47	0.563115	-0.209678	0.013208	-1	-1	3
994	0.602916	58.0153	47	1.23437	-0.229015	0.0128868	-1	-1	3
995	0.602916	69.587	47	1.48057	-0.222027	0.0130041	-1	-1	3
996	0.602916	52.5082	47	1.1172	-0.184139	0.0136409	-1	-1	3
997	0.602916	55.7839	47	1.18689	0.0698896	0.0188916	-1	-1	3
998	0.602916	33.4994	47	0.712754	0.121781	0.0199348	-1	-1	3
999	0.602916	38.7066	47	0.823545	0.0965479	0.0194099	-1	-1	3
1000	0.602916	50.4958	47	1.07438	-0.0104974	0.0171512	-1	-1	3
1001	0.602916	40.9198	47	0.870634	-0.00478512	0.0172685	-1	-1	3
1002	0.602916	45.7576	47	0.973565	0.0488321	0.0183228	-1	-1	3
1003	0.602916	31.2455	47	0.664798	0.00409181	0.0173834	-1	-1	3
1004	0.602916	81.8783	47	1.74209	-0.0684313	0.0159919	-1	-1	3
1005	0.602916	42.223	47	0.898361	-0.0231474	0.0168427	-1	-1	3
1006	0.602916	90.2684	47	1.9206	-0.0775943	0.0158145	-1	-1	3
1007	0.602916	62.5307	47	1.33044	-0.0730149	0.0158429	-1	-1	3
1008	0.602916	62.6062	47	1.33205	-0.0848115	0.0156115	-1	-1	3
1009	0.602916	56.026	47	1.19204	-0.0873153	0.0155587	-1	-1	3
1010	0.602916	43.1621	47	0.918342	-0.142304	0.0144334	-1	-1	3
1011	0.602916	74.2084	47	1.5789	-0.166341	0.0140503	-1	-1	3
1012	0.602916	78.3661	47	1.66736	-0.187439	0.0136597	-1	-1	3
1013	0.602916	39.8479	47	0.847828	-0.150271	0.0143108	-1	-1	3
1014	0.602916	97.5969	47	2.07653	-0.198334	0.0134597	-1	-1	3
1015	0.602916	44.9577	47	0.956547	-0.135997	0.0145733	-1	-1	3
1016	0.602916	89.1971	47	1.89781	-0.211316	0.0132334	-1	-1	3
1017	0.602916	56.2631	47	1.19709	-0.17732	0.0138114	-1	-1	3
1018	0.602916	58.6527	47	1.24793	-0.197472	0.0134452	-1	-1	3
1019	0.602916	116.63	47	2.48149	-0.244529	0.0126282	-1	-1	3
1020	0.602916	62.1049	47	1.32138	-0.209468	0.0132255	-1	-1	3
1021	0.602916	142.887	47	3.04015	-0.308053	0.0115272	-1	-1	3
1022	0.602916	46.733	47	0.994319	0.210265	0.0220355	-1	-1	3
1023	0.602916	71.1807	47	1.51448	0.272941	0.0234181	-1	-1	3
1024	0.602916	67.0387	47	1.42636	0.206057	0.0218209	-1	-1	3
1025	0.602916	45.9197	47	0.977016	0.0668869	0.01881	-1	-1	3
1026	0.602916	58.8816	47	1.2528	0.150022	0.0205683	-1	-1	3
1027	0.602916	38.6706	47	0.822779	0.0742387	0.0189233	-1	-1	3
1028	0.602916	45.8427	47	0.975376	0.0778547	0.0190107	-1	-1	3
1029	0.602916	42.0518	47	0.894718	0.0148005	0.0176343	-1	-1	3
1030	0.602916	49.7455	47	1.05841	-0.0108517	0.0171378	-1	-1	3
1031	0.602916	73.2544	47	1.5586	-0.0648189	0.0160427	-1	-1	3
1032	0.602916	70.1333	47	1.4922	-0.0697635	0.0159492	-1	-1	3
1033	0.602916	70.7544	47	1.50541	-0.106113	0.0152451	-1	-1	3
1034	0.602916	56.3757	47	1.19948	-0.0744758	0.0157585	-1	-1	3
1035	0.602916	56.5623	47	1.20345	-0.0708922	0.0158665	-1	-1	3
1036	0.602916	51.3083	47	1.09167	-0.120457	0.0148765	-1	-1	3
1037	0.602916	133.945	47	2.84989	-0.15117	0.0143957	-1	-1	3
1038	0.602916	57.4742	47	1.22285	-0.162138	0.0141071	-1	-1	3
1039	0.602916	43.9694	47	0.935518	-0.18592	0.0136565	-1	-1	3
1040	0.602916	58.6856	47	1.24863	-0.180266	0.013785	-1	-1	3
1041	0.602916	42.1173	47	0.896113	-0.129805	0.0146649	-1	-1	3
1042	0.602916	75.805	47	1.61287	-0.168532	0.0140144	-1	-1	3
1043	0.602916	99.4637	47	2.11625	-0.206669	0.0133174	-1	-1	3
1044	0.602916	58.1224	47	1.23665	-0.193295	0.0135562	-1	-1	3
1045	0.602916	50.0614	47	1.06514	-0.234062	0.0127616	-1	-1	3
1046	0.602916	82.8362	47	1.76247	-0.276456	0.0120422	-1	-1	3
1047	0.602916	78.7896	47	1.67637	0.408966	0.0268275	-1	-1	3
1048	0.602916	32.3799	47	0.688934	0.0812446	0.0190798	-1	-1	3
1049	0.602916	46.8993	47	0.997857	0.0223626	0.0177889	-1	-1	3
1050	0.602916	48.7523	47	1.03728	-0.000262099	0.0173125	-1	-1	3
1051	0.602916	60.5411	47	1.28811	-0.0139632	0.0170513	-1	-1	3
1052	0.602916	60.9064	47	1.29588	0.0555961	0.0184363	-1	-1	3
1053	0.602916	55.34	47	1.17745	-0.059377	0.0161126	-1	-1	3
1054	0.602916	64.8177	47	1.3791	-0.0383582	0.0165475	-1	-1	3
1055	0.602916	54.1429	47	1.15198	0.0146713	0.0175808	-1	-1	3
1056	0.602916	57.2864	47	1.21886	-0.0952984	0.0154049	-1	-1	3
1057	0.602916	53.4802	47	1.13788	-0.0135035	0.0170088	-1	-1	3
1058	0.602916	71.6018	47	1.52344	-0.0955525	0.0154356	-1	-1	3
1059	0.602916	49.4534	47	1.0522	-0.0476462	0.0163124	-1	-1	3
1060	0.602916	41.5681	47	0.884427	-0.0773417	0.0157381	-1	-1	3
1061	0.602916	68.114	47	1.44924	-0.127161	0.0147618	-1	-1	3
1062	0.602916	46.8715	47	0.997267	-0.141539	0.0145126	-1	-1	3
1063	0.602916	52.5153	47	1.11735	-0.160657	0.0141286	-1	-1	3
1064	0.602916	44.5421	47	0.947705	-0.114148	0.0149521	-1	-1	3
1065	0.602916	43.0165	47	0.915245	-0.141202	0.0144564	-1	-1	3
1066	0.602916	67.7812	47	1.44215	-0.315407	0.0113616	-1	-1	3
1067	0.602916	79.6137	47	1.69391	-0.273205	0.0120625	-1	-1	3
1068	0.602916	97.7518	47	2.07983	0.346143	0.0252209	-1	-1	3
1069	0.602916	47.2655	47	1.00565	0.265963	0.0233135	-1	-1	3
1070	0.602916	35.6245	47	0.757969	0.198107	0.0217168	-1	-1	3
1071	0.602916	49.1483	47	1.04571	0.163643	0.0209137	-1	-1	3
1072	0.602916	52.6407	47	1.12001	0.16772	0.0209381	-1	-1	3
1073	0.602916	48.7942	47	1.03818	0.110205	0.0196292	-1	-1	3
1074	0.602916	79.9846	47	1.7018	-0.0257601	0.0168671	-1	-1	3
1075	0.602916	28.6436	47	0.609437	0.00890099	0.0174989	-1	-1	3
1076	0.602916	73.3814	47	1.56131	-0.0484119	0.0163928	-1	-1	3
1077	0.602916	34.3197	47	0.730205	-0.00479141	0.0171906	-1	-1	3
1078	0.602916	49.9674	47	1.06314	0.014485	0.0176226	-1	-1	3
1079	0.602916	65.5408	47	1.39448	0.082563	0.0189931	-1	-1	3
1080	0.602916	35.6197	47	0.757866	-0.00868636	0.0171184	-1	-1	3
1081	0.602916	50.9812	47	1.08471	-0.0338938	0.016643	-1	-1	3
1082	0.602916	48.4836	47	1.03157	0.00132703	0.0172565	-1	-1	3
1083	0.602916	54.4238	47	1.15795	-0.0693851	0.0159181	-1	-1	3
1084	0.602916	48.5461	47	1.03289	-0.0131775	0.0170008	-1	-1	3
1085	0.602916	40.9687	47	0.871674	-0.0564965	0.016124	-1	-1	3
1086	0.602916	51.7528	47	1.10112	-0.119682	0.0148991	-1	-1	3
1087	0.602916	40.364	47	0.858809	-0.10268	0.0151999	-1	-1	3
1088	0.602916	55.767	47	1.18653	-0.137672	0.014599	-1	-1	3
1089	0.602916	62.4272	47	1.32824	-0.188677	0.0136219	-1	-1	3
1090	0.602916	84.6294	47	1.80063	-0.193088	0.0135299	-1	-1	3
1091	0.602916	66.753	47	1.42028	-0.197102	0.0134552	-1	-1	3
1092	0.602916	104.628	47	2.22612	-0.198911	0.0134398	-1	-1	3
1093	0.602916	88.3865	47	1.88056	-0.303106	0.0115882	-1	-1	3
1094	0.602916	116.134	47	2.47093	0.491233	0.0289271	-1	-1	3
1095	0.602916	49.2275	47	1.04739	0.195914	0.021633	-1	-1	3
1096	0.602916	85.6084	47	1.82145	0.284859	0.0236671	-1	-1	3
1097	0.602916	43.4612	47	0.924706	0.111037	0.0197253	-1	-1	3
1098	0.602916	51.9623	47	1.10558	0.0904538	0.0192949	-1	-1	3
1099	0.602916	63.425	47	1.34947	0.157381	0.0206922	-1	-1	3
1100	0.602916	32.5291	47	0.692108	0.0775987	0.0189525	-1	-1	3
1101	0.602916	49.4144	47	1.05137	0.045264	0.0182631	-1	-1	3
1102	0.602916	45.4575	47	0.96718	0.0317886	0.0179739	-1	-1	3
1103	0.602916	64.3378	47	1.36889	0.0345886	0.0180183	-1	-1	3
1104	0.602916	100.941	47	2.14769	-0.0542756	0.0162655	-1	-1	3
1105	0.602916	58.3631	47	1.24177	-0.0181544	0.0169342	-1	-1	3
1106	0.602916	60.0181	47	1.27698	-0.067069	0.0159703	-1	-1	3
1107	0.602916	45.7424	47	0.973242	0.00956947	0.0174653	-1	-1	3
1108	0.602916	57.6955	47	1.22756	-0.0842338	0.0156137	-1	-1	3
1109	0.602916	59.3615	47	1.26301	0.01651	0.0175697	-1	-1	3
1110	0.602916	67.5954	47	1.4382	-0.096627	0.0153788	-1	-1	3
1111	0.602916	80.1064	47	1.70439	-0.106475	0.0151982	-1	-1	3
1112	0.602916	45.9723	47	0.978133	-0.0518041	0.0162262	-1	-1	3
1113	0.602916	46.7312	47	0.99428	-0.081762	0.0156218	-1	-1	3
1114	0.602916	49.1904	47	1.04661	-0.124128	0.0147875	-1	-1	3
1115	0.602916	43.06	47	0.91617	-0.147889	0.0143392	-1	-1	3
1116	0.602916	74.1068	47	1.57674	-0.177586	0.0138076	-1	-1	3
1117	0.602916	81.8509	47	1.74151	-0.162973	0.0140792	-1	-1	3
1118	0.602916	71.8919	47	1.52962	-0.209929	0.0132265	-1	-1	3
1119	0.602916	86.9087	47	1.84912	-0.239085	0.012688	-1	-1	3
1120	0.602916	81.0443	47	1.72435	-0.311875	0.0114179	-1	-1	3
1121	0.602916	177.865	47	3.78436	-0.339001	0.0109989	-1	-1	3
1122	0.602916	46.2724	47	0.98452	0.323014	0.0247077	-1	-1	3
1123	0.602916	45.6878	47	0.972081	0.253921	0.0229501	-1	-1	3
1124	0.602916	48.9587	47	1.04168	0.155648	0.0206887	-1	-1	3
1125	0.602916	57.9095	47	1.23212	0.176275	0.0210948	-1	-1	3
1126	0.602916	45.9598	47	0.977869	0.0984664	0.0193738	-1	-1	3
1127	0.602916	39.5492	47	0.841472	0.0797816	0.0189945	-1	-1	3
1128	0.602916	55.8305	47	1.18788	0.0274371	0.0178621	-1	-1	3
1129	0.602916	57.5145	47	1.22371	0.0172739	0.0176692	-1	-1	3
1130	0.602916	35.9432	47	0.764749	0.00541254	0.0173417	-1	-1	3
1131	0.602916	46.6696	47	0.992971	-0.0269541	0.0166848	-1	-1	3
1132	0.602916	34.0932	47	0.725387	-0.0539619	0.0161543	-1	-1	3
1133	0.602916	82.6461	47	1.75843	-0.102359	0.0152559	-1	-1	3
1134	0.602916	57.1564	47	1.21609	-0.0848452	0.015549	-1	-1	3
1135	0.602916	71.8882	47	1.52954	-0.139632	0.0145516	-1	-1	3
1136	0.602916	45.1948	47	0.961592	-0.0845847	0.0155665	-1	-1	3
1137	0.602916	59.9598	47	1.27574	-0.162489	0.0140884	-1	-1	3
1138	0.602916	47.5866	47	1.01248	-0.150079	0.0142575	-1	-1	3
1139	0.602916	36.134	47	0.768809	-0.192961	0.0134565	-1	-1	3
1140	0.602916	44.3373	47	0.943346	0.203168	0.0218024	-1	-1	3
1141	0.602916	74.3005	47	1.58086	0.302601	0.0241375	-1	-1	3
1142	0.602916	44.3005	47	0.942564	0.193577	0.0215307	-1	-1	3
1143	0.602916	50.8082	47	1.08103	0.0591527	0.0186169	-1	-1	3
1144	0.602916	61.5455	47	1.30948	0.159808	0.0207368	-1	-1	3
1145	0.602916	51.4906	47	1.09555	0.163958	0.0208788	-1	-1	3
1146	0.602916	75.6606	47	1.6098	0.182933	0.0212222	-1	-1	3
1147	0.602916	41.0777	47	0.873994	0.103526	0.0195482	-1	-1	3
1148	0.602916	50.6446	47	1.07755	0.0935348	0.019339	-1	-1	3
1149	0.602916	45.7176	47	0.972714	0.000328048	0.0173226	-1	-1	3
1150	0.602916	56.2765	47	1.19737	0.0827463	0.0190275	-1	-1	3
1151	0.602916	61.6025	47	1.31069	0.068827	0.0186959	-1	-1	3
1152	0.602916	43.7763	47	0.93141	0.0359979	0.0180346	-1	-1	3
1153	0.602916	44.4268	47	0.945251	0.0557579	0.0184432	-1	-1	3
1154	0.602916	50.4886	47	1.07423	0.0280927	0.0178648	-1	-1	3
1155	0.602916	70.2531	47	1.49475	0.0779728	0.0188524	-1	-1	3
1156	0.602916	52.3107	47	1.11299	-0.0026762	0.0172182	-1	-1	3
1157	0.602916	40.737	47	0.866745	-0.0383543	0.0164891	-1	-1	3
1158	0.602916	35.8388	47	0.762528	-0.0442833	0.0163854	-1	-1	3
1159	0.602916	63.9274	47	1.36016	-0.0462096	0.0163452	-1	-1	3
1160	0.602916	70.252	47	1.49472	0.0170928	0.01758	-1	-1	3
1161	0.602916	57.7512	47	1.22875	-0.0508926	0.0162465	-1	-1	3
1162	0.602916	55.6372	47	1.18377	-0.026365	0.0166972	-1	-1	3
1163	0.602916	60.3216	47	1.28344	-0.0481175	0.016231	-1	-1	3
1164	0.602916	53.0046	47	1.12776	-0.100731	0.015259	-1	-1	3
1165	0.602916	64.2125	47	1.36622	-0.119807	0.014899	-1	-1	3
1166	0.602916	90.1827	47	1.91878	-0.100943	0.0152687	-1	-1	3
1167	0.602916	31.7152	47	0.674791	-0.101182	0.0152094	-1	-1	3
1168	0.602916	56.6548	47	1.20542	-0.153521	0.0142331	-1	-1	3
1169	0.602916	130.732	47	2.78153	-0.350112	0.0107702	-1	-1	3
1170	0.602916	118.193	47	2.51475	0.41152	0.0267858	-1	-1	3
1171	0.602916	39.4615	47	0.839606	0.217484	0.0221404	-1	-1	3
1172	0.602916	41.9372	47	0.892281	0.223284	0.022213	-1	-1	3
1173	0.602916	61.2605	47	1.30342	0.194042	0.0215301	-1	-1	3
1174	0.602916	37.7914	47	0.804072	0.131884	0.0201295	-1	-1	3
1175	0.602916	47.9102	47	1.01937	0.133727	0.0201689	-1	-1	3
1176	0.602916	126.313	47	2.68751	0.207784	0.0217539	-1	-1	3
1177	0.602916	34.0205	47	0.723841	0.0738489	0.018862	-1	-1	3
1178	0.602916	76.2138	47	1.62157	0.236887	0.022467	-1	-1	3
1179	0.602916	67.2728	47	1.43134	0.131032	0.0200361	-1	-1	3
1180	0.602916	36.9113	47	0.785347	0.0244058	0.0178025	-1	-1	3
1181	0.602916	83.4029	47	1.77453	0.141467	0.0203037	-1	-1	3
1182	0.602916	72.914	47	1.55136	0.0518266	0.0183384	-1	-1	3
1183	0.602916	64.126	47	1.36438	-0.039267	0.0165144	-1	-1	3
1184	0.602916	33.5353	47	0.713517	0.0511615	0.0183434	-1	-1	3
1185	0.602916	56.6806	47	1.20597	0.023246	0.0177413	-1	-1	3
1186	0.602916	49.9178	47	1.06208	0.0238432	0.0177741	-1	-1	3
1187	0.602916	39.8533	47	0.847943	-0.0230568	0.0167949	-1	-1	3
1188	0.602916	55.0396	47	1.17106	-0.0540742	0.0161854	-1	-1	3
1189	0.602916	53.0363	47	1.12843	-0.0488087	0.0162326	-1	-1	3
1190	0.602916	52.7816	47	1.12301	-0.10771	0.0150607	-1	-1	3
1191	0.602916	68.3311	47	1.45385	-0.153445	0.0142619	-1	-1	3
1192	0.602916	47.242	47	1.00515	-0.207392	0.0131883	-1	-1	3
1193	0.602916	110.588	47	2.35293	-0.283302	0.0118932	-1	-1	3
1194	0.602916	60.4575	47	1.28633	-0.279127	0.0119152	-1	-1	3
1195	0.602916	60.8326	47	1.29431	0.460919	0.0282023	-1	-1	3
1196	0.602916	81.8241	47	1.74094	0.2882	0.023738	-1	-1	3
1197	0.602916	45.5258	47	0.968634	0.26708	0.0232591	-1	-1	3
1198	0.602916	63.8216	47	1.35791	0.160481	0.0207701	-1	-1	3
1199	0.602916	38.3085	47	0.815075	0.157716	0.0207215	-1	-1	3
1200	0.602916	49.0396	47	1.0434	0.0830914	0.0190582	-1	-1	3
1201	0.602916	52.6694	47	1.12063	0.0747927	0.0188737	-1	-1	3
1202	0.602916	58.1131	47	1.23645	0.10453	0.0194597	-1	-1	3
1203	0.602916	66.3836	47	1.41242	0.0356452	0.0180501	-1	-1	3
1204	0.602916	44.1656	47	0.939693	0.0410675	0.0181108	-1	-1	3
1205	0.602916	41.4951	47	0.882874	0.0351802	0.0179794	-1	-1	3
1206	0.602916	57.2567	47	1.21823	-0.00640784	0.0171247	-1	-1	3
1207	0.602916	57.3353	47	1.2199	0.0981063	0.0192988	-1	-1	3
1208	0.602916	63.3487	47	1.34785	-0.0438376	0.0163687	-1	-1	3
1209	0.602916	46.3045	47	0.985201	-0.0451637	0.0163583	-1	-1	3
1210	0.602916	29.5715	47	0.629181	-0.0431006	0.0163775	-1	-1	3
1211	0.602916	55.2625	47	1.1758	-0.0339775	0.0165136	-1	-1	3
1212	0.602916	69.1977	47	1.47229	-0.128561	0.0147337	-1	-1	3
1213	0.602916	59.5115	47	1.2662	-0.142697	0.0144551	-1	-1	3
1214	0.602916	42.7741	47	0.910087	-0.133022	0.0145878	-1	-1	3
1215	0.602916	45.0811	47	0.959171	-0.1687	0.013939	-1	-1	3
1216	0.602916	45.966	47	0.978	0.443026	0.0277432	-1	-1	3
1217	0.602916	40.6549	47	0.864999	0.12431	0.0200149	-1	-1	3
1218	0.602916	52.0574	47	1.1076	0.149459	0.0204751	-1	-1	3
1219	0.602916	78.4762	47	1.66971	0.21749	0.0219919	-1	-1	3
1220	0.602916	67.8552	47	1.44373	0.0793325	0.0189604	-1	-1	3
1221	0.602916	48.0136	47	1.02157	0.085763	0.0190665	-1	-1	3
1222	0.602916	91.9661	47	1.95673	0.186746	0.0212849	-1	-1	3
1223	0.602916	72.7314	47	1.54748	0.0373601	0.0180708	-1	-1	3
1224	0.602916	36.6679	47	0.780168	0.051808	0.0183915	-1	-1	3
1225	0.602916	56.9902	47	1.21256	0.0579576	0.0185162	-1	-1	3
1226	0.602916	49.8009	47	1.05959	0.0809594	0.018936	-1	-1	3
1227	0.602916	53.6978	47	1.14251	0.0607694	0.0185147	-1	-1	3
1228	0.602916	43.8778	47	0.93357	0.0275899	0.0178142	-1	-1	3
1229	0.602916	60.8713	47	1.29513	0.029737	0.01785	-1	-1	3
1230	0.602916	41.2648	47	0.877974	0.00885687	0.0174443	-1	-1	3
1231	0.602916	41.2613	47	0.8779	-0.0258304	0.0167358	-1	-1	3
1232	0.602916	63.4697	47	1.35042	-0.0649333	0.0159374	-1	-1	3
1233	0.602916	63.9796	47	1.36127	-0.0798024	0.0156365	-1	-1	3
1234	0.602916	68.1221	47	1.44941	-0.0272883	0.016626	-1	-1	3
1235	0.602916	43.9559	47	0.935233	-0.222968	0.0128806	-1	-1	3
1236	0.602916	55.3565	47	1.1778	0.263715	0.0232565	-1	-1	3
1237	0.602916	105.227	47	2.23888	0.355592	0.0254106	-1	-1	3
1238	0.602916	70.9229	47	1.509	0.340444	0.0251017	-1	-1	3
1239	0.602916	63.7356	47	1.35608	0.334453	0.0249093	-1	-1	3
1240	0.602916	100.927	47	2.14739	0.335913	0.0248603	-1	-1	3
1241	0.602916	63.6086	47	1.35337	0.173179	0.0210799	-1	-1	3
1242	0.602916	95.5465	47	2.03291	0.298922	0.0239699	-1	-1	3
1243	0.602916	86.0792	47	1.83147	0.284094	0.0235933	-1	-1	3
1244	0.602916	50.093	47	1.06581	0.243074	0.022655	-1	-1	3
1245	0.602916	62.7671	47	1.33547	0.153143	0.0205802	-1	-1	3
1246	0.602916	30.4225	47	0.647288	0.138654	0.0203085	-1	-1	3
1247	0.602916	37.7341	47	0.802853	0.124653	0.0199742	-1	-1	3
1248	0.602916	63.528	47	1.35166	0.10622	0.0195138	-1	-1	3
1249	0.602916	82.6939	47	1.75945	0.155486	0.0205554	-1	-1	3
1250	0.602916	75.3735	47	1.60369	0.0649338	0.0186596	-1	-1	3
1251	0.602916	73.3337	47	1.56029	0.133085	0.020055	-1	-1	3
1252	0.602916	46.4921	47	0.989194	0.0769128	0.0188384	-1	-1	3
1253	0.602916	44.4663	47	0.946092	0.0542915	0.0183381	-1	-1	3
1254	0.602916	41.0293	47	0.872964	0.062353	0.0185453	-1	-1	3
1255	0.602916	61.8964	47	1.31695	0.0513891	0.0182799	-1	-1	3
1256	0.602916	41.4017	47	0.880886	-0.0103797	0.0170143	-1	-1	3
1257	0.602916	48.2284	47	1.02614	0.0118944	0.0174648	-1	-1	3
1258	0.602916	41.415	47	0.88117	-0.0302601	0.0166288	-1	-1	3
1259	0.602916	56.9098	47	1.21085	-0.0252199	0.0167668	-1	-1	3
1260	0.602916	61.469	47	1.30785	-0.072125	0.0158167	-1	-1	3
1261	0.602916	44.3988	47	0.944655	-0.106078	0.0151375	-1	-1	3
1262	0.602916	31.6132	47	0.672621	-0.0902309	0.0154109	-1	-1	3
1263	0.602916	65.5945	47	1.39563	-0.183344	0.0136473	-1	-1	3
1264	0.602916	118.792	47	2.52748	0.709936	0.0350446	-1	-1	3
1265	0.602916	63.7141	47	1.35562	0.27968	0.0235397	-1	-1	3
1266	0.602916	60.5644	47	1.2886	0.310301	0.024245	-1	-1	3
1267	0.602916	56.0057	47	1.19161	0.132798	0.0201565	-1	-1	3
1268	0.602916	80.5853	47	1.71458	0.233226	0.0223947	-1	-1	3
1269	0.602916	60.7802	47	1.2932	0.197556	0.0215806	-1	-1	3
1270	0.602916	58.5958	47	1.24672	0.233465	0.0223958	-1	-1	3
1271	0.602916	71.4424	47	1.52005	0.162546	0.020787	-1	-1	3
1272	0.602916	65.3277	47	1.38995	0.160749	0.020742	-1	-1	3
1273	0.602916	65.9127	47	1.4024	0.0771828	0.0188896	-1	-1	3
1274	0.602916	46.7324	47	0.994307	0.113893	0.0196984	-1	-1	3
1275	0.602916	128.538	47	2.73486	0.224996	0.0221435	-1	-1	3
1276	0.602916	42.9714	47	0.914286	0.108944	0.0196263	-1	-1	3
1277	0.602916	45.6712	47	0.971728	0.0971999	0.0193466	-1	-1	3
1278	0.602916	54.7966	47	1.16589	0.0410714	0.0181366	-1	-1	3
1279	0.602916	43.9985	47	0.936139	0.0466537	0.0181989	-1	-1	3
1280	0.602916	44.4187	47	0.945078	-0.00962713	0.0170349	-1	-1	3
1281	0.602916	46.198	47	0.982937	-0.028742	0.0166523	-1	-1	3
1282	0.602916	67.5271	47	1.43675	-0.0250968	0.016732	-1	-1	3
1283	0.602916	35.9117	47	0.764079	-0.0616679	0.0159913	-1	-1	3
1284	0.602916	49.9345	47	1.06244	-0.0607535	0.0160225	-1	-1	3
1285	0.602916	43.3689	47	0.922743	-0.0870348	0.015481	-1	-1	3
1286	0.602916	52.9828	47	1.12729	-0.0894991	0.0153719	-1	-1	3
1287	0.602916	36.7785	47	0.782521	-0.184432	0.0136201	-1	-1	3
1288	0.602916	117.683	47	2.50389	0.840565	0.039043	-1	-1	3
1289	0.602916	159.516	47	3.39397	0.778955	0.037137	-1	-1	3
1290	0.602916	84.7373	47	1.80292	0.534106	0.0301374	-1	-1	3
1291	0.602916	81.0802	47	1.72511	0.526347	0.0298793	-1	-1	3
1292	0.602916	56.1674	47	1.19505	0.414419	0.0269234	-1	-1	3
1293	0.602916	43.0746	47	0.916482	0.276348	0.0235862	-1	-1	3
1294	0.602916	75.0684	47	1.5972	0.330251	0.0247791	-1	-1	3
1295	0.602916	85.1582	47	1.81188	0.366741	0.0256746	-1	-1	3
1296	0.602916	36.8204	47	0.783412	0.189079	0.0214483	-1	-1	3
1297	0.602916	59.8011	47	1.27236	0.165965	0.0209262	-1	-1	3
1298	0.602916	50.3917	47	1.07216	0.257026	0.0229696	-1	-1	3
1299	0.602916	81.5285	47	1.73465	0.21008	0.0218552	-1	-1	3
1300	0.602916	56.8835	47	1.21029	0.145077	0.0203759	-1	-1	3
1301	0.602916	47.8175	47	1.01739	0.168905	0.0209418	-1	-1	3
1302	0.602916	171.214	47	3.64286	0.245971	0.0225913	-1	-1	3
1303	0.602916	47.4066	47	1.00865	0.158633	0.0207212	-1	-1	3
1304	0.602916	75.5224	47	1.60686	0.0575813	0.0184837	-1	-1	3
1305	0.602916	70.9682	47	1.50996	0.0871094	0.0190302	-1	-1	3
1306	0.602916	54.5058	47	1.1597	0.0905481	0.0191549	-1	-1	3
1307	0.602916	40.4555	47	0.860756	0.00474415	0.0173167	-1	-1	3
1308	0.602916	64.6328	47	1.37517	-0.0137434	0.0169232	-1	-1	3
1309	0.602916	40.4204	47	0.860009	-0.0435855	0.0163529	-1	-1	3
1310	0.602916	53.7827	47	1.14431	-0.0361291	0.01652	-1	-1	3
1311	0.602916	43.6522	47	0.928771	-0.067968	0.0158558	-1	-1	3
1312	0.602916	46.4507	47	0.988312	-0.0310284	0.0165527	-1	-1	3
1313	0.602916	38.5061	47	0.819278	-0.152282	0.0142628	-1	-1	3
1314	0.602916	38.5511	47	0.820236	-0.134437	0.0145889	-1	-1	3
1315	0.602916	50.2338	47	1.0688	-0.23339	0.0127055	-1	-1	3
1316	0.602916	88.1894	47	1.87637	0.540412	0.0303251	-1	-1	3
1317	0.602916	47.0222	47	1.00047	0.38726	0.0263281	-1	-1	3
1318	0.602916	61.3352	47	1.305	0.324836	0.0247386	-1	-1	3
1319	0.602916	102.344	47	2.17754	0.363807	0.0256191	-1	-1	3
1320	0.602916	60.0687	47	1.27806	0.249854	0.0229061	-1	-1	3
1321	0.602916	38.4312	47	0.817686	0.364537	0.0256963	-1	-1	3
1322	0.602916	56.957	47	1.21185	0.294565	0.0239415	-1	-1	3
1323	0.602916	95.4428	47	2.0307	0.383566	0.0260583	-1	-1	3
1324	0.602916	61.1545	47	1.30116	0.252129	0.0229036	-1	-1	3
1325	0.602916	81.1389	47	1.72636	0.247788	0.0227947	-1	-1	3
1326	0.602916	27.6685	47	0.588691	0.240832	0.0226825	-1	-1	3
1327	0.602916	72.0807	47	1.53363	0.229565	0.0223122	-1	-1	3
1328	0.602916	66.8275	47	1.42186	0.28062	0.0235555	-1	-1	3
1329	0.602916	72.6837	47	1.54646	0.205851	0.0217575	-1	-1	3
1330	0.602916	45.3049	47	0.963933	0.187706	0.0213567	-1	-1	3
1331	0.602916	27.025	47	0.575	0.106515	0.0195946	-1	-1	3
1332	0.602916	60.8509	47	1.2947	0.167172	0.0208677	-1	-1	3
1333	0.602916	50.6193	47	1.07701	0.139774	0.0202741	-1	-1	3
1334	0.602916	102.583	47	2.18261	0.208298	0.0217748	-1	-1	3
1335	0.602916	63.8539	47	1.35859	0.0703869	0.0187424	-1	-1	3
1336	0.602916	37.1957	47	0.791398	0.0342578	0.018008	-1	-1	3
1337	0.602916	36.5918	47	0.77855	0.0452991	0.0182242	-1	-1	3
1338	0.602916	63.3763	47	1.34843	0.0378621	0.0179911	-1	-1	3
1339	0.602916	35.0938	47	0.746676	0.00606091	0.0173627	-1	-1	3
1340	0.602916	35.9118	47	0.764081	-0.0727967	0.0158136	-1	-1	3
1341	0.602916	49.4205	47	1.0515	-0.0180035	0.0168639	-1	-1	3
1342	0.602916	77.9443	47	1.65839	-0.0526848	0.0161629	-1	-1	3
1343	0.602916	45.0633	47	0.958793	-0.0844973	0.0155331	-1	-1	3
1344	0.602916	65.2359	47	1.388	-0.0668977	0.0158194	-1	-1	3
1345	0.602916	45.0365	47	0.958223	-0.16292	0.0140165	-1	-1	3
1346	0.602916	101.955	47	2.16925	0.405152	0.026671	-1	-1	3
1347	0.602916	33.8236	47	0.719652	0.260787	0.023208	-1	-1	3
1348	0.602916	145.225	47	3.0899	0.459003	0.0279812	-1	-1	3
1349	0.602916	93.59	47	1.99128	0.32829	0.0246887	-1	-1	3
1350	0.602916	50.4365	47	1.07312	0.157759	0.0207278	-1	-1	3
1351	0.602916	73.4245	47	1.56222	0.283077	0.0235869	-1	-1	3
1352	0.602916	46.7623	47	0.994943	0.138341	0.0202971	-1	-1	3
1353	0.602916	71.103	47	1.51283	0.192405	0.021439	-1	-1	3
1354	0.602916	80.6643	47	1.71626	0.139034	0.0202094	-1	-1	3
1355	0.602916	102.476	47	2.18035	0.211485	0.0218121	-1	-1	3
1356	0.602916	50.0112	47	1.06407	-0.0199576	0.0168722	-1	-1	3
1357	0.602916	75.0332	47	1.59645	0.0473033	0.018201	-1	-1	3
1358	0.602916	57.8997	47	1.23191	-0.011937	0.0169863	-1	-1	3
1359	0.602916	80.6338	47	1.71561	0.431063	0.027322	-1	-1	3
1360	0.602916	116.985	47	2.48905	0.368137	0.0256868	-1	-1	3
1361	0.602916	79.34	47	1.68809	0.36842	0.0257489	-1	-1	3
1362	0.602916	71.6688	47	1.52487	0.367896	0.0257342	-1	-1	3
1363	0.602916	55.1168	47	1.1727	0.249146	0.0229372	-1	-1	3
1364	0.602916	83.1062	47	1.76822	0.339975	0.0250173	-1	-1	3
1365	0.602916	73.0011	47	1.55322	0.297372	0.0240004	-1	-1	3
1366	0.602916	51.4845	47	1.09541	0.269764	0.0233506	-1	-1	3
1367	0.602916	51.6386	47	1.09869	0.241893	0.0226761	-1	-1	3
1368	0.602916	108.528	47	2.30911	0.30662	0.0241325	-1	-1	3
1369	0.602916	42.467	47	0.903553	0.176086	0.021161	-1	-1	3
1370	0.602916	140.344	47	2.98605	0.267764	0.0231871	-1	-1	3
1371	0.602916	45.0511	47	0.958534	0.164349	0.0208894	-1	-1	3
1372	0.602916	31.2861	47	0.665661	0.155113	0.0206873	-1	-1	3
1373	0.602916	90.1103	47	1.91724	0.246701	0.0227038	-1	-1	3
1374	0.602916	73.1367	47	1.5561	0.186398	0.021306	-1	-1	3
1375	0.602916	61.1399	47	1.30085	0.18073	0.021197	-1	-1	3
1376	0.602916	72.8145	47	1.54924	0.133463	0.0201169	-1	-1	3
1377	0.602916	38.9651	47	0.829045	0.0654505	0.0186277	-1	-1	3
1378	0.602916	49.2691	47	1.04828	0.0439327	0.0181823	-1	-1	3
1379	0.602916	42.3902	47	0.901918	0.0245295	0.0177928	-1	-1	3
1380	0.602916	51.0292	47	1.08573	0.056927	0.0184503	-1	-1	3
1381	0.602916	58.1674	47	1.2376	0.029093	0.0178245	-1	-1	3
1382	0.602916	37.8279	47	0.804849	-0.00750193	0.0170916	-1	-1	3
1383	0.602916	46.8486	47	0.996779	-0.0978207	0.0153502	-1	-1	3
1384	0.602916	51.8732	47	1.10369	-0.0299009	0.0166251	-1	-1	3
1385	0.602916	41.3127	47	0.878994	-0.0504484	0.0162346	-1	-1	3
1386	0.602916	72.7059	47	1.54693	-0.104021	0.0151008	-1	-1	3
1387	0.602916	79.6106	47	1.69384	-0.297	0.0116452	-1	-1	3
1388	0.602916	61.8118	47	1.31514	0.414146	0.0269811	-1	-1	3
1389	0.602916	54.5278	47	1.16017	0.432348	0.0274556	-1	-1	3
1390	0.602916	47.4893	47	1.01041	0.261685	0.0232098	-1	-1	3
1391	0.602916	61.7483	47	1.31379	0.303085	0.0241531	-1	-1	3
1392	0.602916	104.094	47	2.21477	0.33362	0.024823	-1	-1	3
1393	0.602916	55.9512	47	1.19045	0.209847	0.0218932	-1	-1	3
1394	0.602916	43.9837	47	0.935823	0.219452	0.0222022	-1	-1	3
1395	0.602916	52.1845	47	1.11031	0.113872	0.0197402	-1	-1	3
1396	0.602916	73.6117	47	1.56621	0.157368	0.0206651	-1	-1	3
1397	0.602916	49.96	47	1.06298	0.0692101	0.0188048	-1	-1	3
1398	0.602916	52.1023	47	1.10856	0.0915989	0.0192131	-1	-1	3
1399	0.602916	108.4	47	2.30639	0.0759671	0.018788	-1	-1	3
1400	0.602916	54.0928	47	1.15091	0.0498289	0.018324	-1	-1	3
1401	0.602916	50.1991	47	1.06806	0.000193538	0.0172902	-1	-1	3
1402	0.602916	30.4675	47	0.648245	-0.0624684	0.0159927	-1	-1	3
1403	0.602916	78.6202	47	1.67277	0.0136861	0.0175124	-1	-1	3
1404	0.602916	29.6424	47	0.630689	-0.0797043	0.0156395	-1	-1	3
1405	0.602916	55.4095	47	1.17893	-0.220233	0.0130172	-1	-1	3
1406	0.602916	71.8387	47	1.52848	0.490232	0.0290087	-1	-1	3
1407	0.602916	82.7157	47	1.75991	0.404004	0.0266846	-1	-1	3
1408	0.602916	81.1668	47	1.72695	0.34868	0.0252649	-1	-1	3
1409	0.602916	46.6869	47	0.993338	0.251493	0.0229745	-1	-1	3
1410	0.602916	61.7237	47	1.31327	0.335097	0.0249384	-1	-1	3
1411	0.602916	67.0737	47	1.4271	0.307114	0.0242348	-1	-1	3
1412	0.602916	84.7645	47	1.8035	0.253257	0.0229195	-1	-1	3
1413	0.602916	75.6105	47	1.60873	0.279769	0.0235644	-1	-1	3
1414	0.602916	46.3389	47	0.985933	0.2359	0.0225612	-1	-1	3
1415	0.602916	104.793	47	2.22965	0.392082	0.0262891	-1	-1	3
1416	0.602916	124.428	47	2.6474	0.283702	0.0236021	-1	-1	3
1417	0.602916	46.1031	47	0.980917	0.143309	0.0204242	-1	-1	3
1418	0.602916	75.8911	47	1.6147	0.164885	0.0208445	-1	-1	3
1419	0.602916	39.8854	47	0.848625	0.0246827	0.0178073	-1	-1	3
1420	0.602916	48.5033	47	1.03199	0.0711938	0.0187819	-1	-1	3
1421	0.602916	43.4022	47	0.923451	0.0282163	0.0179023	-1	-1	3
1422	0.602916	66.3554	47	1.41182	-0.0558712	0.0161878	-1	-1	3
1423	0.602916	75.7675	47	1.61207	-0.0908709	0.0153809	-1	-1	3
1424	0.602916	103.423	47	2.20049	0.692522	0.0347092	-1	-1	3
1425	0.602916	156.813	47	3.33644	0.719891	0.035466	-1	-1	3
1426	0.602916	119.58	47	2.54426	0.665723	0.0338634	-1	-1	3
1427	0.602916	62.7766	47	1.33567	0.549128	0.0307034	-1	-1	3
1428	0.602916	89.6606	47	1.90767	0.614	0.0324325	-1	-1	3
1429	0.602916	74.5543	47	1.58626	0.52537	0.029978	-1	-1	3
1430	0.602916	125.53	47	2.67086	0.542964	0.0303214	-1	-1	3
1431	0.602916	81.8291	47	1.74105	0.391289	0.0263749	-1	-1	3
1432	0.602916	65.0941	47	1.38498	0.221612	0.0222134	-1	-1	3
1433	0.602916	87.1357	47	1.85395	0.291516	0.0238278	-1	-1	3
1434	0.602916	59.753	47	1.27134	0.209048	0.0218677	-1	-1	3
1435	0.602916	92.4137	47	1.96625	0.197586	0.0216039	-1	-1	3
1436	0.602916	77.451	47	1.64789	0.129959	0.0200548	-1	-1	3
1437	0.602916	59.0847	47	1.25712	0.139371	0.0202555	-1	-1	3
1438	0.602916	56.4122	47	1.20026	0.0794389	0.0189672	-1	-1	3
1439	0.602916	38.2192	47	0.813175	0.0444712	0.0182539	-1	-1	3
1440	0.602916	41.8766	47	0.890991	-0.0315107	0.0166302	-1	-1	3
1441	0.602916	99.753	47	2.1224	0.579943	0.0314802	-1	-1	3
1442	0.602916	58.6323	47	1.2475	0.480929	0.0288326	-1	-1	3
1443	0.602916	162.58	47	3.45915	0.604179	0.0320375	-1	-1	3
1444	0.602916	89.1515	47	1.89684	0.533365	0.0301604	-1	-1	3
1445	0.602916	91.7101	47	1.95128	0.272042	0.0234885	-1	-1	3
1446	0.602916	108.542	47	2.30941	0.334673	0.0249342	-1	-1	3
1447	0.602916	62.9628	47	1.33963	0.278907	0.0236982	-1	-1	3
1448	0.602916	86.9863	47	1.85077	0.333763	0.0249689	-1	-1	3
1449	0.602916	79.3511	47	1.68832	0.230764	0.0224355	-1	-1	3
1450	0.602916	75.6785	47	1.61018	0.22145	0.0221831	-1	-1	3
1451	0.602916	119.77	47	2.5483	0.187834	0.0213565	-1	-1	3
1452	0.602916	102.743	47	2.18602	0.179694	0.0211756	-1	-1	3
1453	0.602916	70.7801	47	1.50596	0.171749	0.0210167	-1	-1	3
1454	0.602916	70.2041	47	1.4937	0.124394	0.0199609	-1	-1	3
1455	0.602916	55.5868	47	1.1827	0.117333	0.0198098	-1	-1	3
1456	0.602916	52.0832	47	1.10815	0.0153574	0.0176313	-1	-1	3
1457	0.602916	45.6685	47	0.97167	-0.123782	0.0148146	-1	-1	3
1458	0.602916	200.233	47	4.26028	0.630675	0.0327991	-1	-1	3
1459	0.602916	105.409	47	2.24274	0.387895	0.0263748	-1	-1	3
1460	0.602916	137.571	47	2.92703	0.427813	0.0272915	-1	-1	3
1461	0.602916	121.164	47	2.57797	0.360915	0.0255909	-1	-1	3
1462	0.602916	103.523	47	2.20262	0.402481	0.0267135	-1	-1	3
1463	0.602916	77.1187	47	1.64082	0.339876	0.0251235	-1	-1	3
1464	0.602916	82.0214	47	1.74514	0.268938	0.0233858	-1	-1	3
1465	0.602916	123.138	47	2.61995	0.264246	0.023202	-1	-1	3
1466	0.602916	70.4309	47	1.49853	0.161191	0.0208682	-1	-1	3
1467	0.602916	74.2085	47	1.5789	0.214067	0.0220246	-1	-1	3
1468	0.602916	63.3725	47	1.34835	0.193981	0.021563	-1	-1	3
1469	0.602916	63.026	47	1.34098	0.121807	0.019915	-1	-1	3
1470	0.602916	63.3144	47	1.34711	0.0518517	0.0183989	-1	-1	3
1471	0.602916	49.6134	47	1.05561	0.0786104	0.0189955	-1	-1	3
1472	0.602916	36.9034	47	0.785178	-0.120597	0.0148917	-1	-1	3
1473	0.602916	42.5824	47	0.906008	-0.162297	0.014104	-1	-1	3
1474	0.602916	170.742	47	3.63281	0.672367	0.0341271	-1	-1	3
1475	0.602916	98.3375	47	2.09229	0.589714	0.0318257	-1	-1	3
1476	0.602916	88.2769	47	1.87823	0.593683	0.0319675	-1	-1	3
1477	0.602916	73.5884	47	1.56571	0.397494	0.0267257	-1	-1	3
1478	0.602916	149.968	47	3.19081	0.502353	0.0293457	-1	-1	3
1479	0.602916	69.4853	47	1.47841	0.324883	0.0248305	-1	-1	3
1480	0.602916	95.1734	47	2.02497	0.387106	0.0263226	-1	-1	3
1481	0.602916	62.7762	47	1.33566	0.269826	0.0234972	-1	-1	3
1482	0.602916	101.506	47	2.1597	0.317124	0.0245431	-1	-1	3
1483	0.602916	69.2543	47	1.47349	0.328506	0.0248662	-1	-1	3
1484	0.602916	47.6146	47	1.01308	0.2481	0.0229176	-1	-1	3
1485	0.602916	103.721	47	2.20683	0.212732	0.0220478	-1	-1	3
1486	0.602916	59.7684	47	1.27167	0.106231	0.0196019	-1	-1	3
1487	0.602916	65.9343	47	1.40286	0.112469	0.0197447	-1	-1	3
1488	0.602916	51.96	47	1.10553	0.0846303	0.0191671	-1	-1	3
1489	0.602916	108.137	47	2.30078	0.0456357	0.0182209	-1	-1	3
1490	0.602916	163.286	47	3.47418	0.841751	0.0393654	-1	-1	3
1491	0.602916	69.6789	47	1.48253	0.484525	0.029095	-1	-1	3
1492	0.602916	94.7653	47	2.01628	0.440348	0.0278003	-1	-1	3
1493	0.602916	65.8963	47	1.40205	0.358823	0.0257261	-1	-1	3
1494	0.602916	121.95	47	2.59469	0.466002	0.0283914	-1	-1	3
1495	0.602916	128.265	47	2.72905	0.428781	0.0274355	-1	-1	3
1496	0.602916	91.3469	47	1.94355	0.407096	0.0268972	-1	-1	3
1497	0.602916	93.6153	47	1.99181	0.430143	0.0274765	-1	-1	3
1498	0.602916	87.4084	47	1.85975	0.311215	0.0244519	-1	-1	3
1499	0.602916	77.9905	47	1.65937	0.324012	0.0247855	-1	-1	3
1500	0.602916	52.0036	47	1.10646	0.152524	0.0207526	-1	-1	3
1501	0.602916	40.2148	47	0.855635	0.00464077	0.0175086	-1	-1	3
1502	0.602916	46.8344	47	0.996476	0.0151515	0.0176688	-1	-1	3
1503	0.602916	49.2225	47	1.04729	-0.000314609	0.0173706	-1	-1	3
1504	0.602916	120.598	47	2.56592	0.652346	0.0337256	-1	-1	3
1505	0.602916	75.1902	47	1.59979	0.530448	0.0303695	-1	-1	3
1506	0.602916	152.476	47	3.24416	0.71438	0.0355172	-1	-1	3
1507	0.602916	119.894	47	2.55094	0.629523	0.0330467	-1	-1	3
1508	0.602916	87.4393	47	1.86041	0.532112	0.0303374	-1	-1	3
1509	0.602916	99.704	47	2.12136	0.335593	0.0251177	-1	-1	3
1510	0.602916	79.2551	47	1.68628	0.20254	0.021905	-1	-1	3
1511	0.602916	97.2361	47	2.06885	0.203992	0.0218849	-1	-1	3
1512	0.602916	85.8209	47	1.82598	0.0851149	0.0191982	-1	-1	3
1513	0.602916	66.5073	47	1.41505	-0.0470219	0.0165045	-1	-1	3
1514	0.602916	30.2461	47	0.643534	-0.0590797	0.0162222	-1	-1	3
1515	0.602916	177.962	47	3.78642	0.747105	0.0365667	-1	-1	3
1516	0.602916	147.337	47	3.13484	0.736632	0.03628	-1	-1	3
1517	0.602916	149.262	47	3.17579	0.629583	0.0331283	-1	-1	3
1518	0.602916	84.9621	47	1.8077	0.50504	0.0296673	-1	-1	3
1519	0.602916	108.713	47	2.31304	0.447389	0.0280512	-1	-1	3
1520	0.602916	112.445	47	2.39244	0.324715	0.0249143	-1	-1	3
1521	0.602916	78.5188	47	1.67061	0.235849	0.0227734	-1	-1	3
1522	0.602916	83.625	47	1.77925	0.17062	0.0211659	-1	-1	3
1523	0.602916	53.5571	47	1.13951	-0.0519977	0.0163843	-1	-1	3
1524	0.602916	87.9289	47	1.87083	0.627496	0.0332748	-1	-1	3
1525	0.602916	192.151	47	4.08831	0.784163	0.0377452	-1	-1	3
1526	0.602916	170.832	47	3.63472	0.76159	0.0371284	-1	-1	3
