7	0.601056	43.5199	47	0.925955	0.279168	0.0200011	-1	-1	3	0	100	025
7	0.601418	43.9257	47	0.93459	0.224283	0.019424	-1	-1	3	0	100	020
7	0.602178	43.8624	47	0.933242	0.109155	0.0182196	-1	-1	3	0	100	010
7	0.602558	44.6864	47	0.950774	0.0517512	0.0176186	-1	-1	3	0	100	005
7	0.603244	44.584	47	0.948595	-0.0517541	0.0165335	-1	-1	3	0	100	-005
7	0.603547	44.2081	47	0.940599	-0.0975067	0.0160535	-1	-1	3	0	100	-010
7	0.604159	45.1261	47	0.960131	-0.189582	0.0150891	-1	-1	3	0	100	-020
7	0.604453	45.4089	47	0.966148	-0.233744	0.0146264	-1	-1	3	0	100	-025
17	0.601056	35.4697	47	0.754675	0.291204	0.0202657	-1	-1	3	0	100	025
17	0.601418	35.3595	47	0.752331	0.235875	0.0196787	-1	-1	3	0	100	020
17	0.602178	35.5041	47	0.755407	0.120093	0.0184601	-1	-1	3	0	100	010
17	0.602558	35.2715	47	0.750458	0.0622301	0.0178492	-1	-1	3	0	100	005
17	0.603244	35.2928	47	0.750911	-0.0419083	0.0167502	-1	-1	3	0	100	-005
17	0.603547	34.7496	47	0.739354	-0.0879627	0.0162636	-1	-1	3	0	100	-010
17	0.604159	34.9379	47	0.74336	-0.180684	0.0152852	-1	-1	3	0	100	-020
17	0.604453	36.4944	47	0.776477	-0.224955	0.0148201	-1	-1	3	0	100	-025
27	0.601056	53.629	47	1.14104	0.305793	0.0205269	-1	-1	3	0	100	025
27	0.601418	53.4033	47	1.13624	0.250197	0.0199372	-1	-1	3	0	100	020
27	0.602178	53.4978	47	1.13825	0.133371	0.0186978	-1	-1	3	0	100	010
27	0.602558	52.4948	47	1.11691	0.0749909	0.0180774	-1	-1	3	0	100	005
27	0.603244	53.4773	47	1.13781	-0.0298317	0.0169664	-1	-1	3	0	100	-005
27	0.603547	53.894	47	1.14668	-0.0761469	0.0164753	-1	-1	3	0	100	-010
27	0.604159	54.1297	47	1.1517	-0.169585	0.0154842	-1	-1	3	0	100	-020
27	0.604453	53.3927	47	1.13601	-0.214414	0.0150081	-1	-1	3	0	100	-025
37	0.601056	28.0038	47	0.595825	0.273541	0.0198859	-1	-1	3	0	100	025
37	0.601418	27.8584	47	0.592732	0.218767	0.0193113	-1	-1	3	0	100	020
37	0.602178	28.8719	47	0.614295	0.104091	0.0181158	-1	-1	3	0	100	010
37	0.602558	28.6189	47	0.608912	0.0467546	0.0175162	-1	-1	3	0	100	005
37	0.603244	29.322	47	0.623872	-0.056361	0.0164389	-1	-1	3	0	100	-005
37	0.603547	28.2381	47	0.60081	-0.102062	0.0159602	-1	-1	3	0	100	-010
37	0.604159	29.0817	47	0.618761	-0.193871	0.0150013	-1	-1	3	0	100	-020
37	0.604453	28.9699	47	0.616381	-0.237917	0.0145408	-1	-1	3	0	100	-025
47	0.601056	64.78	47	1.3783	0.302098	0.0204818	-1	-1	3	0	100	025
47	0.601418	64.9633	47	1.3822	0.246675	0.0198945	-1	-1	3	0	100	020
47	0.602178	64.6272	47	1.37505	0.130023	0.0186569	-1	-1	3	0	100	010
47	0.602558	64.3234	47	1.36858	0.0718123	0.0180391	-1	-1	3	0	100	005
47	0.603244	64.6498	47	1.37553	-0.0328653	0.0169293	-1	-1	3	0	100	-005
47	0.603547	65.4249	47	1.39202	-0.0790776	0.0164398	-1	-1	3	0	100	-010
47	0.604159	65.1616	47	1.38642	-0.17237	0.0154501	-1	-1	3	0	100	-020
47	0.604453	63.9042	47	1.35966	-0.217156	0.0149743	-1	-1	3	0	100	-025
57	0.601056	38.0291	47	0.80913	0.26594	0.019737	-1	-1	3	0	100	025
57	0.601418	38.1426	47	0.811544	0.211427	0.0191677	-1	-1	3	0	100	020
57	0.602178	38.6826	47	0.823035	0.097135	0.0179795	-1	-1	3	0	100	010
57	0.602558	37.9707	47	0.807887	0.0399862	0.0173835	-1	-1	3	0	100	005
57	0.603244	39.0059	47	0.829913	-0.0626827	0.016315	-1	-1	3	0	100	-005
57	0.603547	38.5733	47	0.820708	-0.10813	0.0158412	-1	-1	3	0	100	-010
57	0.604159	39.084	47	0.831575	-0.199613	0.0148888	-1	-1	3	0	100	-020
57	0.604453	38.6709	47	0.822785	-0.243506	0.0144313	-1	-1	3	0	100	-025
67	0.601056	60.0315	47	1.27727	0.283719	0.0200755	-1	-1	3	0	100	025
67	0.601418	61.1053	47	1.30011	0.228764	0.0194973	-1	-1	3	0	100	020
67	0.602178	60.6325	47	1.29005	0.113333	0.018288	-1	-1	3	0	100	010
67	0.602558	60.9449	47	1.2967	0.0557535	0.0176839	-1	-1	3	0	100	005
67	0.603244	61.3674	47	1.30569	-0.0479474	0.0165957	-1	-1	3	0	100	-005
67	0.603547	60.3195	47	1.28339	-0.0938861	0.0161126	-1	-1	3	0	100	-010
67	0.604159	60.1923	47	1.28069	-0.186263	0.0151429	-1	-1	3	0	100	-020
67	0.604453	60.9032	47	1.29581	-0.230388	0.0146819	-1	-1	3	0	100	-025
77	0.601056	45.5194	47	0.968498	0.305374	0.0205276	-1	-1	3	0	100	025
77	0.601418	46.1526	47	0.981971	0.249891	0.0199399	-1	-1	3	0	100	020
77	0.602178	45.5862	47	0.96992	0.133009	0.0186989	-1	-1	3	0	100	010
77	0.602558	46.3151	47	0.985428	0.0748147	0.0180819	-1	-1	3	0	100	005
77	0.603244	46.4575	47	0.988457	-0.0300721	0.0169691	-1	-1	3	0	100	-005
77	0.603547	46.82	47	0.99617	-0.0763916	0.0164778	-1	-1	3	0	100	-010
77	0.604159	46.5145	47	0.989669	-0.169839	0.0154858	-1	-1	3	0	100	-020
77	0.604453	46.0058	47	0.978847	-0.214667	0.0150098	-1	-1	3	0	100	-025
87	0.601056	40.0888	47	0.852953	0.291381	0.0202859	-1	-1	3	0	100	025
87	0.601418	39.8923	47	0.848772	0.236046	0.0196982	-1	-1	3	0	100	020
87	0.602178	40.5969	47	0.863763	0.120327	0.0184797	-1	-1	3	0	100	010
87	0.602558	40.267	47	0.856745	0.0624396	0.0178679	-1	-1	3	0	100	005
87	0.603244	40.0263	47	0.851624	-0.0417187	0.0167674	-1	-1	3	0	100	-005
87	0.603547	40.1959	47	0.855233	-0.0877285	0.0162814	-1	-1	3	0	100	-010
87	0.604159	41.1738	47	0.876038	-0.18039	0.0153034	-1	-1	3	0	100	-020
87	0.604453	40.5717	47	0.863227	-0.224861	0.014834	-1	-1	3	0	100	-025
97	0.601056	60.7145	47	1.2918	0.249272	0.0193988	-1	-1	3	0	100	025
97	0.601418	60.3123	47	1.28324	0.195205	0.018839	-1	-1	3	0	100	020
97	0.602178	60.0807	47	1.27831	0.0818119	0.0176685	-1	-1	3	0	100	010
97	0.602558	60.3005	47	1.28299	0.0252222	0.0170836	-1	-1	3	0	100	005
97	0.603244	61.3752	47	1.30585	-0.0764974	0.0160348	-1	-1	3	0	100	-005
97	0.603547	61.4412	47	1.30726	-0.121505	0.0155699	-1	-1	3	0	100	-010
97	0.604159	62.8151	47	1.33649	-0.212096	0.0146355	-1	-1	3	0	100	-020
97	0.604453	59.8078	47	1.27251	-0.255815	0.0141816	-1	-1	3	0	100	-025
