1	0.195438	47	0.00415825	0.276366	0.00631383	-0.000351034	1.25328e-05	787.29	17	65	165	645
2	0.21614	47	0.00459872	0.273094	0.0063127	-0.000343061	1.25649e-05	796.05	17	65	165	645
3	0.209816	47	0.00446418	0.276569	0.00631147	-0.000351946	1.25232e-05	785.83	17	65	165	645
4	0.191285	47	0.00406989	0.275573	0.00631568	-0.000349208	1.25459e-05	789.138	17	65	165	645
5	0.253657	47	0.00539697	0.275824	0.00631473	-0.000350334	1.25393e-05	787.317	17	65	165	645
6	0.159287	47	0.00338909	0.275659	0.00631737	-0.000349299	1.25498e-05	789.177	17	65	165	645
7	0.163819	47	0.00348551	0.274795	0.00631167	-0.00034725	1.25438e-05	791.346	17	65	165	645
8	0.133953	47	0.00285006	0.274383	0.00631318	-0.000345672	1.25537e-05	793.766	17	65	165	645
9	0.231065	47	0.00491627	0.276871	0.00632169	-0.000352527	1.25475e-05	785.391	17	65	165	645
10	0.274292	47	0.00583599	0.27562	0.00631448	-0.000350074	1.25402e-05	787.32	17	65	165	645
11	0.178326	47	0.00379418	0.279372	0.00631729	-0.000358874	1.25083e-05	778.469	17	65	165	645
12	0.199455	47	0.00424372	0.276989	0.00632079	-0.000352511	1.25447e-05	785.759	17	65	165	645
13	0.180206	47	0.00383418	0.27728	0.00631743	-0.000353187	1.25327e-05	785.079	17	65	165	645
14	0.223651	47	0.00475852	0.274322	0.00631815	-0.000346021	1.25662e-05	792.788	17	65	165	645
15	0.278825	47	0.00593245	0.277024	0.00632059	-0.000352762	1.25433e-05	785.298	17	65	165	645
16	0.233578	47	0.00496974	0.27557	0.00631805	-0.000349416	1.25516e-05	788.658	17	65	165	645
17	0.233151	47	0.00496066	0.278319	0.00631849	-0.000355467	1.25251e-05	782.967	17	65	165	645
18	0.16964	47	0.00360936	0.275564	0.00631748	-0.000348898	1.25515e-05	789.812	17	65	165	645
19	0.18318	47	0.00389744	0.274964	0.00631855	-0.00034733	1.25611e-05	791.65	17	65	165	645
20	0.13365	47	0.00284361	0.276027	0.00632383	-0.000349033	1.25661e-05	790.834	17	65	165	645
21	0.223199	47	0.00474892	0.279037	0.00632201	-0.000357529	1.25258e-05	780.458	17	65	165	645
22	0.180163	47	0.00383325	0.278567	0.00631725	-0.000356623	1.25176e-05	781.126	17	65	165	645
23	0.190323	47	0.00404943	0.276609	0.00632021	-0.000351666	1.2547e-05	786.567	17	65	165	645
24	0.147355	47	0.00313522	0.277322	0.00631975	-0.000353183	1.25387e-05	785.205	17	65	165	645
25	0.232222	47	0.00494089	0.27454	0.0063227	-0.000346013	1.25774e-05	793.438	17	65	165	645
26	0.169693	47	0.0036105	0.275656	0.00632327	-0.000348104	1.25686e-05	791.878	17	65	165	645
27	0.293949	47	0.00625424	0.279113	0.00632065	-0.000358177	1.25201e-05	779.26	17	65	165	645
28	0.222527	47	0.00473462	0.277718	0.00632726	-0.000353952	1.25549e-05	784.62	17	65	165	645
29	0.207899	47	0.00442338	0.277916	0.00632184	-0.000354653	1.25378e-05	783.629	17	65	165	645
30	0.358103	47	0.00761921	0.276864	0.00632549	-0.000352064	1.25589e-05	786.402	17	65	165	645
31	0.161109	47	0.00342785	0.277518	0.00632489	-0.000352892	1.25523e-05	786.411	17	65	165	645
32	0.263799	47	0.00561275	0.276744	0.0063211	-0.000351384	1.25495e-05	787.582	17	65	165	645
33	0.238365	47	0.0050716	0.277228	0.00631886	-0.000353137	1.25368e-05	785.045	17	65	165	645
34	0.250294	47	0.0053254	0.276001	0.00632232	-0.000349816	1.25601e-05	788.987	17	65	165	645
35	0.176025	47	0.00374521	0.277698	0.00632129	-0.000353744	1.25397e-05	785.026	17	65	165	645
36	0.203589	47	0.00433169	0.279185	0.00632211	-0.000356601	1.2528e-05	782.905	17	65	165	645
37	0.178505	47	0.00379798	0.277209	0.00632171	-0.000351885	1.25479e-05	787.781	17	65	165	645
38	0.185859	47	0.00395445	0.279056	0.00632174	-0.000357281	1.25257e-05	781.055	17	65	165	645
39	0.296968	47	0.00631847	0.27775	0.00632615	-0.000353856	1.25521e-05	784.925	17	65	165	645
40	0.258282	47	0.00549537	0.277907	0.00632614	-0.000354037	1.25509e-05	784.965	17	65	165	645
41	0.213439	47	0.00454125	0.277447	0.00632565	-0.000352749	1.2555e-05	786.527	17	65	165	645
42	0.149473	47	0.00318028	0.278047	0.00632275	-0.000353648	1.25424e-05	786.225	17	65	165	645
43	0.144342	47	0.0030711	0.276351	0.00631929	-0.000349903	1.25503e-05	789.792	17	65	165	645
44	0.179654	47	0.00382242	0.275497	0.00632197	-0.000347826	1.25666e-05	792.054	17	65	165	645
45	0.213854	47	0.00455008	0.278363	0.00632688	-0.000355441	1.25472e-05	783.147	17	65	165	645
46	0.184793	47	0.00393177	0.276649	0.00632634	-0.000350057	1.25674e-05	790.297	17	65	165	645
47	0.296304	47	0.00630434	0.278787	0.00632811	-0.000356639	1.25455e-05	781.706	17	65	165	645
48	0.260758	47	0.00554804	0.277892	0.00632844	-0.000354211	1.25566e-05	784.539	17	65	165	645
49	0.221555	47	0.00471393	0.278214	0.00632767	-0.000354926	1.25513e-05	783.866	17	65	165	645
50	0.314402	47	0.00668941	0.277893	0.00633225	-0.0003538	1.25678e-05	785.451	17	65	165	645
51	0.246196	47	0.00523822	0.280015	0.00632839	-0.000358914	1.2535e-05	780.171	17	65	165	645
52	0.194712	47	0.00414281	0.277627	0.00632877	-0.000353073	1.25617e-05	786.316	17	65	165	645
53	0.223552	47	0.00475643	0.276993	0.00632358	-0.000352013	1.25534e-05	786.884	17	65	165	645
54	0.279434	47	0.0059454	0.276679	0.00633106	-0.000351008	1.25772e-05	788.243	17	65	165	645
55	0.166888	47	0.00355081	0.278659	0.00632957	-0.000355113	1.2554e-05	784.705	17	65	165	645
56	0.162368	47	0.00345465	0.27757	0.00633125	-0.000352384	1.25703e-05	787.692	17	65	165	645
57	0.212769	47	0.00452699	0.280132	0.00632726	-0.000359776	1.25291e-05	778.629	17	65	165	645
58	0.266403	47	0.00566814	0.279023	0.00632874	-0.000357173	1.25447e-05	781.199	17	65	165	645
59	0.36691	47	0.0078066	0.278466	0.00633418	-0.000355569	1.25658e-05	783.155	17	65	165	645
60	0.28738	47	0.00611448	0.278412	0.00632817	-0.000355613	1.255e-05	782.907	17	65	165	645
61	0.365852	47	0.00778408	0.276975	0.00632868	-0.000352281	1.25663e-05	786.235	17	65	165	645
62	0.238019	47	0.00506423	0.278402	0.00632616	-0.000355161	1.25459e-05	783.877	17	65	165	645
63	0.178793	47	0.0038041	0.27965	0.0063265	-0.000357619	1.2535e-05	781.978	17	65	165	645
64	0.257738	47	0.0054838	0.27714	0.00632787	-0.000351873	1.25645e-05	787.615	17	65	165	645
65	0.151105	47	0.00321499	0.278169	0.00632873	-0.00035394	1.2557e-05	785.922	17	65	165	645
66	0.2017	47	0.00429148	0.277637	0.00633175	-0.000352741	1.25704e-05	787.086	17	65	165	645
67	0.208472	47	0.00443558	0.277328	0.00632946	-0.000351811	1.25681e-05	788.287	17	65	165	645
68	0.297934	47	0.00633901	0.278878	0.00632409	-0.000355429	1.25377e-05	784.625	17	65	165	645
69	0.416455	47	0.00886074	0.277675	0.00632875	-0.000354234	1.25583e-05	783.875	17	65	165	645
70	0.461007	47	0.00980865	0.279601	0.00633553	-0.000358281	1.25573e-05	780.397	17	65	165	645
71	0.293573	47	0.00624623	0.277643	0.00633084	-0.000353505	1.25659e-05	785.401	17	65	165	645
72	0.286853	47	0.00610325	0.277675	0.00632973	-0.00035347	1.25629e-05	785.571	17	65	165	645
73	0.252218	47	0.00536634	0.279303	0.00633208	-0.000356868	1.25532e-05	782.653	17	65	165	645
74	0.314939	47	0.00670083	0.278718	0.00633339	-0.000355469	1.25629e-05	784.085	17	65	165	645
75	0.273542	47	0.00582004	0.278067	0.00633475	-0.000353828	1.25737e-05	785.88	17	65	165	645
76	0.215908	47	0.00459378	0.277724	0.00633009	-0.00035309	1.25647e-05	786.554	17	65	165	645
77	0.263792	47	0.00561259	0.277221	0.0063289	-0.000352184	1.25661e-05	787.149	17	65	165	645
78	0.235859	47	0.00501828	0.279335	0.00633534	-0.000356543	1.25626e-05	783.455	17	65	165	645
79	0.268432	47	0.00571131	0.275895	0.00633137	-0.000348894	1.2587e-05	790.77	17	65	165	645
80	0.199918	47	0.00425356	0.278492	0.00632997	-0.000354476	1.25574e-05	785.646	17	65	165	645
81	0.246676	47	0.00524843	0.277711	0.00633308	-0.00035286	1.25733e-05	787.028	17	65	165	645
82	0.178002	47	0.00378727	0.278689	0.00632865	-0.000354421	1.25533e-05	786.322	17	65	165	645
83	0.177951	47	0.0037862	0.276199	0.00632782	-0.000348904	1.25763e-05	791.62	17	65	165	645
84	0.355775	47	0.00756967	0.279584	0.0063323	-0.000358208	1.2549e-05	780.508	17	65	165	645
85	0.214698	47	0.00456804	0.280483	0.00633499	-0.000359665	1.25485e-05	779.844	17	65	165	645
86	0.236333	47	0.00502835	0.279382	0.00633335	-0.000357176	1.25555e-05	782.195	17	65	165	645
87	0.217171	47	0.00462066	0.279286	0.00633387	-0.000356586	1.25588e-05	783.222	17	65	165	645
88	0.215293	47	0.00458069	0.278597	0.00633038	-0.000355365	1.25557e-05	783.974	17	65	165	645
89	0.280801	47	0.00597449	0.277947	0.00633227	-0.000353552	1.25683e-05	786.156	17	65	165	645
90	0.226376	47	0.00481651	0.278512	0.00633465	-0.00035465	1.25693e-05	785.316	17	65	165	645
91	0.259134	47	0.0055135	0.280059	0.00633555	-0.000358044	1.25561e-05	782.191	17	65	165	645
92	0.207998	47	0.00442549	0.277362	0.00633104	-0.000352014	1.25716e-05	787.928	17	65	165	645
93	0.209356	47	0.00445438	0.279222	0.00632801	-0.000356369	1.25441e-05	783.52	17	65	165	645
94	0.254367	47	0.00541205	0.2781	0.00633144	-0.00035347	1.25657e-05	786.772	17	65	165	645
95	0.203353	47	0.00432666	0.278417	0.00633354	-0.000353922	1.25687e-05	786.662	17	65	165	645
96	0.242267	47	0.00515461	0.277752	0.00632862	-0.000352701	1.25617e-05	787.502	17	65	165	645
97	0.197017	47	0.00419186	0.277506	0.00633103	-0.000351902	1.25713e-05	788.59	17	65	165	645
98	0.158327	47	0.00336867	0.276966	0.00633338	-0.000350414	1.25838e-05	790.399	17	65	165	645
99	0.472602	47	0.0100554	0.279006	0.0063356	-0.000356977	1.25635e-05	781.579	17	65	165	645
100	0.329053	47	0.00700112	0.279752	0.0063351	-0.000358484	1.2555e-05	780.377	17	65	165	645
101	0.247825	47	0.00527287	0.278396	0.00633452	-0.000354913	1.25688e-05	784.408	17	65	165	645
102	0.314026	47	0.0066814	0.277972	0.00633686	-0.000353993	1.25792e-05	785.249	17	65	165	645
103	0.250896	47	0.00533821	0.279467	0.00633275	-0.000356991	1.2554e-05	782.839	17	65	165	645
104	0.255928	47	0.00544527	0.279221	0.00633136	-0.00035641	1.25529e-05	783.426	17	65	165	645
105	0.265939	47	0.00565828	0.279222	0.00633421	-0.000356434	1.25604e-05	783.376	17	65	165	645
106	0.214996	47	0.00457439	0.277829	0.00633176	-0.000353061	1.25688e-05	786.914	17	65	165	645
107	0.19097	47	0.0040632	0.277971	0.00633229	-0.000353345	1.25688e-05	786.686	17	65	165	645
108	0.252293	47	0.00536794	0.277837	0.00633477	-0.000352527	1.25781e-05	788.129	17	65	165	645
109	0.171179	47	0.0036421	0.277457	0.00633569	-0.000351421	1.25851e-05	789.528	17	65	165	645
110	0.289837	47	0.00616675	0.27713	0.00633852	-0.000350707	1.25959e-05	790.204	17	65	165	645
111	0.275088	47	0.00585294	0.280637	0.00633365	-0.000360321	1.25426e-05	778.852	17	65	165	645
112	0.29514	47	0.00627958	0.279752	0.00633733	-0.000358128	1.25619e-05	781.151	17	65	165	645
113	0.244038	47	0.0051923	0.279091	0.00633539	-0.000356383	1.25642e-05	783.12	17	65	165	645
114	0.239933	47	0.00510495	0.278798	0.00633239	-0.000355828	1.2559e-05	783.518	17	65	165	645
115	0.402962	47	0.00857367	0.278268	0.0063408	-0.000354484	1.25871e-05	784.994	17	65	165	645
116	0.207395	47	0.00441266	0.280918	0.00633623	-0.000360506	1.25477e-05	779.233	17	65	165	645
117	0.275544	47	0.00586263	0.279901	0.00633633	-0.000358192	1.25585e-05	781.427	17	65	165	645
118	0.295213	47	0.00628112	0.279647	0.00633655	-0.000357564	1.25618e-05	782.09	17	65	165	645
119	0.273518	47	0.00581954	0.279702	0.00633729	-0.000357592	1.25635e-05	782.182	17	65	165	645
120	0.205636	47	0.00437524	0.278926	0.00633663	-0.000355663	1.25701e-05	784.243	17	65	165	645
121	0.247726	47	0.00527076	0.278733	0.00633641	-0.000355248	1.25715e-05	784.615	17	65	165	645
122	0.237738	47	0.00505825	0.278588	0.00633497	-0.000354761	1.25696e-05	785.283	17	65	165	645
123	0.233034	47	0.00495817	0.277999	0.00633374	-0.000353511	1.25721e-05	786.394	17	65	165	645
124	0.190555	47	0.00405437	0.277998	0.00633016	-0.000353645	1.25623e-05	786.093	17	65	165	645
125	0.224967	47	0.00478653	0.277949	0.00633258	-0.000353373	1.25696e-05	786.561	17	65	165	645
126	0.205359	47	0.00436934	0.278773	0.00633381	-0.000354797	1.25656e-05	785.724	17	65	165	645
127	0.231931	47	0.00493471	0.278581	0.00633354	-0.000354202	1.25673e-05	786.503	17	65	165	645
128	0.352967	47	0.00750994	0.280374	0.00633322	-0.000359976	1.25434e-05	778.869	17	65	165	645
129	0.262778	47	0.00559103	0.279852	0.00633422	-0.000358464	1.25523e-05	780.7	17	65	165	645
130	0.334937	47	0.00712632	0.279967	0.00633738	-0.000358335	1.25606e-05	781.3	17	65	165	645
131	0.254053	47	0.00540539	0.279633	0.00633524	-0.00035761	1.25583e-05	781.949	17	65	165	645
132	0.405768	47	0.00863336	0.278819	0.00634014	-0.000355694	1.25798e-05	783.873	17	65	165	645
133	0.236722	47	0.00503664	0.279601	0.00633772	-0.000357363	1.25656e-05	782.4	17	65	165	645
134	0.210999	47	0.00448935	0.280166	0.00633335	-0.000358832	1.25477e-05	780.772	17	65	165	645
135	0.328038	47	0.00697954	0.277875	0.00633489	-0.000353417	1.25759e-05	786.252	17	65	165	645
136	0.267124	47	0.00568349	0.280599	0.00633741	-0.000359383	1.25552e-05	780.779	17	65	165	645
137	0.194503	47	0.00413836	0.279949	0.00633654	-0.000357895	1.25596e-05	782.211	17	65	165	645
138	0.238226	47	0.00506864	0.279394	0.00633669	-0.000356621	1.25658e-05	783.449	17	65	165	645
139	0.208106	47	0.00442779	0.279023	0.0063339	-0.000355778	1.25622e-05	784.261	17	65	165	645
140	0.212526	47	0.00452183	0.280413	0.00633727	-0.000358356	1.25584e-05	782.499	17	65	165	645
141	0.214972	47	0.00457387	0.2801	0.0063367	-0.000357789	1.25597e-05	782.863	17	65	165	645
142	0.255989	47	0.00544657	0.277959	0.00633381	-0.000352911	1.25741e-05	787.618	17	65	165	645
143	0.211452	47	0.00449899	0.279944	0.00633574	-0.000357337	1.2559e-05	783.417	17	65	165	645
144	0.241087	47	0.00512952	0.279362	0.00633285	-0.00035613	1.2557e-05	784.437	17	65	165	645
145	0.250209	47	0.00532359	0.276954	0.00633869	-0.000350416	1.25979e-05	790.357	17	65	165	645
146	0.246713	47	0.00524921	0.277286	0.00633311	-0.000350456	1.25816e-05	791.214	17	65	165	645
147	0.496519	47	0.0105642	0.282233	0.00634106	-0.00036466	1.25438e-05	773.962	17	65	165	645
148	0.342368	47	0.00728443	0.27951	0.00633473	-0.000357662	1.25573e-05	781.494	17	65	165	645
149	0.240224	47	0.00511114	0.280943	0.00633621	-0.000360903	1.25465e-05	778.445	17	65	165	645
150	0.260742	47	0.00554771	0.278591	0.00633315	-0.00035535	1.25631e-05	783.989	17	65	165	645
151	0.305928	47	0.00650911	0.28056	0.00633811	-0.000359844	1.2556e-05	779.67	17	65	165	645
152	0.280356	47	0.00596503	0.279719	0.0063362	-0.000357971	1.25595e-05	781.402	17	65	165	645
153	0.293868	47	0.0062525	0.279762	0.00633937	-0.0003577	1.25685e-05	782.116	17	65	165	645
154	0.298304	47	0.0063469	0.279417	0.00633948	-0.000356851	1.25725e-05	783.006	17	65	165	645
155	0.33576	47	0.00714383	0.27899	0.00633763	-0.000355975	1.25717e-05	783.736	17	65	165	645
156	0.235358	47	0.00500763	0.280911	0.00633555	-0.000360151	1.25469e-05	779.982	17	65	165	645
157	0.207858	47	0.00442251	0.280152	0.00633755	-0.000358114	1.25609e-05	782.299	17	65	165	645
158	0.264175	47	0.00562074	0.279576	0.00633865	-0.000356766	1.25698e-05	783.641	17	65	165	645
159	0.21207	47	0.00451213	0.278817	0.00633268	-0.000355265	1.25612e-05	784.815	17	65	165	645
160	0.303222	47	0.00645153	0.278442	0.00633697	-0.000354266	1.25768e-05	785.97	17	65	165	645
161	0.261417	47	0.00556205	0.278047	0.00633866	-0.000352921	1.25865e-05	787.845	17	65	165	645
162	0.233206	47	0.00496184	0.279999	0.00633593	-0.000357482	1.25589e-05	783.254	17	65	165	645
163	0.16627	47	0.00353765	0.277525	0.00633427	-0.000351783	1.25801e-05	788.909	17	65	165	645
164	0.183922	47	0.00391323	0.27788	0.00634046	-0.000352007	1.25944e-05	789.416	17	65	165	645
165	0.236329	47	0.00502829	0.280975	0.00633975	-0.00036073	1.25563e-05	778.908	17	65	165	645
166	0.343235	47	0.00730287	0.281134	0.00633913	-0.000361001	1.25532e-05	778.762	17	65	165	645
167	0.293907	47	0.00625333	0.280055	0.00633709	-0.000358428	1.25592e-05	781.341	17	65	165	645
168	0.274542	47	0.00584133	0.281115	0.00634146	-0.000360538	1.25607e-05	779.709	17	65	165	645
169	0.214944	47	0.00457328	0.280498	0.00633599	-0.000359009	1.25529e-05	781.313	17	65	165	645
170	0.295934	47	0.00629646	0.277788	0.00634185	-0.000352735	1.25966e-05	787.528	17	65	165	645
171	0.1868	47	0.00397447	0.279645	0.00633825	-0.000357055	1.25677e-05	783.2	17	65	165	645
172	0.213403	47	0.0045405	0.27941	0.00634039	-0.000356259	1.25765e-05	784.288	17	65	165	645
173	0.256082	47	0.00544856	0.279605	0.00633841	-0.000356705	1.25692e-05	783.855	17	65	165	645
174	0.217005	47	0.00461712	0.278929	0.00633647	-0.000355199	1.25709e-05	785.276	17	65	165	645
175	0.257734	47	0.00548371	0.27799	0.00634039	-0.000353063	1.2591e-05	787.366	17	65	165	645
176	0.192706	47	0.00410012	0.278405	0.00634043	-0.000353613	1.25879e-05	787.317	17	65	165	645
177	0.214836	47	0.00457098	0.277892	0.00634147	-0.000352346	1.25962e-05	788.689	17	65	165	645
178	0.240013	47	0.00510666	0.277864	0.00633868	-0.000352542	1.25884e-05	788.175	17	65	165	645
179	0.308808	47	0.00657038	0.276873	0.00634167	-0.00035016	1.26068e-05	790.704	17	65	165	645
180	0.455942	47	0.0097009	0.283555	0.00634429	-0.000367393	1.25396e-05	771.804	17	65	165	645
181	0.279537	47	0.00594759	0.282558	0.00634462	-0.000364132	1.25534e-05	775.976	17	65	165	645
182	0.460522	47	0.00979834	0.279538	0.00634539	-0.000357411	1.25861e-05	782.12	17	65	165	645
183	0.26769	47	0.00569553	0.282107	0.00634132	-0.000363094	1.25493e-05	776.955	17	65	165	645
184	0.294608	47	0.00626826	0.27931	0.0063414	-0.000356635	1.25786e-05	783.181	17	65	165	645
185	0.263172	47	0.0055994	0.281185	0.00633821	-0.000360915	1.25508e-05	779.09	17	65	165	645
186	0.202577	47	0.00431014	0.280238	0.00634011	-0.000358539	1.25662e-05	781.611	17	65	165	645
187	0.316483	47	0.00673368	0.279589	0.00634362	-0.000357072	1.25821e-05	783.003	17	65	165	645
188	0.244044	47	0.00519242	0.279862	0.00634263	-0.00035745	1.25773e-05	782.941	17	65	165	645
189	0.268255	47	0.00570755	0.279153	0.00634263	-0.000355734	1.25849e-05	784.725	17	65	165	645
190	0.200498	47	0.00426592	0.281032	0.00634151	-0.000359899	1.25629e-05	780.864	17	65	165	645
191	0.319709	47	0.00680232	0.278924	0.00634644	-0.000355259	1.25972e-05	785.13	17	65	165	645
192	0.217848	47	0.00463506	0.280933	0.00634265	-0.000359695	1.25669e-05	781.03	17	65	165	645
193	0.270109	47	0.005747	0.280002	0.00634377	-0.000357682	1.25792e-05	782.824	17	65	165	645
194	0.307395	47	0.00654032	0.28049	0.00634409	-0.000358527	1.25757e-05	782.341	17	65	165	645
195	0.21132	47	0.00449618	0.279385	0.00634119	-0.000355948	1.25796e-05	784.903	17	65	165	645
196	0.14955	47	0.00318192	0.278982	0.00633947	-0.000354913	1.25794e-05	786.057	17	65	165	645
197	0.222188	47	0.00472741	0.280966	0.00633915	-0.000359543	1.25579e-05	781.453	17	65	165	645
198	0.282377	47	0.00600802	0.277556	0.00633722	-0.000351998	1.25872e-05	788.516	17	65	165	645
199	0.19993	47	0.00425382	0.278277	0.00633972	-0.00035258	1.25893e-05	789.257	17	65	165	645
200	0.521779	47	0.0111017	0.28034	0.00634563	-0.000359572	1.25776e-05	779.649	17	65	165	645
201	0.376192	47	0.0080041	0.28208	0.00634196	-0.00036378	1.25493e-05	775.414	17	65	165	645
202	0.352527	47	0.00750057	0.281913	0.00634317	-0.000363134	1.25549e-05	776.331	17	65	165	645
203	0.411483	47	0.00875496	0.280718	0.00634842	-0.000359915	1.25825e-05	779.957	17	65	165	645
204	0.409322	47	0.00870899	0.28036	0.00634399	-0.000359148	1.25743e-05	780.626	17	65	165	645
205	0.353949	47	0.00753082	0.279901	0.0063462	-0.000357908	1.25854e-05	782.048	17	65	165	645
206	0.376754	47	0.00801603	0.280973	0.00634393	-0.000360615	1.25677e-05	779.15	17	65	165	645
207	0.275845	47	0.00586904	0.281902	0.00634379	-0.000362543	1.25582e-05	777.57	17	65	165	645
208	0.24405	47	0.00519256	0.280975	0.00634053	-0.000360542	1.25588e-05	779.312	17	65	165	645
209	0.254465	47	0.00541415	0.281086	0.00634253	-0.000360488	1.25638e-05	779.737	17	65	165	645
210	0.27332	47	0.00581533	0.280018	0.00634317	-0.00035811	1.25764e-05	781.932	17	65	165	645
211	0.313835	47	0.00667734	0.280687	0.00634272	-0.000359427	1.25689e-05	780.93	17	65	165	645
212	0.301763	47	0.0064205	0.280654	0.0063423	-0.00035939	1.2568e-05	780.916	17	65	165	645
213	0.268714	47	0.00571732	0.280095	0.0063469	-0.000357777	1.25868e-05	782.878	17	65	165	645
214	0.256103	47	0.00544901	0.281903	0.00634374	-0.000361934	1.25598e-05	778.879	17	65	165	645
215	0.201871	47	0.00429512	0.280771	0.00633953	-0.00035945	1.256e-05	781.113	17	65	165	645
216	0.196018	47	0.00417059	0.280547	0.00634516	-0.000358525	1.25783e-05	782.501	17	65	165	645
217	0.249105	47	0.00530011	0.27846	0.00634329	-0.000354082	1.2594e-05	786.43	17	65	165	645
218	0.217215	47	0.0046216	0.28014	0.00634185	-0.000357872	1.2573e-05	782.795	17	65	165	645
219	0.246997	47	0.00525526	0.278228	0.00634535	-0.000353162	1.26029e-05	787.819	17	65	165	645
220	0.199259	47	0.00423955	0.27793	0.00634097	-0.00035259	1.2594e-05	788.254	17	65	165	645
221	0.260578	47	0.00554422	0.279578	0.00633937	-0.00035642	1.25726e-05	784.407	17	65	165	645
222	0.241398	47	0.00513612	0.279888	0.00633713	-0.000357067	1.25637e-05	783.853	17	65	165	645
223	0.276447	47	0.00588186	0.27937	0.00633975	-0.000355934	1.25758e-05	784.892	17	65	165	645
224	0.188442	47	0.00400941	0.281343	0.00634083	-0.000360251	1.25589e-05	780.963	17	65	165	645
225	0.214854	47	0.00457136	0.279116	0.00634147	-0.000355113	1.25836e-05	785.992	17	65	165	645
226	0.176409	47	0.00375338	0.278719	0.00634022	-0.000354304	1.25842e-05	786.667	17	65	165	645
227	0.23806	47	0.00506511	0.277828	0.00634248	-0.000352096	1.25998e-05	789.07	17	65	165	645
228	0.281127	47	0.00598143	0.279122	0.00634158	-0.000354754	1.25849e-05	786.805	17	65	165	645
229	0.277977	47	0.00591441	0.283167	0.00634077	-0.000365735	1.25363e-05	774.242	17	65	165	645
230	0.373752	47	0.00795218	0.280406	0.00634867	-0.000359058	1.25868e-05	780.949	17	65	165	645
231	0.332393	47	0.00707219	0.279335	0.00634452	-0.000356462	1.25872e-05	783.633	17	65	165	645
232	0.290131	47	0.00617299	0.281666	0.00634689	-0.000361744	1.25696e-05	778.633	17	65	165	645
233	0.350577	47	0.00745909	0.281072	0.00634446	-0.000360382	1.25693e-05	779.929	17	65	165	645
234	0.341677	47	0.00726973	0.278964	0.00634452	-0.000355695	1.25908e-05	784.278	17	65	165	645
235	0.301259	47	0.00640976	0.280761	0.00634462	-0.000359587	1.25732e-05	780.788	17	65	165	645
236	0.307242	47	0.00653706	0.279148	0.00634586	-0.000355804	1.25933e-05	784.558	17	65	165	645
237	0.384506	47	0.00818097	0.280634	0.00634554	-0.000359288	1.25769e-05	781.084	17	65	165	645
238	0.329081	47	0.00700173	0.280229	0.00634481	-0.000358413	1.2579e-05	781.859	17	65	165	645
239	0.180376	47	0.0038378	0.280411	0.00634128	-0.000358611	1.25684e-05	781.937	17	65	165	645
240	0.300359	47	0.00639062	0.280324	0.00634408	-0.00035851	1.25764e-05	781.915	17	65	165	645
241	0.318468	47	0.00677592	0.280221	0.00634485	-0.000358302	1.25795e-05	782.08	17	65	165	645
242	0.303891	47	0.00646576	0.279887	0.00634366	-0.00035739	1.25801e-05	783.141	17	65	165	645
243	0.206402	47	0.00439154	0.279557	0.00634307	-0.000356404	1.25826e-05	784.382	17	65	165	645
244	0.269895	47	0.00574246	0.281365	0.00634677	-0.00036043	1.25741e-05	780.636	17	65	165	645
245	0.244885	47	0.00521032	0.280784	0.00634084	-0.000359343	1.25637e-05	781.381	17	65	165	645
246	0.312342	47	0.00664557	0.280996	0.00634777	-0.000359701	1.25802e-05	781.192	17	65	165	645
247	0.241974	47	0.00514837	0.280659	0.00634411	-0.000358888	1.25741e-05	782.024	17	65	165	645
248	0.199502	47	0.00424472	0.279209	0.00634032	-0.000355572	1.2579e-05	785.241	17	65	165	645
249	0.252465	47	0.0053716	0.277662	0.00634185	-0.000351621	1.26001e-05	789.665	17	65	165	645
250	0.474692	47	0.0100998	0.28412	0.00634789	-0.000368217	1.25446e-05	771.611	17	65	165	645
251	0.319179	47	0.00679104	0.280616	0.00634439	-0.00035956	1.25732e-05	780.442	17	65	165	645
252	0.273993	47	0.00582964	0.282232	0.00634288	-0.000363104	1.25529e-05	777.276	17	65	165	645
253	0.302306	47	0.00643204	0.28184	0.00634529	-0.000362224	1.25634e-05	778.083	17	65	165	645
254	0.362861	47	0.00772044	0.281334	0.00634934	-0.000360812	1.258e-05	779.723	17	65	165	645
255	0.236755	47	0.00503733	0.281445	0.00634386	-0.000360947	1.25646e-05	779.74	17	65	165	645
256	0.260777	47	0.00554846	0.281279	0.00634535	-0.000360625	1.25701e-05	779.977	17	65	165	645
257	0.261297	47	0.00555951	0.280905	0.00634662	-0.000359612	1.25778e-05	781.134	17	65	165	645
258	0.264912	47	0.00563642	0.282635	0.00634245	-0.000363698	1.25485e-05	777.114	17	65	165	645
259	0.267583	47	0.00569325	0.280523	0.00634428	-0.000358833	1.25753e-05	781.764	17	65	165	645
260	0.253707	47	0.00539803	0.280355	0.00634383	-0.000358502	1.25757e-05	782.018	17	65	165	645
261	0.316465	47	0.00673331	0.279725	0.00634766	-0.000356847	1.25929e-05	783.88	17	65	165	645
262	0.353159	47	0.00751402	0.279143	0.00634631	-0.000355497	1.25954e-05	785.219	17	65	165	645
263	0.27184	47	0.00578383	0.278713	0.0063422	-0.000354348	1.25893e-05	786.552	17	65	165	645
264	0.214771	47	0.00456959	0.281376	0.00634438	-0.00036064	1.25671e-05	780.214	17	65	165	645
265	0.221891	47	0.00472109	0.278774	0.00634161	-0.000354721	1.25865e-05	785.896	17	65	165	645
266	0.289889	47	0.00616784	0.27937	0.0063503	-0.000355316	1.26055e-05	786.259	17	65	165	645
267	0.15918	47	0.00338681	0.278934	0.00634131	-0.000354546	1.25855e-05	786.735	17	65	165	645
268	0.295452	47	0.00628621	0.281332	0.00634709	-0.000359648	1.25772e-05	782.243	17	65	165	645
269	0.547414	47	0.0116471	0.281808	0.00634262	-0.000363687	1.25524e-05	774.864	17	65	165	645
270	0.305371	47	0.00649726	0.283012	0.00634075	-0.000365525	1.25375e-05	774.263	17	65	165	645
271	0.392289	47	0.00834657	0.280292	0.00634387	-0.000359124	1.25744e-05	780.488	17	65	165	645
272	0.379192	47	0.00806791	0.280211	0.00634323	-0.000358942	1.25735e-05	780.658	17	65	165	645
273	0.320852	47	0.00682664	0.281265	0.00634371	-0.000361188	1.25643e-05	778.72	17	65	165	645
274	0.356437	47	0.00758377	0.280152	0.00634189	-0.000358803	1.25705e-05	780.796	17	65	165	645
275	0.227723	47	0.00484517	0.281621	0.00633923	-0.000362092	1.25485e-05	777.761	17	65	165	645
276	0.303497	47	0.00645737	0.281022	0.00633836	-0.000360646	1.25526e-05	779.218	17	65	165	645
277	0.238152	47	0.00506706	0.281121	0.00634311	-0.000360465	1.25653e-05	779.886	17	65	165	645
278	0.385384	47	0.00819966	0.278946	0.00634161	-0.000355749	1.2583e-05	784.109	17	65	165	645
279	0.27432	47	0.00583659	0.281038	0.00634228	-0.00036056	1.25632e-05	779.448	17	65	165	645
280	0.399183	47	0.00849326	0.280486	0.00634452	-0.000359153	1.25752e-05	780.965	17	65	165	645
281	0.284204	47	0.00604689	0.28044	0.00634128	-0.000358953	1.25673e-05	781.271	17	65	165	645
282	0.269919	47	0.00574295	0.282003	0.00634192	-0.000362429	1.25532e-05	778.093	17	65	165	645
283	0.346547	47	0.00737334	0.280234	0.00634754	-0.000358249	1.25867e-05	782.231	17	65	165	645
284	0.258603	47	0.00550218	0.279686	0.00633977	-0.00035725	1.2571e-05	782.888	17	65	165	645
285	0.195868	47	0.0041674	0.279391	0.00633869	-0.000356412	1.25716e-05	783.899	17	65	165	645
286	0.24253	47	0.00516022	0.282019	0.00633862	-0.000362414	1.25444e-05	778.166	17	65	165	645
287	0.316873	47	0.00674198	0.278983	0.00634155	-0.000355435	1.25835e-05	784.906	17	65	165	645
288	0.211565	47	0.00450138	0.28122	0.00634016	-0.000360309	1.25575e-05	780.496	17	65	165	645
289	0.368639	47	0.00784339	0.278179	0.00634318	-0.000353642	1.2596e-05	786.611	17	65	165	645
290	0.284785	47	0.00605925	0.278967	0.00633932	-0.000355256	1.25782e-05	785.257	17	65	165	645
291	0.314326	47	0.0066878	0.280303	0.00633534	-0.000357811	1.25552e-05	783.383	17	65	165	645
292	0.168108	47	0.00357677	0.277005	0.00633559	-0.000350022	1.25905e-05	791.393	17	65	165	645
293	0.393516	47	0.00837268	0.281469	0.00632891	-0.000363224	1.25186e-05	774.917	17	65	165	645
294	0.418263	47	0.0088992	0.281315	0.00633408	-0.000362646	1.25346e-05	775.728	17	65	165	645
295	0.256956	47	0.00546714	0.280712	0.00632906	-0.000361202	1.25276e-05	777.16	17	65	165	645
296	0.319616	47	0.00680034	0.280794	0.00633007	-0.000361313	1.25297e-05	777.15	17	65	165	645
297	0.288804	47	0.00614477	0.280139	0.00632946	-0.000359656	1.25353e-05	778.907	17	65	165	645
298	0.251861	47	0.00535875	0.281992	0.00633102	-0.000363714	1.25207e-05	775.312	17	65	165	645
299	0.374564	47	0.00796944	0.278943	0.00633082	-0.000356769	1.25517e-05	781.858	17	65	165	645
300	0.267861	47	0.00569917	0.281601	0.00633409	-0.000362538	1.25337e-05	776.749	17	65	165	645
301	0.392462	47	0.00835026	0.278218	0.00633405	-0.000354913	1.25682e-05	783.905	17	65	165	645
302	0.321098	47	0.00683187	0.280407	0.00633168	-0.000359826	1.25396e-05	779.286	17	65	165	645
303	0.316044	47	0.00672435	0.278754	0.0063332	-0.000356117	1.25605e-05	782.758	17	65	165	645
304	0.204376	47	0.00434842	0.280408	0.00633433	-0.000359611	1.25472e-05	779.753	17	65	165	645
305	0.276996	47	0.00589352	0.28048	0.00633241	-0.00035985	1.25412e-05	779.436	17	65	165	645
306	0.382385	47	0.00813586	0.279712	0.00633626	-0.000357893	1.25599e-05	781.552	17	65	165	645
307	0.315333	47	0.00670921	0.279907	0.00633362	-0.000358593	1.25502e-05	780.572	17	65	165	645
308	0.229055	47	0.00487351	0.279229	0.00632669	-0.000357074	1.25387e-05	781.992	17	65	165	645
309	0.284006	47	0.00604267	0.27855	0.00633232	-0.000355365	1.25611e-05	783.842	17	65	165	645
310	0.25253	47	0.00537297	0.280975	0.00633015	-0.00036085	1.25304e-05	778.647	17	65	165	645
311	0.284946	47	0.00606268	0.278071	0.00632795	-0.000353692	1.2556e-05	786.195	17	65	165	645
312	0.468909	47	0.00997679	0.28087	0.00632348	-0.000362899	1.25075e-05	773.963	17	65	165	645
313	0.430633	47	0.0091624	0.280232	0.00632923	-0.000360411	1.25322e-05	777.537	17	65	165	645
314	0.235669	47	0.00501424	0.279847	0.00632132	-0.000359622	1.2515e-05	778.17	17	65	165	645
315	0.377477	47	0.00803142	0.279058	0.00632336	-0.000357859	1.25284e-05	779.8	17	65	165	645
316	0.330147	47	0.0070244	0.279502	0.00632228	-0.000358949	1.25207e-05	778.667	17	65	165	645
317	0.22947	47	0.00488234	0.280956	0.00632588	-0.000361696	1.25168e-05	776.774	17	65	165	645
318	0.343842	47	0.00731578	0.28012	0.00632182	-0.000360064	1.2514e-05	777.972	17	65	165	645
319	0.30742	47	0.00654084	0.279772	0.00632163	-0.000359228	1.25172e-05	778.813	17	65	165	645
320	0.261828	47	0.0055708	0.279169	0.0063245	-0.000357429	1.25322e-05	781.047	17	65	165	645
321	0.314561	47	0.00669279	0.278704	0.00632386	-0.000356503	1.25349e-05	781.772	17	65	165	645
322	0.368503	47	0.00784049	0.278514	0.00632544	-0.000355845	1.25416e-05	782.684	17	65	165	645
323	0.316074	47	0.00672498	0.277372	0.00632497	-0.00035323	1.25522e-05	785.246	17	65	165	645
324	0.195726	47	0.00416437	0.279238	0.00632097	-0.000357252	1.2523e-05	781.627	17	65	165	645
325	0.23153	47	0.00492618	0.281809	0.00631206	-0.000365526	1.24661e-05	770.969	17	65	165	645
326	0.446024	47	0.00948987	0.279383	0.00631861	-0.000359674	1.25095e-05	776.765	17	65	165	645
327	0.269705	47	0.00573841	0.280517	0.0063151	-0.000362132	1.24888e-05	774.628	17	65	165	645
328	0.373878	47	0.00795484	0.280293	0.00631788	-0.000361655	1.24984e-05	775.031	17	65	165	645
329	0.485258	47	0.0103246	0.277496	0.00631724	-0.000355298	1.25256e-05	781.022	17	65	165	645
330	0.391006	47	0.00831928	0.279908	0.00632247	-0.000360236	1.25161e-05	777.013	17	65	165	645
331	0.220058	47	0.00468208	0.279243	0.00631287	-0.000358951	1.24968e-05	777.94	17	65	165	645
332	0.35143	47	0.00747724	0.278818	0.00631833	-0.000357927	1.25159e-05	778.98	17	65	165	645
333	0.373308	47	0.00794273	0.279064	0.00631799	-0.000358454	1.25125e-05	778.521	17	65	165	645
334	0.304011	47	0.00646833	0.280526	0.00631555	-0.000361915	1.24906e-05	775.114	17	65	165	645
335	0.227609	47	0.00484274	0.279485	0.00631706	-0.000358926	1.2507e-05	778.67	17	65	165	645
336	0.23059	47	0.00490617	0.278803	0.00631872	-0.000357185	1.2519e-05	780.556	17	65	165	645
337	0.264892	47	0.00563601	0.278011	0.00631365	-0.000355568	1.25132e-05	781.878	17	65	165	645
338	0.277345	47	0.00590096	0.277976	0.00631215	-0.000355631	1.25092e-05	781.641	17	65	165	645
339	0.338479	47	0.00720168	0.279862	0.00631518	-0.000359757	1.24982e-05	777.918	17	65	165	645
340	0.255665	47	0.00543967	0.277715	0.00631563	-0.000354673	1.25221e-05	783.016	17	65	165	645
341	0.354206	47	0.00753629	0.280039	0.00631305	-0.000360334	1.24902e-05	777.166	17	65	165	645
342	0.342971	47	0.00729726	0.278897	0.00631692	-0.000356995	1.25143e-05	781.237	17	65	165	645
343	0.588256	47	0.0125161	0.28145	0.00631553	-0.000365613	1.24765e-05	769.805	17	65	165	645
344	0.594212	47	0.0126428	0.278294	0.0063117	-0.000358216	1.24996e-05	776.889	17	65	165	645
345	0.3736	47	0.00794894	0.280773	0.00630938	-0.00036342	1.2469e-05	772.586	17	65	165	645
346	0.457497	47	0.00973397	0.278557	0.00630934	-0.000358641	1.24911e-05	776.7	17	65	165	645
347	0.397547	47	0.00845845	0.280331	0.00631606	-0.000362155	1.24921e-05	774.062	17	65	165	645
348	0.480722	47	0.0102281	0.278282	0.00631292	-0.000357548	1.25048e-05	778.306	17	65	165	645
349	0.319389	47	0.0067955	0.280017	0.00630843	-0.000361439	1.2475e-05	774.728	17	65	165	645
350	0.42217	47	0.00898235	0.277143	0.00631125	-0.000354766	1.25126e-05	781.201	17	65	165	645
351	0.378764	47	0.0080588	0.278876	0.00631219	-0.000358675	1.24973e-05	777.516	17	65	165	645
352	0.365296	47	0.00777226	0.279058	0.0063127	-0.000359021	1.24969e-05	777.275	17	65	165	645
353	0.399027	47	0.00848993	0.277851	0.00631323	-0.000356147	1.25112e-05	780.157	17	65	165	645
354	0.312337	47	0.00664547	0.277855	0.00631304	-0.000355868	1.25114e-05	780.779	17	65	165	645
355	0.35725	47	0.00760106	0.276997	0.00631049	-0.000354088	1.2513e-05	782.282	17	65	165	645
356	0.296697	47	0.00631271	0.277647	0.00630854	-0.000355266	1.2502e-05	781.519	17	65	165	645
357	0.221658	47	0.00471612	0.279768	0.00631093	-0.000359838	1.24871e-05	777.483	17	65	165	645
358	0.301469	47	0.00641424	0.276813	0.006309	-0.000353144	1.25124e-05	783.852	17	65	165	645
359	0.207917	47	0.00442376	0.277859	0.00630635	-0.000355564	1.24945e-05	781.46	17	65	165	645
360	0.246547	47	0.00524567	0.275571	0.00630992	-0.000350017	1.25285e-05	787.307	17	65	165	645
361	0.159177	47	0.00338674	0.276649	0.00630985	-0.000352025	1.25184e-05	785.88	17	65	165	645
362	0.687478	47	0.0146272	0.280373	0.00630823	-0.000364026	1.24659e-05	770.201	17	65	165	645
363	0.388622	47	0.00826856	0.281342	0.0063063	-0.000365289	1.24533e-05	770.191	17	65	165	645
364	0.550553	47	0.0117139	0.278319	0.00630623	-0.000358579	1.2484e-05	776.172	17	65	165	645
365	0.231718	47	0.00493016	0.280316	0.00629692	-0.000362953	1.2439e-05	772.319	17	65	165	645
366	0.266496	47	0.00567012	0.279303	0.00630281	-0.000360235	1.24663e-05	775.336	17	65	165	645
367	0.322272	47	0.00685684	0.278202	0.00630417	-0.000357329	1.24824e-05	778.56	17	65	165	645
368	0.221224	47	0.0047069	0.280058	0.00630542	-0.0003616	1.24664e-05	774.495	17	65	165	645
369	0.368074	47	0.00783137	0.279702	0.00630573	-0.000360783	1.24709e-05	775.264	17	65	165	645
370	0.251563	47	0.00535239	0.276261	0.0063016	-0.000352722	1.24962e-05	783.226	17	65	165	645
371	0.252685	47	0.00537627	0.278212	0.00630586	-0.000357191	1.24873e-05	778.89	17	65	165	645
372	0.313383	47	0.00666772	0.277339	0.0063059	-0.00035473	1.24977e-05	781.831	17	65	165	645
373	0.288062	47	0.00612898	0.277503	0.00630385	-0.000355267	1.24901e-05	781.113	17	65	165	645
374	0.290323	47	0.0061771	0.276057	0.00630167	-0.000351844	1.24996e-05	784.599	17	65	165	645
375	0.607696	47	0.0129297	0.279518	0.0063013	-0.000362302	1.24557e-05	771.505	17	65	165	645
376	0.398615	47	0.00848117	0.27988	0.00629994	-0.000362683	1.24496e-05	771.692	17	65	165	645
377	0.487964	47	0.0103822	0.279071	0.00630347	-0.000360561	1.24681e-05	773.989	17	65	165	645
378	0.467585	47	0.00994861	0.278815	0.00630128	-0.000360078	1.24647e-05	774.319	17	65	165	645
379	0.273148	47	0.00581167	0.279833	0.00629664	-0.000362291	1.24421e-05	772.397	17	65	165	645
380	0.399573	47	0.00850155	0.279802	0.00630273	-0.000361924	1.24594e-05	773.097	17	65	165	645
381	0.255027	47	0.00542611	0.27944	0.00630096	-0.000361012	1.24587e-05	774.048	17	65	165	645
382	0.321188	47	0.00683379	0.279503	0.00630434	-0.000360871	1.24678e-05	774.525	17	65	165	645
383	0.445088	47	0.00946995	0.277347	0.00630187	-0.000356078	1.24833e-05	778.894	17	65	165	645
384	0.293403	47	0.00624263	0.278848	0.00629813	-0.00035962	1.24575e-05	775.396	17	65	165	645
385	0.353514	47	0.00752157	0.279135	0.00630132	-0.000360218	1.24631e-05	774.905	17	65	165	645
386	0.53843	47	0.011456	0.276513	0.0063027	-0.000354491	1.24933e-05	780.028	17	65	165	645
387	0.327235	47	0.00696245	0.277809	0.00629777	-0.000357123	1.24676e-05	777.908	17	65	165	645
388	0.232403	47	0.00494474	0.279458	0.00629668	-0.000360623	1.24483e-05	774.931	17	65	165	645
389	0.279421	47	0.00594514	0.277127	0.00630142	-0.000354801	1.24865e-05	781.078	17	65	165	645
390	0.267251	47	0.0056862	0.276712	0.00629664	-0.000353896	1.2478e-05	781.902	17	65	165	645
391	0.456993	47	0.00972325	0.278587	0.00629501	-0.000360343	1.24482e-05	773.115	17	65	165	645
392	0.456239	47	0.00970722	0.278829	0.00629617	-0.000360511	1.24499e-05	773.428	17	65	165	645
393	0.451878	47	0.00961443	0.277606	0.00629331	-0.000357699	1.2455e-05	776.087	17	65	165	645
394	0.478311	47	0.0101768	0.276698	0.00629936	-0.000355148	1.24819e-05	779.107	17	65	165	645
395	0.325709	47	0.00692999	0.27961	0.00629739	-0.000361335	1.24476e-05	773.826	17	65	165	645
396	0.438168	47	0.00932273	0.277204	0.00629622	-0.000356226	1.24685e-05	778.169	17	65	165	645
397	0.315895	47	0.00672118	0.278542	0.0062951	-0.000358733	1.24531e-05	776.46	17	65	165	645
398	0.388412	47	0.00826409	0.275609	0.00629569	-0.000352462	1.2484e-05	781.954	17	65	165	645
399	0.316494	47	0.00673392	0.276538	0.0062929	-0.000353967	1.24686e-05	781.255	17	65	165	645
400	0.318112	47	0.00676833	0.276016	0.00629566	-0.0003526	1.24818e-05	782.801	17	65	165	645
401	0.656531	47	0.0139687	0.279765	0.00629405	-0.000363729	1.24314e-05	769.157	17	65	165	645
402	0.596745	47	0.0126967	0.278137	0.00629701	-0.000359283	1.24583e-05	774.143	17	65	165	645
403	0.448769	47	0.00954828	0.279379	0.0062946	-0.000361922	1.24395e-05	771.93	17	65	165	645
404	0.523919	47	0.0111472	0.27827	0.00629364	-0.000359448	1.24484e-05	774.159	17	65	165	645
405	0.534788	47	0.0113785	0.278208	0.00629644	-0.00035922	1.24567e-05	774.477	17	65	165	645
406	0.372873	47	0.00793346	0.276907	0.00629244	-0.000355981	1.24603e-05	777.87	17	65	165	645
407	0.401834	47	0.00854966	0.276598	0.00629309	-0.000355257	1.24653e-05	778.586	17	65	165	645
408	0.378771	47	0.00805896	0.277828	0.00629523	-0.000358013	1.24584e-05	776.028	17	65	165	645
409	0.372401	47	0.00792343	0.277334	0.00629492	-0.000356645	1.24634e-05	777.618	17	65	165	645
410	0.334472	47	0.00711642	0.277468	0.00629563	-0.00035683	1.24642e-05	777.591	17	65	165	645
411	0.248158	47	0.00527995	0.276971	0.00628927	-0.000355644	1.24526e-05	778.789	17	65	165	645
412	0.211926	47	0.00450907	0.275494	0.00629111	-0.000351502	1.24749e-05	783.762	17	65	165	645
413	0.29205	47	0.00621382	0.274762	0.00628582	-0.000350066	1.24678e-05	784.885	17	65	165	645
414	0.218641	47	0.00465194	0.275184	0.00628984	-0.000350512	1.24755e-05	785.091	17	65	165	645
415	0.301144	47	0.00640732	0.277877	0.00628863	-0.000357918	1.24409e-05	776.369	17	65	165	645
416	0.263613	47	0.00560879	0.277151	0.00628971	-0.000356132	1.24517e-05	778.227	17	65	165	645
417	0.28352	47	0.00603233	0.276059	0.00628582	-0.000353303	1.24536e-05	781.368	17	65	165	645
418	0.279415	47	0.00594501	0.277706	0.00629138	-0.000356509	1.24528e-05	778.958	17	65	165	645
419	0.268072	47	0.00570367	0.274797	0.00628398	-0.000350207	1.24624e-05	784.672	17	65	165	645
420	0.53447	47	0.0113717	0.277445	0.00628676	-0.000358407	1.24363e-05	774.105	17	65	165	645
421	0.438326	47	0.00932609	0.27973	0.00628748	-0.00036364	1.24144e-05	769.251	17	65	165	645
422	0.248623	47	0.00528984	0.277274	0.0062811	-0.000356539	1.24271e-05	777.683	17	65	165	645
423	0.30323	47	0.0064517	0.276204	0.0062816	-0.000354059	1.24397e-05	780.108	17	65	165	645
424	0.21055	47	0.00447979	0.275395	0.00628245	-0.000352013	1.24509e-05	782.344	17	65	165	645
425	0.535773	47	0.0113994	0.280081	0.0062844	-0.000364851	1.24014e-05	767.659	17	65	165	645
426	0.572563	47	0.0121822	0.276672	0.00628168	-0.000357062	1.24297e-05	774.858	17	65	165	645
427	0.421015	47	0.00895777	0.278759	0.00627952	-0.00036172	1.24025e-05	770.648	17	65	165	645
428	0.576139	47	0.0122583	0.276515	0.00628309	-0.00035669	1.24352e-05	775.225	17	65	165	645
429	0.473552	47	0.0100756	0.27748	0.00628358	-0.000358587	1.24273e-05	773.814	17	65	165	645
430	0.438316	47	0.00932588	0.277224	0.00628345	-0.000357877	1.24299e-05	774.635	17	65	165	645
431	0.38618	47	0.00821659	0.278295	0.00628312	-0.000360012	1.24187e-05	773.017	17	65	165	645
432	0.371694	47	0.00790837	0.276906	0.00628002	-0.000356777	1.24252e-05	776.134	17	65	165	645
433	0.328556	47	0.00699055	0.276585	0.00627848	-0.000355958	1.24246e-05	777.015	17	65	165	645
434	0.350216	47	0.0074514	0.27658	0.00628261	-0.000355836	1.2436e-05	777.269	17	65	165	645
435	0.302428	47	0.00643464	0.275578	0.00627437	-0.000353619	1.24243e-05	779.308	17	65	165	645
436	0.293715	47	0.00624925	0.277969	0.00628169	-0.000358771	1.24197e-05	774.78	17	65	165	645
437	0.285114	47	0.00606627	0.27685	0.00627957	-0.000356105	1.2426e-05	777.441	17	65	165	645
438	0.53627	47	0.01141	0.278427	0.00627589	-0.000361878	1.23938e-05	769.395	17	65	165	645
439	0.345478	47	0.0073506	0.27846	0.00627854	-0.000361282	1.24024e-05	770.756	17	65	165	645
440	0.462578	47	0.00984209	0.275615	0.00627372	-0.000354903	1.24189e-05	776.592	17	65	165	645
441	0.368986	47	0.00785077	0.275556	0.00627515	-0.000354309	1.24246e-05	777.729	17	65	165	645
442	0.298015	47	0.00634075	0.276804	0.00627457	-0.00035687	1.24108e-05	775.643	17	65	165	645
443	0.294652	47	0.0062692	0.277405	0.00627156	-0.000358029	1.23971e-05	774.81	17	65	165	645
444	0.315436	47	0.00671141	0.274852	0.00627295	-0.000352285	1.24272e-05	780.199	17	65	165	645
445	0.326503	47	0.00694687	0.276379	0.00627445	-0.000355259	1.24167e-05	777.966	17	65	165	645
446	0.314623	47	0.0066941	0.275767	0.0062741	-0.000353815	1.24223e-05	779.41	17	65	165	645
447	0.231418	47	0.00492379	0.275211	0.00627461	-0.000352465	1.24297e-05	780.817	17	65	165	645
448	0.37438	47	0.00796553	0.273824	0.00627501	-0.000349075	1.24457e-05	784.428	17	65	165	645
449	0.47049	47	0.0100104	0.276371	0.00626946	-0.000357305	1.23978e-05	773.487	17	65	165	645
450	0.347394	47	0.00739135	0.276192	0.00626316	-0.000356235	1.23848e-05	775.307	17	65	165	645
451	0.435796	47	0.00927225	0.27474	0.00626657	-0.00035265	1.24098e-05	779.072	17	65	165	645
452	0.302152	47	0.00642877	0.273621	0.00626065	-0.000350119	1.24056e-05	781.508	17	65	165	645
453	0.441133	47	0.0093858	0.275308	0.00625599	-0.000356123	1.23697e-05	773.071	17	65	165	645
454	0.543128	47	0.0115559	0.274335	0.00625564	-0.000353954	1.23788e-05	775.056	17	65	165	645
455	0.345863	47	0.00735879	0.274087	0.00625352	-0.000352716	1.23776e-05	777.075	17	65	165	645
456	0.464034	47	0.00987306	0.273912	0.00625566	-0.000352126	1.23857e-05	777.881	17	65	165	645
457	0.341817	47	0.0072727	0.274524	0.00625463	-0.00035346	1.23767e-05	776.676	17	65	165	645
458	0.610182	47	0.0129826	0.273318	0.00623895	-0.00035329	1.23405e-05	773.637	17	65	165	645
459	0.448022	47	0.00953239	0.273118	0.00623647	-0.000352432	1.23371e-05	774.952	17	65	165	645
460	0.24771	47	0.00527043	0.272488	0.00623188	-0.00034998	1.23344e-05	778.581	17	65	165	645
461	0.243864	47	0.0051886	0.270877	0.00621668	-0.000347786	1.23068e-05	778.859	17	65	165	645
462	0.226248	47	0.00481378	0.27066	0.00621555	-0.000347219	1.23063e-05	779.51	17	65	165	645
463	0.593707	47	0.0126321	0.27215	0.00619236	-0.000355185	1.22161e-05	766.221	17	65	165	645
464	0.502145	47	0.0106839	0.270287	0.00618911	-0.000350323	1.22289e-05	771.538	17	65	165	645
465	0.399168	47	0.00849293	0.270698	0.00619357	-0.000350588	1.22383e-05	772.127	17	65	165	645
466	0.364092	47	0.00774664	0.269475	0.00619114	-0.000346942	1.22472e-05	776.713	17	65	165	645
467	0.241839	47	0.00514552	0.268882	0.006187	-0.00034553	1.22426e-05	778.172	17	65	165	645
468	0.483526	47	0.0102878	0.267431	0.00616694	-0.000345739	1.21948e-05	773.504	17	65	165	645
469	0.280956	47	0.0059778	0.265787	0.0061563	-0.000340972	1.21868e-05	779.499	17	65	165	645
470	0.317886	47	0.00676353	0.2636	0.00612362	-0.000339668	1.21129e-05	776.053	17	65	165	645
471	0.3773	47	0.00802765	0.256835	0.0060373	-0.000331676	1.19351e-05	774.354	17	65	165	645
472	0.24129	47	0.00513383	0.276007	0.00631533	-0.000350595	1.25394e-05	787.254	17	65	165	645
473	0.18882	47	0.00401744	0.275085	0.00631098	-0.000347948	1.25389e-05	790.591	17	65	165	645
474	0.314993	47	0.00670199	0.276075	0.0063153	-0.000351208	1.25374e-05	786.073	17	65	165	645
475	0.154759	47	0.00329275	0.273495	0.0063098	-0.000343941	1.25531e-05	795.179	17	65	165	645
476	0.24428	47	0.00519744	0.276026	0.00631374	-0.000350783	1.25346e-05	786.885	17	65	165	645
477	0.142173	47	0.00302495	0.276836	0.00631414	-0.000352197	1.25285e-05	786.025	17	65	165	645
478	0.261092	47	0.00555516	0.275134	0.00631693	-0.000348094	1.25541e-05	790.403	17	65	165	645
479	0.124265	47	0.00264394	0.27662	0.00631507	-0.000351295	1.25343e-05	787.431	17	65	165	645
480	0.329679	47	0.00701444	0.274799	0.00632027	-0.000347716	1.25653e-05	790.296	17	65	165	645
481	0.28419	47	0.00604659	0.277566	0.00632052	-0.000354623	1.25358e-05	782.707	17	65	165	645
482	0.223115	47	0.00474713	0.277956	0.00631963	-0.000354565	1.2532e-05	783.934	17	65	165	645
483	0.176476	47	0.0037548	0.27659	0.0063157	-0.00035141	1.25358e-05	787.086	17	65	165	645
484	0.127295	47	0.0027084	0.27474	0.00631866	-0.000346318	1.2565e-05	793.316	17	65	165	645
485	0.377487	47	0.00803164	0.277955	0.00632187	-0.000355451	1.25356e-05	781.978	17	65	165	645
486	0.225514	47	0.00479818	0.27549	0.00632038	-0.000348954	1.25594e-05	789.473	17	65	165	645
487	0.160026	47	0.0034048	0.276813	0.00631598	-0.000352089	1.25338e-05	786.201	17	65	165	645
488	0.158892	47	0.00338068	0.275381	0.00632072	-0.000348047	1.25632e-05	791.218	17	65	165	645
489	0.219934	47	0.00467945	0.277625	0.00632168	-0.000354233	1.25397e-05	783.735	17	65	165	645
490	0.204923	47	0.00436007	0.27894	0.0063188	-0.00035702	1.25191e-05	781.301	17	65	165	645
491	0.183561	47	0.00390554	0.27796	0.00632032	-0.000354249	1.25347e-05	784.648	17	65	165	645
492	0.232838	47	0.004954	0.278319	0.00632269	-0.000354918	1.25377e-05	784.179	17	65	165	645
493	0.13937	47	0.00296531	0.276552	0.0063176	-0.000350839	1.25425e-05	788.257	17	65	165	645
494	0.228753	47	0.00486708	0.277775	0.00632303	-0.000353599	1.25444e-05	785.563	17	65	165	645
495	0.212899	47	0.00452977	0.275233	0.00631795	-0.000347862	1.2557e-05	791.215	17	65	165	645
496	0.138264	47	0.00294179	0.275946	0.00631792	-0.000349326	1.255e-05	789.939	17	65	165	645
497	0.220171	47	0.00468449	0.27806	0.00632084	-0.000355058	1.25335e-05	783.14	17	65	165	645
498	0.314633	47	0.00669432	0.279185	0.00632908	-0.000357081	1.25452e-05	781.853	17	65	165	645
499	0.310347	47	0.00660312	0.276544	0.00632483	-0.000351259	1.25606e-05	787.293	17	65	165	645
500	0.166913	47	0.00355134	0.278096	0.00632381	-0.000354307	1.25432e-05	784.901	17	65	165	645
501	0.211855	47	0.00450756	0.278244	0.00632686	-0.000354304	1.25507e-05	785.325	17	65	165	645
502	0.285458	47	0.00607358	0.277844	0.00632436	-0.000353346	1.25483e-05	786.324	17	65	165	645
503	0.259922	47	0.00553026	0.275239	0.00632429	-0.000347444	1.25748e-05	792.183	17	65	165	645
504	0.323102	47	0.00687451	0.278447	0.00632849	-0.00035593	1.25498e-05	782.308	17	65	165	645
505	0.173702	47	0.00369579	0.278595	0.00632171	-0.000356025	1.25309e-05	782.515	17	65	165	645
506	0.179386	47	0.00381673	0.277798	0.00632814	-0.000353815	1.25573e-05	785.15	17	65	165	645
507	0.269936	47	0.00574332	0.276713	0.00632379	-0.000351483	1.25565e-05	787.273	17	65	165	645
508	0.25302	47	0.00538341	0.277198	0.00632826	-0.000352409	1.25639e-05	786.578	17	65	165	645
509	0.146574	47	0.00311859	0.277001	0.00632303	-0.000351687	1.25528e-05	787.636	17	65	165	645
510	0.205082	47	0.00436344	0.281173	0.00632427	-0.000362732	1.25089e-05	775.154	17	65	165	645
511	0.239101	47	0.00508726	0.279111	0.00632859	-0.000357134	1.25441e-05	781.531	17	65	165	645
512	0.273195	47	0.00581265	0.276043	0.00632766	-0.000349591	1.25747e-05	789.617	17	65	165	645
513	0.164371	47	0.00349725	0.27661	0.00632254	-0.000350873	1.25553e-05	788.346	17	65	165	645
514	0.160402	47	0.0034128	0.278418	0.00632969	-0.000354637	1.25566e-05	785.079	17	65	165	645
515	0.213206	47	0.0045363	0.277116	0.00632665	-0.000351924	1.25612e-05	787.432	17	65	165	645
516	0.164787	47	0.00350611	0.278427	0.00632181	-0.000354851	1.25351e-05	784.632	17	65	165	645
517	0.129222	47	0.0027494	0.276209	0.00632502	-0.000349398	1.25675e-05	790.528	17	65	165	645
518	0.240101	47	0.00510853	0.276159	0.0063285	-0.000348834	1.25784e-05	791.664	17	65	165	645
519	0.186552	47	0.0039692	0.275701	0.0063266	-0.000347229	1.25796e-05	794.005	17	65	165	645
520	0.504483	47	0.0107337	0.279515	0.0063306	-0.000358894	1.25429e-05	778.823	17	65	165	645
521	0.522263	47	0.011112	0.277644	0.00633172	-0.000354176	1.25664e-05	783.915	17	65	165	645
522	0.325404	47	0.00692349	0.279563	0.0063297	-0.000358544	1.25413e-05	779.72	17	65	165	645
523	0.317054	47	0.00674584	0.278494	0.00632856	-0.000355954	1.25497e-05	782.388	17	65	165	645
524	0.347389	47	0.00739126	0.27801	0.00632936	-0.000354774	1.2557e-05	783.626	17	65	165	645
525	0.237974	47	0.00506327	0.278474	0.00632721	-0.000354609	1.25499e-05	785.298	17	65	165	645
526	0.187215	47	0.0039833	0.276022	0.00632961	-0.000348707	1.25823e-05	791.558	17	65	165	645
527	0.174289	47	0.00370828	0.276807	0.00632212	-0.000350643	1.25539e-05	789.427	17	65	165	645
528	0.216796	47	0.00461267	0.277389	0.00632721	-0.000351604	1.25624e-05	788.926	17	65	165	645
529	0.178841	47	0.00380512	0.275462	0.00632417	-0.000347411	1.25737e-05	792.9	17	65	165	645
530	0.240836	47	0.00512417	0.279748	0.00632741	-0.000358926	1.25334e-05	779.403	17	65	165	645
531	0.408804	47	0.00869796	0.279365	0.00633205	-0.000358154	1.25494e-05	780.012	17	65	165	645
532	0.388754	47	0.00827135	0.278354	0.00633546	-0.000355163	1.25707e-05	783.735	17	65	165	645
533	0.262621	47	0.00558768	0.280009	0.00633289	-0.000358924	1.25469e-05	780.136	17	65	165	645
534	0.27157	47	0.00577808	0.279233	0.00633454	-0.000356885	1.256e-05	782.418	17	65	165	645
535	0.235501	47	0.00501065	0.278306	0.00633081	-0.000354724	1.25598e-05	784.572	17	65	165	645
536	0.267559	47	0.00569275	0.277413	0.00633146	-0.000352373	1.25716e-05	787.27	17	65	165	645
537	0.185373	47	0.0039441	0.27923	0.00632822	-0.000356477	1.25443e-05	783.305	17	65	165	645
538	0.215793	47	0.00459134	0.27657	0.00632902	-0.000350531	1.25736e-05	789.002	17	65	165	645
539	0.256243	47	0.00545198	0.276508	0.0063283	-0.00035041	1.25722e-05	789.099	17	65	165	645
540	0.477108	47	0.0101512	0.278282	0.00633225	-0.00035561	1.25613e-05	782.549	17	65	165	645
541	0.381095	47	0.00810841	0.2787	0.00633348	-0.000356191	1.25613e-05	782.445	17	65	165	645
542	0.129013	47	0.00274497	0.278897	0.00632831	-0.000356053	1.25471e-05	783.302	17	65	165	645
543	0.218583	47	0.0046507	0.277134	0.00633281	-0.000351613	1.25783e-05	788.177	17	65	165	645
544	0.20379	47	0.00433595	0.278083	0.0063297	-0.000353617	1.25608e-05	786.395	17	65	165	645
545	0.243632	47	0.00518365	0.277502	0.00633187	-0.000352112	1.2573e-05	788.106	17	65	165	645
546	0.340963	47	0.00725454	0.279649	0.00633593	-0.00035813	1.25586e-05	780.858	17	65	165	645
547	0.355413	47	0.00756197	0.279051	0.00633342	-0.000356646	1.25584e-05	782.43	17	65	165	645
548	0.365287	47	0.00777207	0.279254	0.00633553	-0.000357173	1.25618e-05	781.846	17	65	165	645
549	0.218468	47	0.00464825	0.280596	0.00633219	-0.000360205	1.25392e-05	778.991	17	65	165	645
550	0.259581	47	0.005523	0.277772	0.00633233	-0.000353559	1.25692e-05	785.644	17	65	165	645
551	0.336305	47	0.00715543	0.27898	0.00633704	-0.000355918	1.25703e-05	783.832	17	65	165	645
552	0.158045	47	0.00336265	0.279321	0.00633226	-0.000356439	1.25548e-05	783.644	17	65	165	645
553	0.227426	47	0.00483885	0.276917	0.00633352	-0.000350823	1.25833e-05	789.335	17	65	165	645
554	0.224225	47	0.00477074	0.276116	0.00633357	-0.000348816	1.25921e-05	791.583	17	65	165	645
555	0.222491	47	0.00473385	0.277772	0.00633396	-0.000352431	1.25765e-05	788.16	17	65	165	645
556	0.170333	47	0.00362411	0.276949	0.00632875	-0.000350675	1.25709e-05	789.759	17	65	165	645
557	0.183555	47	0.00390543	0.276189	0.00633212	-0.000348877	1.25878e-05	791.651	17	65	165	645
558	0.270995	47	0.00576585	0.277262	0.00633343	-0.000350939	1.25812e-05	790.059	17	65	165	645
559	0.205716	47	0.00437694	0.276705	0.00633423	-0.000348807	1.25914e-05	793.29	17	65	165	645
560	0.255818	47	0.00544293	0.280539	0.00633695	-0.000359569	1.25537e-05	780.21	17	65	165	645
561	0.300375	47	0.00639096	0.277612	0.00633432	-0.000353136	1.25763e-05	786.134	17	65	165	645
562	0.263399	47	0.00560422	0.279063	0.00633	-0.000356395	1.255e-05	783.016	17	65	165	645
563	0.185428	47	0.00394528	0.279546	0.00633389	-0.00035719	1.25562e-05	782.624	17	65	165	645
564	0.19792	47	0.00421107	0.27821	0.00633413	-0.000354034	1.25709e-05	785.828	17	65	165	645
565	0.240425	47	0.00511542	0.277977	0.00633502	-0.00035326	1.25763e-05	786.888	17	65	165	645
566	0.179996	47	0.00382971	0.278181	0.00633159	-0.000353418	1.25659e-05	787.116	17	65	165	645
567	0.154982	47	0.00329749	0.277079	0.0063311	-0.000350742	1.25764e-05	789.981	17	65	165	645
568	0.25096	47	0.00533956	0.278816	0.00633127	-0.000354501	1.25595e-05	786.504	17	65	165	645
569	0.270176	47	0.00574842	0.278137	0.00633327	-0.000352974	1.25717e-05	787.982	17	65	165	645
570	0.426595	47	0.0090765	0.280293	0.00633668	-0.000359982	1.25529e-05	778.63	17	65	165	645
571	0.380516	47	0.00809609	0.28122	0.0063365	-0.0003617	1.2544e-05	777.493	17	65	165	645
572	0.318778	47	0.00678251	0.27983	0.00633647	-0.000358399	1.25586e-05	780.778	17	65	165	645
573	0.271624	47	0.00577924	0.280685	0.00633381	-0.000359937	1.25438e-05	779.817	17	65	165	645
574	0.178363	47	0.00379496	0.278954	0.00633019	-0.00035604	1.25519e-05	783.491	17	65	165	645
575	0.219197	47	0.00466377	0.279372	0.00633339	-0.000356728	1.25568e-05	783.15	17	65	165	645
576	0.273549	47	0.00582019	0.279238	0.00633595	-0.000356315	1.25653e-05	783.683	17	65	165	645
577	0.218934	47	0.00465816	0.278653	0.00633257	-0.000355074	1.25621e-05	784.775	17	65	165	645
578	0.231768	47	0.00493123	0.280449	0.00633381	-0.000358819	1.25478e-05	781.59	17	65	165	645
579	0.15619	47	0.00332319	0.278287	0.00633457	-0.000354085	1.25716e-05	785.933	17	65	165	645
580	0.25318	47	0.00538682	0.279455	0.00633198	-0.00035662	1.2553e-05	783.62	17	65	165	645
581	0.186215	47	0.00396202	0.277081	0.0063357	-0.000350901	1.25881e-05	789.629	17	65	165	645
582	0.210611	47	0.00448108	0.277308	0.00633699	-0.000351002	1.25903e-05	790.046	17	65	165	645
583	0.542861	47	0.0115502	0.279302	0.0063401	-0.000357761	1.25721e-05	780.695	17	65	165	645
584	0.462815	47	0.00984714	0.279733	0.00633899	-0.000358624	1.25651e-05	780.017	17	65	165	645
585	0.28017	47	0.00596106	0.281226	0.00633407	-0.000361821	1.25372e-05	777.251	17	65	165	645
586	0.367188	47	0.00781251	0.280239	0.00633924	-0.000359061	1.25624e-05	780.479	17	65	165	645
587	0.278967	47	0.00593548	0.278973	0.00633306	-0.000356211	1.2559e-05	783.167	17	65	165	645
588	0.211848	47	0.00450741	0.280377	0.00633405	-0.000359423	1.25471e-05	780.076	17	65	165	645
589	0.213772	47	0.00454835	0.280099	0.00633266	-0.00035833	1.25475e-05	781.677	17	65	165	645
590	0.205093	47	0.00436368	0.280154	0.00633597	-0.000358474	1.25557e-05	781.519	17	65	165	645
591	0.316527	47	0.00673463	0.278813	0.00633856	-0.000355242	1.25769e-05	784.853	17	65	165	645
592	0.238087	47	0.00506567	0.278759	0.00633545	-0.000355076	1.25693e-05	785.069	17	65	165	645
593	0.221914	47	0.00472157	0.278797	0.00633406	-0.00035516	1.25652e-05	784.988	17	65	165	645
594	0.267498	47	0.00569145	0.278375	0.00633735	-0.000354162	1.25784e-05	786.009	17	65	165	645
595	0.210353	47	0.0044756	0.278216	0.00633556	-0.000353833	1.25752e-05	786.292	17	65	165	645
596	0.168984	47	0.0035954	0.277084	0.00633437	-0.00035117	1.25839e-05	789.032	17	65	165	645
597	0.269103	47	0.0057256	0.277371	0.0063364	-0.000351577	1.25869e-05	788.934	17	65	165	645
598	0.198956	47	0.00423311	0.276253	0.00633676	-0.000348887	1.25998e-05	791.812	17	65	165	645
599	0.235428	47	0.00500911	0.277053	0.00633773	-0.000350297	1.25952e-05	790.909	17	65	165	645
600	0.332313	47	0.00707049	0.281029	0.00634148	-0.000360939	1.256e-05	778.607	17	65	165	645
601	0.258572	47	0.00550154	0.281418	0.00634068	-0.000361331	1.25552e-05	778.836	17	65	165	645
602	0.22443	47	0.0047751	0.2801	0.0063421	-0.000357925	1.25737e-05	782.566	17	65	165	645
603	0.320454	47	0.00681816	0.279751	0.00634107	-0.000357319	1.2574e-05	782.918	17	65	165	645
604	0.2668	47	0.00567659	0.279605	0.00633975	-0.000356879	1.25723e-05	783.474	17	65	165	645
605	0.24764	47	0.00526894	0.278989	0.00633901	-0.000355231	1.25773e-05	785.374	17	65	165	645
606	0.166959	47	0.00355232	0.278611	0.00633618	-0.000354531	1.25733e-05	785.858	17	65	165	645
607	0.292231	47	0.00621769	0.278415	0.00633797	-0.000354079	1.25801e-05	786.309	17	65	165	645
608	0.25248	47	0.00537191	0.280648	0.00633838	-0.000358963	1.25587e-05	781.829	17	65	165	645
609	0.251966	47	0.00536097	0.278119	0.00633838	-0.000353175	1.25848e-05	787.482	17	65	165	645
610	0.293828	47	0.00625167	0.279479	0.00633496	-0.000356241	1.25618e-05	784.523	17	65	165	645
611	0.233615	47	0.00497052	0.277282	0.00633868	-0.000351245	1.25943e-05	789.425	17	65	165	645
612	0.203672	47	0.00433344	0.279621	0.00633703	-0.000356469	1.25661e-05	784.419	17	65	165	645
613	0.21856	47	0.00465021	0.276848	0.00633261	-0.000350274	1.25826e-05	790.375	17	65	165	645
614	0.30816	47	0.0065566	0.276007	0.00633836	-0.000348122	1.26071e-05	792.848	17	65	165	645
615	0.308224	47	0.00655795	0.277941	0.00633443	-0.00035164	1.25791e-05	790.412	17	65	165	645
616	0.334509	47	0.00711721	0.278279	0.00633248	-0.000352647	1.25699e-05	789.115	17	65	165	645
617	0.399006	47	0.00848948	0.282053	0.00634464	-0.000363564	1.25571e-05	775.8	17	65	165	645
618	0.389293	47	0.00828282	0.281096	0.00633673	-0.000361341	1.25461e-05	777.926	17	65	165	645
619	0.297399	47	0.00632764	0.28107	0.00634087	-0.000360879	1.25584e-05	778.848	17	65	165	645
620	0.267352	47	0.00568835	0.279678	0.00634137	-0.000357486	1.25747e-05	782.348	17	65	165	645
621	0.260266	47	0.00553757	0.280192	0.00634255	-0.000358459	1.25731e-05	781.658	17	65	165	645
622	0.345708	47	0.00735549	0.279634	0.00634467	-0.00035718	1.25844e-05	782.895	17	65	165	645
623	0.241341	47	0.00513491	0.27986	0.00633825	-0.000357712	1.2565e-05	782.361	17	65	165	645
624	0.301347	47	0.00641164	0.278242	0.00633976	-0.000354052	1.25856e-05	785.879	17	65	165	645
625	0.183087	47	0.00389547	0.280824	0.0063392	-0.000359738	1.25581e-05	780.636	17	65	165	645
626	0.251402	47	0.00534899	0.280992	0.00634289	-0.000360093	1.25662e-05	780.331	17	65	165	645
627	0.282975	47	0.00602075	0.280346	0.00634305	-0.000358407	1.25739e-05	782.199	17	65	165	645
628	0.223262	47	0.00475025	0.279894	0.00633895	-0.000357638	1.25669e-05	782.617	17	65	165	645
629	0.285404	47	0.00607242	0.27779	0.00634235	-0.000352535	1.25984e-05	787.979	17	65	165	645
630	0.274088	47	0.00583167	0.280388	0.00634128	-0.000358536	1.25687e-05	782.035	17	65	165	645
631	0.21546	47	0.00458426	0.279833	0.00633936	-0.000357234	1.25694e-05	783.334	17	65	165	645
632	0.208503	47	0.00443624	0.281867	0.00633879	-0.00036162	1.25476e-05	779.458	17	65	165	645
633	0.188884	47	0.00401881	0.278825	0.00633645	-0.00035486	1.25722e-05	785.731	17	65	165	645
634	0.247604	47	0.00526817	0.278511	0.00633976	-0.000354135	1.25843e-05	786.454	17	65	165	645
635	0.1912	47	0.00406808	0.279175	0.00633624	-0.000355106	1.25695e-05	786.173	17	65	165	645
636	0.240129	47	0.00510913	0.278081	0.00633645	-0.000352637	1.25813e-05	788.574	17	65	165	645
637	0.402238	47	0.00855824	0.280467	0.00634289	-0.000359732	1.25694e-05	779.655	17	65	165	645
638	0.398711	47	0.00848322	0.279018	0.00634082	-0.000356276	1.25792e-05	783.151	17	65	165	645
639	0.231596	47	0.00492757	0.280695	0.00633829	-0.000359701	1.25563e-05	780.356	17	65	165	645
640	0.227107	47	0.00483206	0.280221	0.0063369	-0.00035889	1.25568e-05	780.798	17	65	165	645
641	0.320897	47	0.0068276	0.280201	0.00634118	-0.000358736	1.25686e-05	781.08	17	65	165	645
642	0.29817	47	0.00634405	0.280374	0.0063419	-0.000358864	1.25695e-05	781.282	17	65	165	645
643	0.310332	47	0.0066028	0.279967	0.00634476	-0.00035796	1.25812e-05	782.117	17	65	165	645
644	0.289856	47	0.00616715	0.279435	0.00634305	-0.000356526	1.25827e-05	783.773	17	65	165	645
645	0.301753	47	0.00642027	0.279042	0.00634199	-0.000355677	1.25838e-05	784.538	17	65	165	645
646	0.265941	47	0.00565831	0.280607	0.00634088	-0.000359128	1.25651e-05	781.358	17	65	165	645
647	0.291359	47	0.00619913	0.278781	0.00634123	-0.000355226	1.25841e-05	784.799	17	65	165	645
648	0.276477	47	0.0058825	0.280653	0.00634321	-0.000359041	1.25713e-05	781.675	17	65	165	645
649	0.293196	47	0.00623821	0.280395	0.00633999	-0.000358449	1.25655e-05	782.248	17	65	165	645
650	0.220611	47	0.00469386	0.280075	0.00634028	-0.000357662	1.25697e-05	783.07	17	65	165	645
651	0.290972	47	0.00619089	0.277669	0.00634148	-0.000352377	1.2597e-05	787.99	17	65	165	645
652	0.22885	47	0.00486914	0.279369	0.00634715	-0.000355635	1.25963e-05	785.55	17	65	165	645
653	0.471737	47	0.010037	0.280902	0.00634205	-0.000361151	1.25615e-05	777.796	17	65	165	645
654	0.437925	47	0.00931755	0.280709	0.00634256	-0.000360569	1.25652e-05	778.517	17	65	165	645
655	0.434826	47	0.00925163	0.281587	0.00634909	-0.000362026	1.2575e-05	777.81	17	65	165	645
656	0.25263	47	0.00537512	0.282483	0.00634053	-0.000363886	1.25435e-05	776.295	17	65	165	645
657	0.273472	47	0.00581855	0.281119	0.00634021	-0.000360759	1.25568e-05	779.243	17	65	165	645
658	0.291794	47	0.00620838	0.281344	0.00634115	-0.000361293	1.25569e-05	778.714	17	65	165	645
659	0.313797	47	0.00667654	0.280547	0.0063408	-0.000359415	1.25644e-05	780.567	17	65	165	645
660	0.251477	47	0.00535058	0.278469	0.00633835	-0.00035435	1.25801e-05	785.858	17	65	165	645
661	0.20295	47	0.00431808	0.280451	0.00633767	-0.000359048	1.25574e-05	781.095	17	65	165	645
662	0.310896	47	0.0066148	0.279494	0.00634355	-0.000356781	1.25831e-05	783.377	17	65	165	645
663	0.287919	47	0.00612594	0.279897	0.00634575	-0.000357444	1.25855e-05	783.049	17	65	165	645
664	0.182038	47	0.00387314	0.279209	0.00633841	-0.000356024	1.25727e-05	784.242	17	65	165	645
665	0.315661	47	0.00671619	0.279227	0.00634281	-0.000356046	1.25842e-05	784.245	17	65	165	645
666	0.291189	47	0.00619551	0.278576	0.0063403	-0.00035424	1.25851e-05	786.406	17	65	165	645
667	0.212736	47	0.00452631	0.280315	0.00634234	-0.000358136	1.25729e-05	782.705	17	65	165	645
668	0.19469	47	0.00414233	0.278663	0.0063421	-0.00035393	1.25904e-05	787.339	17	65	165	645
669	0.143092	47	0.00304451	0.278294	0.00634139	-0.000352908	1.25928e-05	788.572	17	65	165	645
670	0.227851	47	0.00484788	0.277563	0.00633739	-0.000351827	1.25881e-05	788.919	17	65	165	645
671	0.177359	47	0.0037736	0.277346	0.0063398	-0.000350405	1.25992e-05	791.502	17	65	165	645
672	0.510818	47	0.0108685	0.281409	0.00634573	-0.000362125	1.25665e-05	777.105	17	65	165	645
673	0.390837	47	0.00831569	0.282207	0.00634658	-0.000363727	1.25612e-05	775.875	17	65	165	645
674	0.344672	47	0.00733344	0.281291	0.00634623	-0.000361263	1.25707e-05	778.631	17	65	165	645
675	0.356491	47	0.00758491	0.282981	0.0063431	-0.000365008	1.25453e-05	775.274	17	65	165	645
676	0.35869	47	0.0076317	0.280291	0.00634494	-0.000358919	1.25777e-05	780.931	17	65	165	645
677	0.196158	47	0.00417358	0.282175	0.00634442	-0.000362859	1.25579e-05	777.643	17	65	165	645
678	0.258348	47	0.00549678	0.281616	0.00634841	-0.000361461	1.25746e-05	779.105	17	65	165	645
679	0.274171	47	0.00583342	0.281127	0.00634267	-0.00036062	1.25637e-05	779.566	17	65	165	645
680	0.335435	47	0.00713691	0.281042	0.00634774	-0.000359973	1.25792e-05	780.731	17	65	165	645
681	0.234547	47	0.00499035	0.280826	0.0063415	-0.000359523	1.25648e-05	781.108	17	65	165	645
682	0.438454	47	0.0093288	0.277779	0.00634228	-0.000352976	1.25971e-05	786.963	17	65	165	645
683	0.244165	47	0.00519501	0.280925	0.00634621	-0.000359874	1.25759e-05	780.621	17	65	165	645
684	0.225286	47	0.00479331	0.280925	0.00634057	-0.000359551	1.25618e-05	781.322	17	65	165	645
685	0.256529	47	0.00545806	0.281024	0.00634337	-0.000359485	1.2569e-05	781.739	17	65	165	645
686	0.319029	47	0.00678785	0.278251	0.00634413	-0.000353393	1.25989e-05	787.369	17	65	165	645
687	0.281612	47	0.00599174	0.278488	0.00634444	-0.000353852	1.25975e-05	787.018	17	65	165	645
688	0.232481	47	0.0049464	0.280228	0.0063425	-0.000357598	1.25751e-05	783.638	17	65	165	645
689	0.224371	47	0.00477386	0.278339	0.00633839	-0.000353426	1.25832e-05	787.546	17	65	165	645
690	0.254794	47	0.00542116	0.280404	0.00634749	-0.000357563	1.25877e-05	784.21	17	65	165	645
691	0.32866	47	0.00699277	0.278827	0.00634267	-0.000354261	1.25903e-05	787.065	17	65	165	645
692	0.259588	47	0.00552315	0.276954	0.00634279	-0.000349821	1.26103e-05	791.701	17	65	165	645
693	0.279797	47	0.00595312	0.283624	0.0063406	-0.000367318	1.25297e-05	772.147	17	65	165	645
694	0.332911	47	0.00708322	0.28139	0.00634944	-0.00036113	1.25792e-05	779.193	17	65	165	645
695	0.267332	47	0.00568791	0.2805	0.00634146	-0.000359346	1.25665e-05	780.583	17	65	165	645
696	0.369191	47	0.00785513	0.279995	0.00634498	-0.000358124	1.25812e-05	781.837	17	65	165	645
697	0.256207	47	0.00545122	0.282323	0.00634028	-0.000363499	1.25446e-05	776.681	17	65	165	645
698	0.257777	47	0.00548463	0.282183	0.00634176	-0.000363009	1.25504e-05	777.344	17	65	165	645
699	0.293481	47	0.00624428	0.281514	0.00634676	-0.000361163	1.25715e-05	779.465	17	65	165	645
700	0.235816	47	0.00501736	0.281936	0.00634509	-0.000362204	1.25625e-05	778.391	17	65	165	645
701	0.352455	47	0.00749905	0.281084	0.00634638	-0.000360321	1.25745e-05	780.093	17	65	165	645
702	0.238412	47	0.00507261	0.281112	0.00634668	-0.000360157	1.25756e-05	780.526	17	65	165	645
703	0.290317	47	0.00617697	0.280656	0.00634123	-0.000359287	1.25654e-05	781.148	17	65	165	645
704	0.299005	47	0.00636182	0.280584	0.00634404	-0.000358943	1.25741e-05	781.694	17	65	165	645
705	0.252696	47	0.00537651	0.27997	0.0063456	-0.000357333	1.25851e-05	783.498	17	65	165	645
706	0.259074	47	0.0055122	0.281305	0.00634266	-0.000360111	1.25643e-05	781.162	17	65	165	645
707	0.218592	47	0.00465089	0.281085	0.00634589	-0.00035952	1.25754e-05	781.836	17	65	165	645
708	0.450874	47	0.00959306	0.282131	0.00634203	-0.000363787	1.25492e-05	775.54	17	65	165	645
709	0.353855	47	0.00752883	0.281775	0.00633897	-0.000362997	1.25447e-05	776.246	17	65	165	645
710	0.411839	47	0.00876252	0.281138	0.00634172	-0.000361152	1.25597e-05	778.447	17	65	165	645
711	0.226098	47	0.0048106	0.283046	0.00634059	-0.000365273	1.25376e-05	774.889	17	65	165	645
712	0.333027	47	0.00708567	0.280112	0.00633496	-0.000358934	1.2552e-05	780.399	17	65	165	645
713	0.356657	47	0.00758845	0.282345	0.00634343	-0.000363536	1.25528e-05	776.664	17	65	165	645
714	0.270663	47	0.00575878	0.281245	0.00634392	-0.000360935	1.25657e-05	779.213	17	65	165	645
715	0.254916	47	0.00542375	0.281387	0.00634151	-0.00036119	1.2558e-05	779.053	17	65	165	645
716	0.254833	47	0.00542198	0.280681	0.00634167	-0.000359599	1.25656e-05	780.538	17	65	165	645
717	0.252621	47	0.00537492	0.281418	0.00634014	-0.00036138	1.25537e-05	778.731	17	65	165	645
718	0.316881	47	0.00674216	0.280268	0.00634379	-0.000358453	1.25761e-05	781.881	17	65	165	645
719	0.367357	47	0.00781611	0.27817	0.00634077	-0.000353808	1.25892e-05	786.216	17	65	165	645
720	0.336732	47	0.00716452	0.280755	0.00634251	-0.000359811	1.2567e-05	780.286	17	65	165	645
721	0.280039	47	0.00595827	0.280451	0.00634085	-0.000358921	1.25662e-05	781.373	17	65	165	645
722	0.20498	47	0.00436129	0.280389	0.00633979	-0.000358634	1.25644e-05	781.825	17	65	165	645
723	0.204826	47	0.004358	0.282246	0.00633672	-0.000363115	1.25365e-05	777.291	17	65	165	645
724	0.212988	47	0.00453165	0.279775	0.00634091	-0.000357514	1.2573e-05	782.556	17	65	165	645
725	0.275258	47	0.00585656	0.279907	0.00633957	-0.000357752	1.25682e-05	782.406	17	65	165	645
726	0.272809	47	0.00580445	0.281419	0.00634032	-0.000360919	1.25554e-05	779.729	17	65	165	645
727	0.256963	47	0.0054673	0.280757	0.00634041	-0.000359175	1.25631e-05	781.671	17	65	165	645
728	0.280832	47	0.00597516	0.279772	0.00633627	-0.000357054	1.25619e-05	783.556	17	65	165	645
729	0.161488	47	0.00343591	0.278835	0.00633709	-0.00035431	1.25753e-05	786.979	17	65	165	645
730	0.330401	47	0.00702981	0.282822	0.00633274	-0.00036624	1.2515e-05	772.232	17	65	165	645
731	0.536945	47	0.0114244	0.279467	0.00633455	-0.000358652	1.25543e-05	779.215	17	65	165	645
732	0.322158	47	0.00685443	0.281574	0.0063319	-0.000363113	1.25264e-05	775.444	17	65	165	645
733	0.34358	47	0.00731021	0.280805	0.00633355	-0.000361317	1.25389e-05	777.171	17	65	165	645
734	0.424248	47	0.00902656	0.280907	0.00633512	-0.000361371	1.25425e-05	777.338	17	65	165	645
735	0.376067	47	0.00800143	0.281408	0.00633744	-0.000362497	1.25435e-05	776.302	17	65	165	645
736	0.297019	47	0.00631956	0.280178	0.00633118	-0.000359724	1.25395e-05	778.869	17	65	165	645
737	0.235393	47	0.00500837	0.280035	0.00632842	-0.000359436	1.25335e-05	779.095	17	65	165	645
738	0.415332	47	0.00883686	0.279848	0.00633439	-0.000358993	1.25514e-05	779.536	17	65	165	645
739	0.311062	47	0.00661835	0.278966	0.00632847	-0.000357255	1.2544e-05	780.861	17	65	165	645
740	0.274226	47	0.0058346	0.281728	0.00633211	-0.000363002	1.25267e-05	776.106	17	65	165	645
741	0.394074	47	0.00838455	0.278526	0.00633491	-0.000355656	1.25673e-05	783.132	17	65	165	645
742	0.303205	47	0.00645117	0.281026	0.00633318	-0.000361525	1.25364e-05	777.334	17	65	165	645
743	0.348144	47	0.00740733	0.27841	0.00633125	-0.000355391	1.25587e-05	783.392	17	65	165	645
744	0.372907	47	0.00793419	0.278327	0.00633179	-0.000355387	1.25605e-05	783.166	17	65	165	645
745	0.318055	47	0.00676712	0.280096	0.00633442	-0.000359159	1.255e-05	779.867	17	65	165	645
746	0.281469	47	0.00598871	0.279425	0.0063308	-0.000357405	1.25479e-05	781.815	17	65	165	645
747	0.205564	47	0.0043737	0.281219	0.00633015	-0.000361364	1.2528e-05	778.214	17	65	165	645
748	0.257948	47	0.00548826	0.278513	0.00633014	-0.000355102	1.25561e-05	784.318	17	65	165	645
749	0.264811	47	0.00563428	0.280284	0.00633005	-0.00035884	1.25384e-05	781.084	17	65	165	645
750	0.243142	47	0.00517324	0.280161	0.00633479	-0.000358513	1.25524e-05	781.454	17	65	165	645
751	0.26467	47	0.00563128	0.278739	0.00633334	-0.000355259	1.25633e-05	784.61	17	65	165	645
752	0.186653	47	0.00397133	0.278942	0.00633125	-0.000355588	1.2556e-05	784.453	17	65	165	645
753	0.541534	47	0.011522	0.280155	0.00632554	-0.000361225	1.25205e-05	775.568	17	65	165	645
754	0.334414	47	0.0071152	0.281458	0.00632351	-0.000363731	1.25029e-05	773.808	17	65	165	645
755	0.5808	47	0.0123575	0.278693	0.00632699	-0.000357498	1.25405e-05	779.564	17	65	165	645
756	0.353818	47	0.00752805	0.280573	0.00632463	-0.000361445	1.25158e-05	776.254	17	65	165	645
757	0.348853	47	0.0074224	0.280313	0.00632385	-0.000360894	1.25163e-05	776.72	17	65	165	645
758	0.38592	47	0.00821107	0.279839	0.00632443	-0.000359819	1.25227e-05	777.722	17	65	165	645
759	0.418222	47	0.00889835	0.279908	0.00632793	-0.000359598	1.25323e-05	778.389	17	65	165	645
760	0.283083	47	0.00602303	0.279489	0.0063242	-0.000358665	1.25267e-05	779.248	17	65	165	645
761	0.280244	47	0.00596264	0.27871	0.00632449	-0.000356908	1.25354e-05	780.901	17	65	165	645
762	0.306744	47	0.00652646	0.281169	0.00632577	-0.000362373	1.25138e-05	775.912	17	65	165	645
763	0.231379	47	0.00492296	0.279722	0.00632656	-0.000358746	1.25318e-05	779.721	17	65	165	645
764	0.248279	47	0.00528254	0.278919	0.00631867	-0.000357275	1.25181e-05	780.685	17	65	165	645
765	0.234683	47	0.00499325	0.279051	0.00632405	-0.000357131	1.25323e-05	781.369	17	65	165	645
766	0.281767	47	0.00599504	0.278775	0.00632391	-0.000356425	1.25349e-05	782.144	17	65	165	645
767	0.370004	47	0.00787243	0.276936	0.00632505	-0.000352467	1.25563e-05	785.707	17	65	165	645
768	0.320376	47	0.00681651	0.277985	0.0063255	-0.000354743	1.2547e-05	783.624	17	65	165	645
769	0.289419	47	0.00615785	0.280313	0.00632508	-0.000359925	1.25222e-05	778.81	17	65	165	645
770	0.266711	47	0.0056747	0.279192	0.00632273	-0.000357301	1.25277e-05	781.393	17	65	165	645
771	0.628828	47	0.0133793	0.279032	0.00631833	-0.000359509	1.25107e-05	776.146	17	65	165	645
772	0.423233	47	0.00900497	0.279308	0.00631584	-0.000359633	1.25026e-05	776.648	17	65	165	645
773	0.421323	47	0.00896432	0.280852	0.00631675	-0.000363156	1.2489e-05	773.365	17	65	165	645
774	0.441788	47	0.00939976	0.279548	0.00631874	-0.000359901	1.25086e-05	776.737	17	65	165	645
775	0.322971	47	0.00687171	0.279838	0.00632084	-0.000360015	1.25126e-05	777.295	17	65	165	645
776	0.417666	47	0.00888651	0.278766	0.00631751	-0.000358223	1.25131e-05	778.19	17	65	165	645
777	0.344206	47	0.00732352	0.278927	0.00631874	-0.000358225	1.25157e-05	778.637	17	65	165	645
778	0.346097	47	0.00736377	0.278591	0.00631519	-0.000357472	1.25097e-05	779.336	17	65	165	645
779	0.329547	47	0.00701163	0.27861	0.00631855	-0.000357179	1.25193e-05	780.03	17	65	165	645
780	0.241348	47	0.00513506	0.28035	0.00631726	-0.000360968	1.24984e-05	776.661	17	65	165	645
781	0.416522	47	0.00886217	0.277881	0.00631543	-0.000355822	1.25178e-05	780.954	17	65	165	645
782	0.349685	47	0.00744011	0.279554	0.00631847	-0.0003592	1.25097e-05	778.268	17	65	165	645
783	0.284439	47	0.00605189	0.27708	0.00631199	-0.000353984	1.2517e-05	782.747	17	65	165	645
784	0.280579	47	0.00596976	0.27915	0.0063174	-0.000358227	1.25112e-05	779.254	17	65	165	645
785	0.338962	47	0.00721197	0.278306	0.00631729	-0.000356235	1.25198e-05	781.244	17	65	165	645
786	0.342982	47	0.0072975	0.277969	0.00632103	-0.000355316	1.25337e-05	782.316	17	65	165	645
787	0.299704	47	0.00637669	0.2778	0.00631853	-0.000354838	1.2529e-05	782.894	17	65	165	645
788	0.280186	47	0.0059614	0.276875	0.00631402	-0.000352845	1.25263e-05	784.694	17	65	165	645
789	0.251504	47	0.00535114	0.279109	0.00631427	-0.0003576	1.25048e-05	780.505	17	65	165	645
790	0.354647	47	0.00754569	0.276712	0.00631702	-0.000352152	1.25368e-05	785.774	17	65	165	645
791	0.282771	47	0.00601639	0.278066	0.0063153	-0.000355177	1.25184e-05	782.893	17	65	165	645
792	0.403205	47	0.00857882	0.278647	0.00631236	-0.000358457	1.24993e-05	777.352	17	65	165	645
793	0.384723	47	0.0081856	0.279155	0.00631118	-0.000359607	1.24909e-05	776.279	17	65	165	645
794	0.396673	47	0.00843985	0.277507	0.00630687	-0.000355884	1.24964e-05	779.767	17	65	165	645
795	0.370555	47	0.00788414	0.277274	0.0063118	-0.000355053	1.25127e-05	780.936	17	65	165	645
796	0.332269	47	0.00706954	0.279269	0.00631274	-0.000359496	1.24949e-05	776.834	17	65	165	645
797	0.325556	47	0.00692672	0.279248	0.00630965	-0.000359616	1.24864e-05	776.518	17	65	165	645
798	0.218592	47	0.0046509	0.278549	0.00630615	-0.000357901	1.24847e-05	778.284	17	65	165	645
799	0.36952	47	0.00786212	0.278613	0.00631265	-0.000357819	1.25019e-05	778.642	17	65	165	645
800	0.38667	47	0.00822702	0.278311	0.0063105	-0.000357526	1.24983e-05	778.435	17	65	165	645
801	0.429019	47	0.00912807	0.27789	0.00631144	-0.000356315	1.25058e-05	779.899	17	65	165	645
802	0.302287	47	0.00643165	0.277214	0.00630995	-0.000354499	1.25096e-05	781.987	17	65	165	645
803	0.309413	47	0.00658326	0.279371	0.00630977	-0.000359528	1.24865e-05	777.049	17	65	165	645
804	0.296288	47	0.00630401	0.278564	0.00631233	-0.000357182	1.2503e-05	779.895	17	65	165	645
805	0.284271	47	0.00604832	0.278598	0.00630998	-0.000357503	1.24958e-05	779.289	17	65	165	645
806	0.26887	47	0.00572064	0.275632	0.00631086	-0.000350336	1.25299e-05	786.763	17	65	165	645
807	0.316069	47	0.00672488	0.278942	0.00631233	-0.000357759	1.24999e-05	779.692	17	65	165	645
808	0.338287	47	0.00719759	0.278222	0.00630668	-0.000356161	1.24922e-05	781.171	17	65	165	645
809	0.254323	47	0.00541114	0.276026	0.00630905	-0.000351279	1.25209e-05	785.774	17	65	165	645
810	0.223865	47	0.00476309	0.278249	0.00631172	-0.000355969	1.2506e-05	781.669	17	65	165	645
811	0.284958	47	0.00606293	0.275652	0.00630862	-0.000349794	1.25253e-05	788.039	17	65	165	645
812	0.636222	47	0.0135366	0.278052	0.00630811	-0.000358214	1.24911e-05	776.218	17	65	165	645
813	0.594155	47	0.0126416	0.278932	0.00630944	-0.000359767	1.24867e-05	775.311	17	65	165	645
814	0.451783	47	0.0096124	0.279809	0.00631039	-0.000361364	1.24813e-05	774.314	17	65	165	645
815	0.482257	47	0.0102608	0.277516	0.00630495	-0.000356371	1.249e-05	778.726	17	65	165	645
816	0.339622	47	0.00722599	0.278896	0.00630579	-0.000359279	1.24786e-05	776.266	17	65	165	645
817	0.295393	47	0.00628495	0.278207	0.00630783	-0.000356842	1.24935e-05	779.637	17	65	165	645
818	0.251606	47	0.00535331	0.277905	0.00629999	-0.000356608	1.24745e-05	779.301	17	65	165	645
819	0.298172	47	0.00634409	0.277575	0.00630627	-0.000355615	1.24953e-05	780.547	17	65	165	645
820	0.307909	47	0.00655126	0.276575	0.00630877	-0.000352873	1.25135e-05	783.782	17	65	165	645
821	0.263797	47	0.00561271	0.278593	0.00630636	-0.000357484	1.24862e-05	779.316	17	65	165	645
822	0.247944	47	0.00527541	0.276038	0.00630356	-0.000351699	1.25051e-05	784.87	17	65	165	645
823	0.246761	47	0.00525023	0.278017	0.00630487	-0.000355997	1.24887e-05	780.954	17	65	165	645
824	0.283442	47	0.00603068	0.276748	0.00630461	-0.000352925	1.25016e-05	784.156	17	65	165	645
825	0.529374	47	0.0112633	0.281061	0.00630375	-0.000365678	1.24466e-05	768.602	17	65	165	645
826	0.565586	47	0.0120337	0.278145	0.00630076	-0.000358775	1.24696e-05	775.261	17	65	165	645
827	0.717326	47	0.0152623	0.277487	0.00630386	-0.000357476	1.24842e-05	776.24	17	65	165	645
828	0.670737	47	0.014271	0.277341	0.00630351	-0.000356956	1.24853e-05	776.959	17	65	165	645
829	0.341957	47	0.00727569	0.279656	0.00629761	-0.000362063	1.2446e-05	772.395	17	65	165	645
830	0.585615	47	0.0124599	0.279141	0.00630336	-0.000360832	1.24668e-05	773.602	17	65	165	645
831	0.360626	47	0.00767289	0.279944	0.00629796	-0.00036249	1.24446e-05	772.281	17	65	165	645
832	0.393529	47	0.00837296	0.278058	0.00630044	-0.000358051	1.24712e-05	776.587	17	65	165	645
833	0.340918	47	0.00725357	0.279823	0.0063018	-0.00036199	1.24567e-05	773.013	17	65	165	645
834	0.40398	47	0.00859531	0.279538	0.00630147	-0.000361325	1.24588e-05	773.649	17	65	165	645
835	0.367797	47	0.00782546	0.278121	0.00630259	-0.000357652	1.24777e-05	777.632	17	65	165	645
836	0.243412	47	0.00517898	0.275931	0.00629602	-0.000352774	1.24826e-05	782.174	17	65	165	645
837	0.322237	47	0.0068561	0.277022	0.00629869	-0.000355094	1.24789e-05	780.136	17	65	165	645
838	0.243246	47	0.00517544	0.27753	0.00629753	-0.000355784	1.24718e-05	780.052	17	65	165	645
839	0.213533	47	0.00454325	0.277052	0.00629867	-0.000354642	1.24799e-05	781.217	17	65	165	645
840	0.356441	47	0.00758385	0.280639	0.00629294	-0.000364926	1.24216e-05	769.031	17	65	165	645
841	0.592803	47	0.0126128	0.277301	0.00629783	-0.00035714	1.24698e-05	776.447	17	65	165	645
842	0.422017	47	0.00897909	0.27755	0.00629433	-0.000357432	1.24587e-05	776.511	17	65	165	645
843	0.439037	47	0.0093412	0.276747	0.00630144	-0.000354973	1.24877e-05	779.629	17	65	165	645
844	0.30908	47	0.00657617	0.27899	0.00629254	-0.000360554	1.24394e-05	773.783	17	65	165	645
845	0.402034	47	0.00855392	0.278228	0.00630167	-0.000358222	1.24732e-05	776.692	17	65	165	645
846	0.247407	47	0.00526397	0.278068	0.00629015	-0.000358326	1.2443e-05	776.02	17	65	165	645
847	0.308823	47	0.0065707	0.277958	0.00629889	-0.000357458	1.24691e-05	777.598	17	65	165	645
848	0.362974	47	0.00772284	0.276884	0.00629716	-0.000355261	1.24749e-05	779.382	17	65	165	645
849	0.26798	47	0.0057017	0.276448	0.00629442	-0.000353559	1.24741e-05	781.902	17	65	165	645
850	0.2733	47	0.00581489	0.276075	0.00629768	-0.000352302	1.24877e-05	783.632	17	65	165	645
851	0.245834	47	0.00523051	0.275692	0.00629322	-0.000351744	1.2479e-05	783.784	17	65	165	645
852	0.3851	47	0.00819362	0.279344	0.0062906	-0.000362134	1.24285e-05	771.382	17	65	165	645
853	0.337615	47	0.00718329	0.279693	0.00628965	-0.000362845	1.24225e-05	770.834	17	65	165	645
854	0.398225	47	0.00847287	0.276921	0.00629239	-0.000356272	1.24593e-05	777.273	17	65	165	645
855	0.287854	47	0.00612456	0.277063	0.00629249	-0.000355796	1.24603e-05	778.713	17	65	165	645
856	0.172236	47	0.0036646	0.277616	0.00628667	-0.000357285	1.24385e-05	777.017	17	65	165	645
857	0.406626	47	0.00865162	0.277095	0.00629321	-0.000356011	1.24615e-05	778.333	17	65	165	645
858	0.28721	47	0.00611084	0.276632	0.00629345	-0.00035472	1.24676e-05	779.86	17	65	165	645
859	0.355327	47	0.00756014	0.278739	0.006294	-0.000359505	1.24472e-05	775.342	17	65	165	645
860	0.372537	47	0.00792633	0.276392	0.00629992	-0.000353883	1.24881e-05	781.025	17	65	165	645
861	0.256417	47	0.00545567	0.277641	0.00629384	-0.000356735	1.24589e-05	778.284	17	65	165	645
862	0.462362	47	0.00983749	0.28063	0.00628649	-0.000365948	1.24016e-05	766.859	17	65	165	645
863	0.589519	47	0.012543	0.278465	0.00629253	-0.000360621	1.24414e-05	772.182	17	65	165	645
864	0.612398	47	0.0130297	0.279641	0.00629456	-0.000363088	1.24351e-05	770.175	17	65	165	645
865	0.423395	47	0.0090084	0.278175	0.00629348	-0.000359336	1.24486e-05	774.135	17	65	165	645
866	0.365307	47	0.00777249	0.277335	0.00628873	-0.000357446	1.24447e-05	775.879	17	65	165	645
867	0.356009	47	0.00757465	0.278625	0.00628904	-0.000360429	1.2432e-05	773.038	17	65	165	645
868	0.301427	47	0.00641333	0.277115	0.00628849	-0.000356464	1.24476e-05	777.401	17	65	165	645
869	0.294295	47	0.00626159	0.277014	0.00629239	-0.000355977	1.24598e-05	778.178	17	65	165	645
870	0.314853	47	0.00669899	0.276214	0.00628868	-0.000353444	1.24601e-05	781.494	17	65	165	645
871	0.252478	47	0.00537188	0.273613	0.00628516	-0.000347768	1.24771e-05	786.769	17	65	165	645
872	0.337617	47	0.00718333	0.274416	0.00628822	-0.000349539	1.24771e-05	785.082	17	65	165	645
873	0.481401	47	0.0102426	0.278587	0.00628829	-0.000360885	1.24289e-05	771.954	17	65	165	645
874	0.502928	47	0.0107006	0.277579	0.0062888	-0.000358226	1.24417e-05	774.869	17	65	165	645
875	0.285384	47	0.006072	0.277807	0.00628347	-0.000358683	1.24253e-05	774.519	17	65	165	645
876	0.307216	47	0.00653652	0.278279	0.00628591	-0.000359515	1.24276e-05	774.04	17	65	165	645
877	0.300094	47	0.00638498	0.277232	0.00628547	-0.000356809	1.24382e-05	776.976	17	65	165	645
878	0.241414	47	0.00513646	0.276975	0.0062837	-0.000356218	1.24362e-05	777.544	17	65	165	645
879	0.41746	47	0.00888213	0.276359	0.00628659	-0.000354632	1.24508e-05	779.285	17	65	165	645
880	0.327885	47	0.00697628	0.276033	0.00628639	-0.000353566	1.24545e-05	780.712	17	65	165	645
881	0.306419	47	0.00651955	0.275444	0.00628378	-0.000352411	1.24532e-05	781.599	17	65	165	645
882	0.785905	47	0.0167214	0.27865	0.00628816	-0.000361823	1.24256e-05	770.129	17	65	165	645
883	0.528109	47	0.0112364	0.279024	0.00628361	-0.000362744	1.24094e-05	769.204	17	65	165	645
884	0.655795	47	0.0139531	0.27566	0.00628093	-0.000354649	1.24386e-05	777.276	17	65	165	645
885	0.399474	47	0.00849946	0.276554	0.00628423	-0.000355919	1.24402e-05	777.014	17	65	165	645
886	0.41513	47	0.00883255	0.276165	0.00627849	-0.0003554	1.24279e-05	777.055	17	65	165	645
887	0.424058	47	0.00902252	0.275695	0.00628237	-0.000354046	1.24439e-05	778.698	17	65	165	645
888	0.444698	47	0.00946165	0.275292	0.00628103	-0.000353141	1.24445e-05	779.555	17	65	165	645
889	0.316538	47	0.00673485	0.277501	0.00628125	-0.000357921	1.24228e-05	775.313	17	65	165	645
890	0.326726	47	0.00695163	0.276985	0.00628202	-0.00035675	1.24302e-05	776.412	17	65	165	645
891	0.41082	47	0.00874086	0.276362	0.00628233	-0.000354841	1.24389e-05	778.834	17	65	165	645
892	0.381403	47	0.00811496	0.275816	0.00627729	-0.000353433	1.24316e-05	780.39	17	65	165	645
893	0.595181	47	0.0126634	0.276708	0.00627693	-0.000357758	1.2415e-05	773.45	17	65	165	645
894	0.319416	47	0.00679608	0.278857	0.00627297	-0.000362582	1.23823e-05	769.085	17	65	165	645
895	0.422866	47	0.00899714	0.277892	0.00627824	-0.000360147	1.2407e-05	771.607	17	65	165	645
896	0.577456	47	0.0122863	0.275793	0.00627822	-0.000354933	1.243e-05	777.028	17	65	165	645
897	0.281553	47	0.00599049	0.277374	0.00627385	-0.000358382	1.24024e-05	773.961	17	65	165	645
898	0.300892	47	0.00640195	0.275958	0.00627134	-0.000355054	1.24108e-05	777.228	17	65	165	645
899	0.517016	47	0.0110003	0.278308	0.00626836	-0.000362374	1.23728e-05	768.014	17	65	165	645
900	0.490509	47	0.0104364	0.276446	0.00626617	-0.000358003	1.23868e-05	772.19	17	65	165	645
901	0.263525	47	0.00560691	0.277199	0.00626394	-0.00035861	1.23761e-05	772.983	17	65	165	645
902	0.335703	47	0.00714262	0.276081	0.00626496	-0.000355983	1.23907e-05	775.545	17	65	165	645
903	0.395557	47	0.0084161	0.275205	0.00626944	-0.000353896	1.2412e-05	777.643	17	65	165	645
904	0.424546	47	0.0090329	0.274586	0.00626657	-0.000352372	1.24112e-05	779.249	17	65	165	645
905	0.239087	47	0.00508695	0.275851	0.00626409	-0.000355289	1.23913e-05	776.413	17	65	165	645
906	0.700753	47	0.0149096	0.27736	0.00625718	-0.000361667	1.23489e-05	766.892	17	65	165	645
907	0.577124	47	0.0122792	0.275224	0.00625811	-0.000355917	1.23762e-05	773.28	17	65	165	645
908	0.333818	47	0.00710251	0.276303	0.00625147	-0.00035839	1.23473e-05	770.956	17	65	165	645
909	0.343602	47	0.00731069	0.273906	0.00625506	-0.000351765	1.23851e-05	778.66	17	65	165	645
910	0.307029	47	0.00653253	0.27492	0.0062556	-0.000353804	1.23767e-05	777.041	17	65	165	645
911	0.415577	47	0.00884207	0.274483	0.00623477	-0.00035581	1.23175e-05	771.43	17	65	165	645
912	0.425985	47	0.0090635	0.275153	0.00623508	-0.000357142	1.23119e-05	770.431	17	65	165	645
913	0.474737	47	0.0101008	0.274395	0.0062359	-0.000355432	1.2322e-05	772.002	17	65	165	645
914	0.368546	47	0.0078414	0.272985	0.00623823	-0.00035158	1.23447e-05	776.452	17	65	165	645
915	0.293976	47	0.00625481	0.2723	0.00623524	-0.000349616	1.23451e-05	778.855	17	65	165	645
916	0.394188	47	0.00838698	0.274253	0.00621597	-0.000357036	1.2265e-05	768.138	17	65	165	645
917	0.414391	47	0.00881683	0.273184	0.00621989	-0.000354189	1.22879e-05	771.294	17	65	165	645
918	0.342386	47	0.00728482	0.272012	0.00621682	-0.000351403	1.22924e-05	774.075	17	65	165	645
919	0.288039	47	0.00612848	0.270326	0.00621382	-0.000346685	1.23046e-05	779.746	17	65	165	645
920	0.646863	47	0.013763	0.271616	0.00619469	-0.00035356	1.22291e-05	768.231	17	65	165	645
921	0.490547	47	0.0104372	0.272268	0.00619354	-0.00035485	1.22197e-05	767.275	17	65	165	645
922	0.280215	47	0.00596203	0.271866	0.00618862	-0.000353557	1.22119e-05	768.943	17	65	165	645
923	0.362996	47	0.00772331	0.271542	0.00619033	-0.000352746	1.22201e-05	769.795	17	65	165	645
924	0.281337	47	0.00598589	0.268978	0.00619007	-0.000345823	1.22495e-05	777.791	17	65	165	645
925	0.265747	47	0.00565419	0.268503	0.00619086	-0.000344525	1.22572e-05	779.341	17	65	165	645
926	0.329324	47	0.00700689	0.269462	0.00619305	-0.000346518	1.22535e-05	777.627	17	65	165	645
927	0.411441	47	0.00875406	0.267866	0.00616492	-0.000346422	1.21857e-05	773.236	17	65	165	645
928	0.401481	47	0.00854216	0.265997	0.00616125	-0.000342038	1.21961e-05	777.681	17	65	165	645
929	0.31352	47	0.00667064	0.265679	0.00615988	-0.00034069	1.21976e-05	779.826	17	65	165	645
930	0.468148	47	0.00996059	0.265597	0.00612786	-0.000344696	1.21015e-05	770.526	17	65	165	645
931	0.497608	47	0.0105874	0.265795	0.0061336	-0.000344728	1.21158e-05	771.029	17	65	165	645
932	0.281652	47	0.00599259	0.264951	0.00612694	-0.000342581	1.21078e-05	773.395	17	65	165	645
933	0.363992	47	0.00774452	0.260669	0.00608298	-0.000336386	1.20267e-05	774.91	17	65	165	645
934	0.291619	47	0.00620465	0.260775	0.00608143	-0.000335939	1.20233e-05	776.256	17	65	165	645
935	0.358932	47	0.00763684	0.260318	0.00608595	-0.000335043	1.20399e-05	776.969	17	65	165	645
936	0.412763	47	0.00878219	0.252427	0.00598799	-0.000325605	1.18405e-05	775.254	17	65	165	645
937	0.411686	47	0.00875927	0.252394	0.00598718	-0.000325256	1.18395e-05	775.988	17	65	165	645
