15	-9	0.034	-3e-05	0	-9	0.034	-3e-05	0
45	-8.75	0.022	-1e-05	0	-8.75	0.022	-1e-05	0
56	-8.75	0.03	-2e-05	0	-8.75	0.03	-2e-05	0
58	-8.75	0.0325	-3e-05	0	-8.75	0.0325	-3e-05	0
61	-8.75	0.035	-3e-05	0	-8.75	0.035	-3e-05	0
80	-8.5	0.018	0	0	-8.5	0.018	0	0
81	-8.5	0.0185	0	0	-8.5	0.0185	0	0
86	-8.5	0.022	-1e-05	0	-8.5	0.022	-1e-05	0
88	-8.5	0.0245	-1e-05	0	-8.5	0.0245	-1e-05	0
105	-8.5	0.037	-3e-05	0	-8.5	0.037	-3e-05	0
107	-8.5	0.0385	-4e-05	0	-8.5	0.0385	-4e-05	0
120	-8.25	0.0065	-1e-05	0	-8.25	0.0065	-1e-05	0
139	-8.25	0.0205	0	0	-8.25	0.0205	0	0
144	-8.25	0.023	-1e-05	0	-8.25	0.023	-1e-05	0
198	-8	0.0305	-2e-05	0	-8	0.0305	-2e-05	0
205	-8	0.034	-3e-05	0	-8	0.034	-3e-05	0
207	-8	0.035	-3e-05	0	-8	0.035	-3e-05	0
208	-8	0.0355	-4e-05	0	-8	0.0355	-4e-05	0
257	-7.75	0.025	-2e-05	0	-7.75	0.025	-2e-05	0
276	-7.75	0.0345	-4e-05	0	-7.75	0.0345	-4e-05	0
278	-7.75	0.037	-4e-05	0	-7.75	0.037	-4e-05	0
301	-7.5	0.0145	0	0	-7.5	0.0145	0	0
324	-7.5	0.0255	-2e-05	0	-7.5	0.0255	-2e-05	0
333	-7.5	0.029	-2e-05	0	-7.5	0.029	-2e-05	0
338	-7.5	0.0325	-3e-05	0	-7.5	0.0325	-3e-05	0
354	-7.25	0.0135	-1e-05	0	-7.25	0.0135	-1e-05	0
364	-7.25	0.0175	-1e-05	0	-7.25	0.0175	-1e-05	0
367	-7.25	0.019	-1e-05	0	-7.25	0.019	-1e-05	0
373	-7.25	0.025	-3e-05	0	-7.25	0.025	-3e-05	0
374	-7.25	0.0255	-2e-05	0	-7.25	0.0255	-2e-05	0
383	-7.25	0.0285	-2e-05	0	-7.25	0.0285	-2e-05	0
385	-7.25	0.029	-2e-05	0	-7.25	0.029	-2e-05	0
392	-7.25	0.033	-3e-05	0	-7.25	0.033	-3e-05	0
393	-7.25	0.0335	-3e-05	0	-7.25	0.0335	-3e-05	0
400	-7.25	0.0395	-4e-05	0	-7.25	0.0395	-4e-05	0
404	-7	-0.0005	1e-05	0	-7	-0.0005	1e-05	0
422	-7	0.017	-1e-05	0	-7	0.017	-1e-05	0
425	-7	0.019	-2e-05	0	-7	0.019	-2e-05	0
432	-7	0.0245	-2e-05	0	-7	0.0245	-2e-05	0
435	-7	0.0275	-2e-05	0	-7	0.0275	-2e-05	0
461	-6.75	0.001	2e-05	0	-6.75	0.001	2e-05	0
479	-6.75	0.015	0	0	-6.75	0.015	0	0
488	-6.75	0.0195	-1e-05	0	-6.75	0.0195	-1e-05	0
492	-6.75	0.0215	-2e-05	0	-6.75	0.0215	-2e-05	0
493	-6.75	0.0215	-1e-05	0	-6.75	0.0215	-1e-05	0
504	-6.75	0.029	-3e-05	0	-6.75	0.029	-3e-05	0
508	-6.75	0.031	-3e-05	0	-6.75	0.031	-3e-05	0
535	-6.5	0.01	0	0	-6.5	0.01	0	0
538	-6.5	0.012	-1e-05	0	-6.5	0.012	-1e-05	0
541	-6.5	0.013	0	0	-6.5	0.013	0	0
553	-6.5	0.019	-1e-05	0	-6.5	0.019	-1e-05	0
565	-6.5	0.025	-2e-05	0	-6.5	0.025	-2e-05	0
593	-6.25	0.007	0	0	-6.25	0.007	0	0
599	-6.25	0.0115	-1e-05	0	-6.25	0.0115	-1e-05	0
608	-6.25	0.0175	0	0	-6.25	0.0175	0	0
609	-6.25	0.0185	-1e-05	0	-6.25	0.0185	-1e-05	0
611	-6.25	0.02	-2e-05	0	-6.25	0.02	-2e-05	0
613	-6.25	0.021	-2e-05	0	-6.25	0.021	-2e-05	0
616	-6.25	0.023	-2e-05	0	-6.25	0.023	-2e-05	0
620	-6.25	0.0245	-2e-05	0	-6.25	0.0245	-2e-05	0
627	-6.25	0.028	-3e-05	0	-6.25	0.028	-3e-05	0
628	-6.25	0.0285	-3e-05	0	-6.25	0.0285	-3e-05	0
629	-6.25	0.029	-3e-05	0	-6.25	0.029	-3e-05	0
644	-6	-0.0085	1e-05	0	-6	-0.0085	1e-05	0
645	-6	-0.007	2e-05	0	-6	-0.007	2e-05	0
660	-6	0.006	0	0	-6	0.006	0	0
666	-6	0.009	0	0	-6	0.009	0	0
668	-6	0.0095	0	0	-6	0.0095	0	0
689	-6	0.0195	-2e-05	0	-6	0.0195	-2e-05	0
700	-6	0.0255	-2e-05	0	-6	0.0255	-2e-05	0
705	-6	0.029	-3e-05	0	-6	0.029	-3e-05	0
713	-5.75	-0.015	3e-05	0	-5.75	-0.015	3e-05	0
737	-5.75	0.0055	1e-05	0	-5.75	0.0055	1e-05	0
742	-5.75	0.0075	0	0	-5.75	0.0075	0	0
743	-5.75	0.0075	1e-05	0	-5.75	0.0075	1e-05	0
744	-5.75	0.008	0	0	-5.75	0.008	0	0
748	-5.75	0.01	0	0	-5.75	0.01	0	0
760	-5.75	0.0175	-2e-05	0	-5.75	0.0175	-2e-05	0
767	-5.75	0.0225	-2e-05	0	-5.75	0.0225	-2e-05	0
768	-5.75	0.023	-2e-05	0	-5.75	0.023	-2e-05	0
769	-5.75	0.023	-1e-05	0	-5.75	0.023	-1e-05	0
776	-5.75	0.028	-3e-05	0	-5.75	0.028	-3e-05	0
780	-5.75	0.031	-4e-05	0	-5.75	0.031	-4e-05	0
826	-5.5	0.011	-1e-05	0	-5.5	0.011	-1e-05	0
833	-5.5	0.014	-1e-05	0	-5.5	0.014	-1e-05	0
836	-5.5	0.0155	-2e-05	0	-5.5	0.0155	-2e-05	0
849	-5.5	0.021	-2e-05	0	-5.5	0.021	-2e-05	0
851	-5.5	0.0225	-3e-05	0	-5.5	0.0225	-3e-05	0
862	-5.5	0.0295	-3e-05	0	-5.5	0.0295	-3e-05	0
867	-5.25	-0.02	5e-05	0	-5.25	-0.02	5e-05	0
881	-5.25	-0.0055	1e-05	0	-5.25	-0.0055	1e-05	0
887	-5.25	0.001	1e-05	0	-5.25	0.001	1e-05	0
898	-5.25	0.0085	0	0	-5.25	0.0085	0	0
904	-5.25	0.0105	-1e-05	0	-5.25	0.0105	-1e-05	0
910	-5.25	0.014	-1e-05	0	-5.25	0.014	-1e-05	0
918	-5.25	0.0185	-2e-05	0	-5.25	0.0185	-2e-05	0
919	-5.25	0.0185	-1e-05	0	-5.25	0.0185	-1e-05	0
928	-5.25	0.0245	-3e-05	0	-5.25	0.0245	-3e-05	0
932	-5.25	0.027	-3e-05	0	-5.25	0.027	-3e-05	0
933	-5.25	0.0285	-3e-05	0	-5.25	0.0285	-3e-05	0
957	-5	0.0025	0	0	-5	0.0025	0	0
962	-5	0.0075	-1e-05	0	-5	0.0075	-1e-05	0
964	-5	0.009	0	0	-5	0.009	0	0
969	-5	0.0115	-1e-05	0	-5	0.0115	-1e-05	0
976	-5	0.0155	-1e-05	0	-5	0.0155	-1e-05	0
979	-5	0.017	-1e-05	0	-5	0.017	-1e-05	0
981	-5	0.0185	-1e-05	0	-5	0.0185	-1e-05	0
986	-5	0.02	-1e-05	0	-5	0.02	-1e-05	0
992	-5	0.024	-3e-05	0	-5	0.024	-3e-05	0
994	-5	0.025	-3e-05	0	-5	0.025	-3e-05	0
996	-5	0.027	-4e-05	0	-5	0.027	-4e-05	0
1019	-4.75	-0.0025	1e-05	0	-4.75	-0.0025	1e-05	0
1036	-4.75	0.006	0	0	-4.75	0.006	0	0
1040	-4.75	0.0075	0	0	-4.75	0.0075	0	0
1042	-4.75	0.0085	0	0	-4.75	0.0085	0	0
1045	-4.75	0.0095	1e-05	0	-4.75	0.0095	1e-05	0
1048	-4.75	0.0115	-1e-05	0	-4.75	0.0115	-1e-05	0
1049	-4.75	0.012	-1e-05	0	-4.75	0.012	-1e-05	0
1054	-4.75	0.017	-1e-05	0	-4.75	0.017	-1e-05	0
1057	-4.75	0.018	-1e-05	0	-4.75	0.018	-1e-05	0
1063	-4.75	0.0225	-2e-05	0	-4.75	0.0225	-2e-05	0
1070	-4.75	0.026	-2e-05	0	-4.75	0.026	-2e-05	0
1072	-4.75	0.031	-4e-05	0	-4.75	0.031	-4e-05	0
1073	-4.75	0.032	-4e-05	0	-4.75	0.032	-4e-05	0
1078	-4.5	-0.018	3e-05	0	-4.5	-0.018	3e-05	0
1089	-4.5	-0.0075	2e-05	0	-4.5	-0.0075	2e-05	0
1094	-4.5	-0.004	1e-05	0	-4.5	-0.004	1e-05	0
1105	-4.5	0.0025	1e-05	0	-4.5	0.0025	1e-05	0
1107	-4.5	0.0035	0	0	-4.5	0.0035	0	0
1110	-4.5	0.0055	0	0	-4.5	0.0055	0	0
1112	-4.5	0.006	0	0	-4.5	0.006	0	0
1113	-4.5	0.0065	0	0	-4.5	0.0065	0	0
1115	-4.5	0.007	0	0	-4.5	0.007	0	0
1119	-4.5	0.0085	-1e-05	0	-4.5	0.0085	-1e-05	0
1122	-4.5	0.01	-1e-05	0	-4.5	0.01	-1e-05	0
1123	-4.5	0.0105	0	0	-4.5	0.0105	0	0
1124	-4.5	0.011	-1e-05	0	-4.5	0.011	-1e-05	0
1125	-4.5	0.012	0	0	-4.5	0.012	0	0
1127	-4.5	0.013	-1e-05	0	-4.5	0.013	-1e-05	0
1129	-4.5	0.0135	-1e-05	0	-4.5	0.0135	-1e-05	0
1134	-4.5	0.0155	-1e-05	0	-4.5	0.0155	-1e-05	0
1137	-4.5	0.0165	-2e-05	0	-4.5	0.0165	-2e-05	0
1139	-4.5	0.0175	-2e-05	0	-4.5	0.0175	-2e-05	0
1142	-4.5	0.02	-2e-05	0	-4.5	0.02	-2e-05	0
1143	-4.5	0.021	-2e-05	0	-4.5	0.021	-2e-05	0
1156	-4.25	-0.014	3e-05	0	-4.25	-0.014	3e-05	0
1175	-4.25	-0.001	1e-05	0	-4.25	-0.001	1e-05	0
1176	-4.25	0	1e-05	0	-4.25	0	1e-05	0
1184	-4.25	0.006	0	0	-4.25	0.006	0	0
1186	-4.25	0.007	0	0	-4.25	0.007	0	0
1188	-4.25	0.009	-1e-05	0	-4.25	0.009	-1e-05	0
1191	-4.25	0.011	-1e-05	0	-4.25	0.011	-1e-05	0
1197	-4.25	0.0135	-1e-05	0	-4.25	0.0135	-1e-05	0
1199	-4.25	0.014	-2e-05	0	-4.25	0.014	-2e-05	0
1202	-4.25	0.015	-1e-05	0	-4.25	0.015	-1e-05	0
1205	-4.25	0.017	-2e-05	0	-4.25	0.017	-2e-05	0
1206	-4.25	0.017	-1e-05	0	-4.25	0.017	-1e-05	0
1207	-4.25	0.0175	-1e-05	0	-4.25	0.0175	-1e-05	0
1212	-4.25	0.0195	-2e-05	0	-4.25	0.0195	-2e-05	0
1214	-4.25	0.0205	-2e-05	0	-4.25	0.0205	-2e-05	0
1217	-4.25	0.023	-2e-05	0	-4.25	0.023	-2e-05	0
1237	-4	-0.007	2e-05	0	-4	-0.007	2e-05	0
1251	-4	0.002	1e-05	0	-4	0.002	1e-05	0
1253	-4	0.0025	0	0	-4	0.0025	0	0
1256	-4	0.0045	-1e-05	0	-4	0.0045	-1e-05	0
1259	-4	0.0055	0	0	-4	0.0055	0	0
1260	-4	0.006	0	0	-4	0.006	0	0
1264	-4	0.008	-1e-05	0	-4	0.008	-1e-05	0
1270	-4	0.011	-1e-05	0	-4	0.011	-1e-05	0
1271	-4	0.0115	-1e-05	0	-4	0.0115	-1e-05	0
1272	-4	0.012	-1e-05	0	-4	0.012	-1e-05	0
1275	-4	0.0125	-1e-05	0	-4	0.0125	-1e-05	0
1277	-4	0.0135	-1e-05	0	-4	0.0135	-1e-05	0
1282	-4	0.015	-1e-05	0	-4	0.015	-1e-05	0
1283	-4	0.017	-2e-05	0	-4	0.017	-2e-05	0
1286	-4	0.018	-2e-05	0	-4	0.018	-2e-05	0
1290	-4	0.0195	-2e-05	0	-4	0.0195	-2e-05	0
1293	-4	0.021	-2e-05	0	-4	0.021	-2e-05	0
1296	-4	0.0235	-3e-05	0	-4	0.0235	-3e-05	0
1317	-3.75	-0.0055	2e-05	0	-3.75	-0.0055	2e-05	0
1328	-3.75	0.001	0	0	-3.75	0.001	0	0
1329	-3.75	0.003	1e-05	0	-3.75	0.003	1e-05	0
1332	-3.75	0.005	1e-05	0	-3.75	0.005	1e-05	0
1333	-3.75	0.0055	0	0	-3.75	0.0055	0	0
1334	-3.75	0.006	0	0	-3.75	0.006	0	0
1338	-3.75	0.0075	1e-05	0	-3.75	0.0075	1e-05	0
1342	-3.75	0.009	0	0	-3.75	0.009	0	0
1346	-3.75	0.0115	-1e-05	0	-3.75	0.0115	-1e-05	0
1348	-3.75	0.012	-1e-05	0	-3.75	0.012	-1e-05	0
1350	-3.75	0.0135	-1e-05	0	-3.75	0.0135	-1e-05	0
1351	-3.75	0.014	-2e-05	0	-3.75	0.014	-2e-05	0
1360	-3.75	0.018	-2e-05	0	-3.75	0.018	-2e-05	0
1361	-3.75	0.019	-3e-05	0	-3.75	0.019	-3e-05	0
1363	-3.75	0.0195	-3e-05	0	-3.75	0.0195	-3e-05	0
1365	-3.75	0.0205	-2e-05	0	-3.75	0.0205	-2e-05	0
1366	-3.75	0.0215	-2e-05	0	-3.75	0.0215	-2e-05	0
1368	-3.75	0.0225	-3e-05	0	-3.75	0.0225	-3e-05	0
1379	-3.5	-0.0175	3e-05	0	-3.5	-0.0175	3e-05	0
1388	-3.5	-0.0075	1e-05	0	-3.5	-0.0075	1e-05	0
1392	-3.5	-0.0025	1e-05	0	-3.5	-0.0025	1e-05	0
1394	-3.5	-0.0015	1e-05	0	-3.5	-0.0015	1e-05	0
1398	-3.5	-0.0005	0	0	-3.5	-0.0005	0	0
1406	-3.5	0.0035	0	0	-3.5	0.0035	0	0
1411	-3.5	0.005	0	0	-3.5	0.005	0	0
1415	-3.5	0.006	0	0	-3.5	0.006	0	0
1417	-3.5	0.0065	0	0	-3.5	0.0065	0	0
1418	-3.5	0.0075	-1e-05	0	-3.5	0.0075	-1e-05	0
1424	-3.5	0.01	-2e-05	0	-3.5	0.01	-2e-05	0
1425	-3.5	0.01	-1e-05	0	-3.5	0.01	-1e-05	0
1427	-3.5	0.011	-1e-05	0	-3.5	0.011	-1e-05	0
1428	-3.5	0.0115	-1e-05	0	-3.5	0.0115	-1e-05	0
1430	-3.5	0.012	0	0	-3.5	0.012	0	0
1431	-3.5	0.013	-1e-05	0	-3.5	0.013	-1e-05	0
1434	-3.5	0.0135	-1e-05	0	-3.5	0.0135	-1e-05	0
1436	-3.5	0.014	-1e-05	0	-3.5	0.014	-1e-05	0
1439	-3.5	0.0155	-1e-05	0	-3.5	0.0155	-1e-05	0
1447	-3.5	0.0195	-2e-05	0	-3.5	0.0195	-2e-05	0
1448	-3.5	0.02	-2e-05	0	-3.5	0.02	-2e-05	0
1449	-3.5	0.0205	-3e-05	0	-3.5	0.0205	-3e-05	0
1450	-3.5	0.021	-3e-05	0	-3.5	0.021	-3e-05	0
1453	-3.5	0.022	-2e-05	0	-3.5	0.022	-2e-05	0
1455	-3.5	0.0225	-2e-05	0	-3.5	0.0225	-2e-05	0
1481	-3.25	-0.0045	2e-05	0	-3.25	-0.0045	2e-05	0
1484	-3.25	-0.001	1e-05	0	-3.25	-0.001	1e-05	0
1485	-3.25	-0.0005	0	0	-3.25	-0.0005	0	0
1495	-3.25	0.0045	-1e-05	0	-3.25	0.0045	-1e-05	0
1496	-3.25	0.0045	0	0	-3.25	0.0045	0	0
1498	-3.25	0.005	0	0	-3.25	0.005	0	0
1503	-3.25	0.008	-1e-05	0	-3.25	0.008	-1e-05	0
1507	-3.25	0.0095	-1e-05	0	-3.25	0.0095	-1e-05	0
1509	-3.25	0.011	-1e-05	0	-3.25	0.011	-1e-05	0
1510	-3.25	0.0115	-1e-05	0	-3.25	0.0115	-1e-05	0
1511	-3.25	0.012	-1e-05	0	-3.25	0.012	-1e-05	0
1515	-3.25	0.0135	-2e-05	0	-3.25	0.0135	-2e-05	0
1517	-3.25	0.0145	-1e-05	0	-3.25	0.0145	-1e-05	0
1520	-3.25	0.016	-2e-05	0	-3.25	0.016	-2e-05	0
1529	-3.25	0.0205	-2e-05	0	-3.25	0.0205	-2e-05	0
1530	-3.25	0.0235	-3e-05	0	-3.25	0.0235	-3e-05	0
1532	-3.25	0.026	-4e-05	0	-3.25	0.026	-4e-05	0
1560	-3	-0.002	1e-05	0	-3	-0.002	1e-05	0
1569	-3	0.001	1e-05	0	-3	0.001	1e-05	0
1571	-3	0.003	0	0	-3	0.003	0	0
1572	-3	0.0035	0	0	-3	0.0035	0	0
1574	-3	0.005	0	0	-3	0.005	0	0
1575	-3	0.0055	0	0	-3	0.0055	0	0
1578	-3	0.006	0	0	-3	0.006	0	0
1580	-3	0.0065	0	0	-3	0.0065	0	0
1584	-3	0.009	-1e-05	0	-3	0.009	-1e-05	0
1586	-3	0.011	-1e-05	0	-3	0.011	-1e-05	0
1587	-3	0.0115	-1e-05	0	-3	0.0115	-1e-05	0
1589	-3	0.012	-1e-05	0	-3	0.012	-1e-05	0
1590	-3	0.0125	-2e-05	0	-3	0.0125	-2e-05	0
1592	-3	0.014	-1e-05	0	-3	0.014	-1e-05	0
1593	-3	0.0155	-3e-05	0	-3	0.0155	-3e-05	0
1601	-3	0.019	-2e-05	0	-3	0.019	-2e-05	0
1617	-2.75	-0.007	1e-05	0	-2.75	-0.007	1e-05	0
1624	-2.75	-0.0035	1e-05	0	-2.75	-0.0035	1e-05	0
1626	-2.75	-0.0025	1e-05	0	-2.75	-0.0025	1e-05	0
1627	-2.75	-0.002	1e-05	0	-2.75	-0.002	1e-05	0
1628	-2.75	-0.0015	1e-05	0	-2.75	-0.0015	1e-05	0
1631	-2.75	0.0005	0	0	-2.75	0.0005	0	0
1635	-2.75	0.002	0	0	-2.75	0.002	0	0
1640	-2.75	0.003	0	0	-2.75	0.003	0	0
1641	-2.75	0.0035	0	0	-2.75	0.0035	0	0
1643	-2.75	0.004	0	0	-2.75	0.004	0	0
1645	-2.75	0.0045	0	0	-2.75	0.0045	0	0
1646	-2.75	0.0055	0	0	-2.75	0.0055	0	0
1647	-2.75	0.006	0	0	-2.75	0.006	0	0
1649	-2.75	0.0065	-1e-05	0	-2.75	0.0065	-1e-05	0
1651	-2.75	0.0075	-1e-05	0	-2.75	0.0075	-1e-05	0
1652	-2.75	0.0085	-1e-05	0	-2.75	0.0085	-1e-05	0
1653	-2.75	0.009	-1e-05	0	-2.75	0.009	-1e-05	0
1654	-2.75	0.01	-1e-05	0	-2.75	0.01	-1e-05	0
1655	-2.75	0.0105	-1e-05	0	-2.75	0.0105	-1e-05	0
1657	-2.75	0.011	-1e-05	0	-2.75	0.011	-1e-05	0
1658	-2.75	0.0115	-1e-05	0	-2.75	0.0115	-1e-05	0
1659	-2.75	0.012	-1e-05	0	-2.75	0.012	-1e-05	0
1661	-2.75	0.013	-2e-05	0	-2.75	0.013	-2e-05	0
1663	-2.75	0.0135	-1e-05	0	-2.75	0.0135	-1e-05	0
1668	-2.75	0.017	-2e-05	0	-2.75	0.017	-2e-05	0
1682	-2.5	-0.0195	3e-05	0	-2.5	-0.0195	3e-05	0
1695	-2.5	-0.0065	2e-05	0	-2.5	-0.0065	2e-05	0
1697	-2.5	-0.0055	1e-05	0	-2.5	-0.0055	1e-05	0
1700	-2.5	-0.0035	1e-05	0	-2.5	-0.0035	1e-05	0
1701	-2.5	-0.003	1e-05	0	-2.5	-0.003	1e-05	0
1707	-2.5	-0.001	1e-05	0	-2.5	-0.001	1e-05	0
1716	-2.5	0.002	0	0	-2.5	0.002	0	0
1717	-2.5	0.0025	0	0	-2.5	0.0025	0	0
1718	-2.5	0.003	0	0	-2.5	0.003	0	0
1719	-2.5	0.0035	0	0	-2.5	0.0035	0	0
1722	-2.5	0.004	0	0	-2.5	0.004	0	0
1723	-2.5	0.0045	0	0	-2.5	0.0045	0	0
1724	-2.5	0.005	0	0	-2.5	0.005	0	0
1725	-2.5	0.0055	0	0	-2.5	0.0055	0	0
1726	-2.5	0.006	-1e-05	0	-2.5	0.006	-1e-05	0
1728	-2.5	0.0065	0	0	-2.5	0.0065	0	0
1729	-2.5	0.007	-1e-05	0	-2.5	0.007	-1e-05	0
1730	-2.5	0.007	0	0	-2.5	0.007	0	0
1731	-2.5	0.0075	-2e-05	0	-2.5	0.0075	-2e-05	0
1732	-2.5	0.008	-1e-05	0	-2.5	0.008	-1e-05	0
1733	-2.5	0.0085	-1e-05	0	-2.5	0.0085	-1e-05	0
1735	-2.5	0.009	-1e-05	0	-2.5	0.009	-1e-05	0
1737	-2.5	0.0095	-1e-05	0	-2.5	0.0095	-1e-05	0
1739	-2.5	0.01	-1e-05	0	-2.5	0.01	-1e-05	0
1742	-2.5	0.0125	-1e-05	0	-2.5	0.0125	-1e-05	0
1743	-2.5	0.013	-1e-05	0	-2.5	0.013	-1e-05	0
1745	-2.5	0.0135	-1e-05	0	-2.5	0.0135	-1e-05	0
1747	-2.5	0.0155	-2e-05	0	-2.5	0.0155	-2e-05	0
1748	-2.5	0.0165	-2e-05	0	-2.5	0.0165	-2e-05	0
1751	-2.5	0.0185	-2e-05	0	-2.5	0.0185	-2e-05	0
1756	-2.25	-0.032	5e-05	0	-2.25	-0.032	5e-05	0
1778	-2.25	-0.0125	1e-05	0	-2.25	-0.0125	1e-05	0
1785	-2.25	-0.0095	1e-05	0	-2.25	-0.0095	1e-05	0
1787	-2.25	-0.0085	0	0	-2.25	-0.0085	0	0
1798	-2.25	-0.004	1e-05	0	-2.25	-0.004	1e-05	0
1799	-2.25	-0.0035	1e-05	0	-2.25	-0.0035	1e-05	0
1804	-2.25	-0.0005	0	0	-2.25	-0.0005	0	0
1806	-2.25	0.0005	0	0	-2.25	0.0005	0	0
1808	-2.25	0.0015	0	0	-2.25	0.0015	0	0
1812	-2.25	0.0025	0	0	-2.25	0.0025	0	0
1813	-2.25	0.003	0	0	-2.25	0.003	0	0
1814	-2.25	0.0035	0	0	-2.25	0.0035	0	0
1815	-2.25	0.0045	-1e-05	0	-2.25	0.0045	-1e-05	0
1816	-2.25	0.0045	0	0	-2.25	0.0045	0	0
1819	-2.25	0.007	-1e-05	0	-2.25	0.007	-1e-05	0
1821	-2.25	0.0075	-1e-05	0	-2.25	0.0075	-1e-05	0
1823	-2.25	0.0085	-1e-05	0	-2.25	0.0085	-1e-05	0
1824	-2.25	0.009	-2e-05	0	-2.25	0.009	-2e-05	0
1825	-2.25	0.009	-1e-05	0	-2.25	0.009	-1e-05	0
1829	-2.25	0.0105	-1e-05	0	-2.25	0.0105	-1e-05	0
1832	-2.25	0.0125	-1e-05	0	-2.25	0.0125	-1e-05	0
1833	-2.25	0.013	-2e-05	0	-2.25	0.013	-2e-05	0
1837	-2.25	0.014	-2e-05	0	-2.25	0.014	-2e-05	0
1838	-2.25	0.0145	-2e-05	0	-2.25	0.0145	-2e-05	0
1843	-2.25	0.0175	-2e-05	0	-2.25	0.0175	-2e-05	0
1873	-2	-0.0045	1e-05	0	-2	-0.0045	1e-05	0
1874	-2	-0.004	1e-05	0	-2	-0.004	1e-05	0
1878	-2	0	0	0	-2	0	0	0
1880	-2	0.001	0	0	-2	0.001	0	0
1882	-2	0.0015	0	0	-2	0.0015	0	0
1884	-2	0.0025	-1e-05	0	-2	0.0025	-1e-05	0
1886	-2	0.003	0	0	-2	0.003	0	0
1887	-2	0.0035	-2e-05	0	-2	0.0035	-2e-05	0
1889	-2	0.0035	0	0	-2	0.0035	0	0
1891	-2	0.004	0	0	-2	0.004	0	0
1893	-2	0.0045	0	0	-2	0.0045	0	0
1894	-2	0.005	0	0	-2	0.005	0	0
1897	-2	0.006	-1e-05	0	-2	0.006	-1e-05	0
1902	-2	0.0075	-1e-05	0	-2	0.0075	-1e-05	0
1903	-2	0.0085	-1e-05	0	-2	0.0085	-1e-05	0
1904	-2	0.0085	0	0	-2	0.0085	0	0
1905	-2	0.009	-2e-05	0	-2	0.009	-2e-05	0
1906	-2	0.009	-1e-05	0	-2	0.009	-1e-05	0
1907	-2	0.0095	-1e-05	0	-2	0.0095	-1e-05	0
1909	-2	0.01	-1e-05	0	-2	0.01	-1e-05	0
1910	-2	0.0115	-2e-05	0	-2	0.0115	-2e-05	0
1911	-2	0.0115	-1e-05	0	-2	0.0115	-1e-05	0
1913	-2	0.012	-1e-05	0	-2	0.012	-1e-05	0
1914	-2	0.0135	-2e-05	0	-2	0.0135	-2e-05	0
1915	-2	0.0135	-1e-05	0	-2	0.0135	-1e-05	0
1919	-2	0.015	-2e-05	0	-2	0.015	-2e-05	0
1922	-2	0.0165	-3e-05	0	-2	0.0165	-3e-05	0
1952	-1.75	-0.0145	3e-05	0	-1.75	-0.0145	3e-05	0
1958	-1.75	-0.0115	2e-05	0	-1.75	-0.0115	2e-05	0
1962	-1.75	-0.0095	2e-05	0	-1.75	-0.0095	2e-05	0
1964	-1.75	-0.0085	1e-05	0	-1.75	-0.0085	1e-05	0
1968	-1.75	-0.006	1e-05	0	-1.75	-0.006	1e-05	0
1969	-1.75	-0.006	2e-05	0	-1.75	-0.006	2e-05	0
1970	-1.75	-0.0055	1e-05	0	-1.75	-0.0055	1e-05	0
1972	-1.75	-0.005	1e-05	0	-1.75	-0.005	1e-05	0
1973	-1.75	-0.0045	1e-05	0	-1.75	-0.0045	1e-05	0
1976	-1.75	-0.001	0	0	-1.75	-0.001	0	0
1977	-1.75	0	0	0	-1.75	0	0	0
1978	-1.75	0.0005	0	0	-1.75	0.0005	0	0
1981	-1.75	0.001	1e-05	0	-1.75	0.001	1e-05	0
1985	-1.75	0.003	0	0	-1.75	0.003	0	0
1986	-1.75	0.0035	0	0	-1.75	0.0035	0	0
1987	-1.75	0.004	0	0	-1.75	0.004	0	0
1989	-1.75	0.0045	0	0	-1.75	0.0045	0	0
1992	-1.75	0.0055	0	0	-1.75	0.0055	0	0
1993	-1.75	0.006	-1e-05	0	-1.75	0.006	-1e-05	0
1998	-1.75	0.008	-1e-05	0	-1.75	0.008	-1e-05	0
1999	-1.75	0.0085	-1e-05	0	-1.75	0.0085	-1e-05	0
2001	-1.75	0.0095	-1e-05	0	-1.75	0.0095	-1e-05	0
2002	-1.75	0.01	-1e-05	0	-1.75	0.01	-1e-05	0
2004	-1.75	0.0105	-1e-05	0	-1.75	0.0105	-1e-05	0
2006	-1.75	0.011	-1e-05	0	-1.75	0.011	-1e-05	0
2011	-1.75	0.0125	-1e-05	0	-1.75	0.0125	-1e-05	0
2012	-1.75	0.0135	-2e-05	0	-1.75	0.0135	-2e-05	0
2015	-1.75	0.015	-2e-05	0	-1.75	0.015	-2e-05	0
2018	-1.75	0.0175	-3e-05	0	-1.75	0.0175	-3e-05	0
2034	-1.5	-0.019	3e-05	0	-1.5	-0.019	3e-05	0
2043	-1.5	-0.0125	1e-05	0	-1.5	-0.0125	1e-05	0
2051	-1.5	-0.008	1e-05	0	-1.5	-0.008	1e-05	0
2052	-1.5	-0.0075	0	0	-1.5	-0.0075	0	0
2055	-1.5	-0.0065	1e-05	0	-1.5	-0.0065	1e-05	0
2056	-1.5	-0.006	1e-05	0	-1.5	-0.006	1e-05	0
2057	-1.5	-0.005	1e-05	0	-1.5	-0.005	1e-05	0
2059	-1.5	-0.0045	1e-05	0	-1.5	-0.0045	1e-05	0
2062	-1.5	-0.002	-1e-05	0	-1.5	-0.002	-1e-05	0
2064	-1.5	-0.0015	0	0	-1.5	-0.0015	0	0
2065	-1.5	-0.0015	1e-05	0	-1.5	-0.0015	1e-05	0
2066	-1.5	-0.001	0	0	-1.5	-0.001	0	0
2067	-1.5	-0.0005	0	0	-1.5	-0.0005	0	0
2068	-1.5	0	-1e-05	0	-1.5	0	-1e-05	0
2070	-1.5	0	1e-05	0	-1.5	0	1e-05	0
2078	-1.5	0.003	-1e-05	0	-1.5	0.003	-1e-05	0
2079	-1.5	0.003	0	0	-1.5	0.003	0	0
2080	-1.5	0.004	0	0	-1.5	0.004	0	0
2082	-1.5	0.005	0	0	-1.5	0.005	0	0
2084	-1.5	0.006	-1e-05	0	-1.5	0.006	-1e-05	0
2086	-1.5	0.0065	-1e-05	0	-1.5	0.0065	-1e-05	0
2089	-1.5	0.0075	-1e-05	0	-1.5	0.0075	-1e-05	0
2091	-1.5	0.008	-1e-05	0	-1.5	0.008	-1e-05	0
2092	-1.5	0.0085	-1e-05	0	-1.5	0.0085	-1e-05	0
2093	-1.5	0.0095	-1e-05	0	-1.5	0.0095	-1e-05	0
2094	-1.5	0.01	-1e-05	0	-1.5	0.01	-1e-05	0
2095	-1.5	0.011	-2e-05	0	-1.5	0.011	-2e-05	0
2101	-1.5	0.0145	-3e-05	0	-1.5	0.0145	-3e-05	0
2104	-1.5	0.0165	-3e-05	0	-1.5	0.0165	-3e-05	0
2126	-1.25	-0.0195	2e-05	0	-1.25	-0.0195	2e-05	0
2136	-1.25	-0.0125	2e-05	0	-1.25	-0.0125	2e-05	0
2141	-1.25	-0.01	2e-05	0	-1.25	-0.01	2e-05	0
2143	-1.25	-0.0085	1e-05	0	-1.25	-0.0085	1e-05	0
2145	-1.25	-0.007	2e-05	0	-1.25	-0.007	2e-05	0
2146	-1.25	-0.0065	1e-05	0	-1.25	-0.0065	1e-05	0
2147	-1.25	-0.006	1e-05	0	-1.25	-0.006	1e-05	0
2149	-1.25	-0.0055	1e-05	0	-1.25	-0.0055	1e-05	0
2150	-1.25	-0.005	1e-05	0	-1.25	-0.005	1e-05	0
2152	-1.25	-0.0045	1e-05	0	-1.25	-0.0045	1e-05	0
2153	-1.25	-0.004	0	0	-1.25	-0.004	0	0
2156	-1.25	-0.003	0	0	-1.25	-0.003	0	0
2157	-1.25	-0.003	1e-05	0	-1.25	-0.003	1e-05	0
2158	-1.25	-0.0025	1e-05	0	-1.25	-0.0025	1e-05	0
2161	-1.25	-0.0015	0	0	-1.25	-0.0015	0	0
2162	-1.25	-0.0015	1e-05	0	-1.25	-0.0015	1e-05	0
2163	-1.25	0	1e-05	0	-1.25	0	1e-05	0
2166	-1.25	0.0015	1e-05	0	-1.25	0.0015	1e-05	0
2170	-1.25	0.0025	0	0	-1.25	0.0025	0	0
2172	-1.25	0.003	0	0	-1.25	0.003	0	0
2174	-1.25	0.004	-1e-05	0	-1.25	0.004	-1e-05	0
2175	-1.25	0.0045	0	0	-1.25	0.0045	0	0
2176	-1.25	0.005	-1e-05	0	-1.25	0.005	-1e-05	0
2177	-1.25	0.005	0	0	-1.25	0.005	0	0
2179	-1.25	0.007	-1e-05	0	-1.25	0.007	-1e-05	0
2181	-1.25	0.0085	-2e-05	0	-1.25	0.0085	-2e-05	0
2182	-1.25	0.009	-1e-05	0	-1.25	0.009	-1e-05	0
2186	-1.25	0.0105	-2e-05	0	-1.25	0.0105	-2e-05	0
2207	-1	-0.0185	3e-05	0	-1	-0.0185	3e-05	0
2219	-1	-0.01	1e-05	0	-1	-0.01	1e-05	0
2221	-1	-0.009	0	0	-1	-0.009	0	0
2225	-1	-0.0065	0	0	-1	-0.0065	0	0
2226	-1	-0.0065	1e-05	0	-1	-0.0065	1e-05	0
2227	-1	-0.0055	0	0	-1	-0.0055	0	0
2228	-1	-0.0055	1e-05	0	-1	-0.0055	1e-05	0
2232	-1	-0.0045	1e-05	0	-1	-0.0045	1e-05	0
2233	-1	-0.004	0	0	-1	-0.004	0	0
2234	-1	-0.004	1e-05	0	-1	-0.004	1e-05	0
2235	-1	-0.0035	0	0	-1	-0.0035	0	0
2242	-1	-0.0015	1e-05	0	-1	-0.0015	1e-05	0
2248	-1	0.0005	1e-05	0	-1	0.0005	1e-05	0
2252	-1	0.002	0	0	-1	0.002	0	0
2253	-1	0.0025	0	0	-1	0.0025	0	0
2263	-1	0.007	0	0	-1	0.007	0	0
2264	-1	0.0075	-1e-05	0	-1	0.0075	-1e-05	0
2268	-1	0.009	-1e-05	0	-1	0.009	-1e-05	0
2269	-1	0.01	-2e-05	0	-1	0.01	-2e-05	0
2276	-0.75	-0.0425	5e-05	0	-0.75	-0.0425	5e-05	0
2294	-0.75	-0.022	3e-05	0	-0.75	-0.022	3e-05	0
2302	-0.75	-0.015	3e-05	0	-0.75	-0.015	3e-05	0
2306	-0.75	-0.013	1e-05	0	-0.75	-0.013	1e-05	0
2314	-0.75	-0.0105	1e-05	0	-0.75	-0.0105	1e-05	0
2317	-0.75	-0.01	2e-05	0	-0.75	-0.01	2e-05	0
2318	-0.75	-0.0095	1e-05	0	-0.75	-0.0095	1e-05	0
2319	-0.75	-0.009	1e-05	0	-0.75	-0.009	1e-05	0
2321	-0.75	-0.0085	1e-05	0	-0.75	-0.0085	1e-05	0
2326	-0.75	-0.007	1e-05	0	-0.75	-0.007	1e-05	0
2329	-0.75	-0.006	1e-05	0	-0.75	-0.006	1e-05	0
2331	-0.75	-0.0055	1e-05	0	-0.75	-0.0055	1e-05	0
2332	-0.75	-0.005	1e-05	0	-0.75	-0.005	1e-05	0
2336	-0.75	-0.0025	0	0	-0.75	-0.0025	0	0
2337	-0.75	-0.002	0	0	-0.75	-0.002	0	0
2342	-0.75	0.0005	-1e-05	0	-0.75	0.0005	-1e-05	0
2344	-0.75	0.0015	-1e-05	0	-0.75	0.0015	-1e-05	0
2345	-0.75	0.0015	0	0	-0.75	0.0015	0	0
2346	-0.75	0.002	-1e-05	0	-0.75	0.002	-1e-05	0
2347	-0.75	0.002	0	0	-0.75	0.002	0	0
2348	-0.75	0.0025	0	0	-0.75	0.0025	0	0
2350	-0.75	0.003	0	0	-0.75	0.003	0	0
2351	-0.75	0.0035	0	0	-0.75	0.0035	0	0
2357	-0.75	0.0065	-1e-05	0	-0.75	0.0065	-1e-05	0
2359	-0.75	0.008	-2e-05	0	-0.75	0.008	-2e-05	0
2361	-0.75	0.009	-2e-05	0	-0.75	0.009	-2e-05	0
2362	-0.75	0.009	-1e-05	0	-0.75	0.009	-1e-05	0
2377	-0.5	-0.026	4e-05	0	-0.5	-0.026	4e-05	0
2382	-0.5	-0.0215	3e-05	0	-0.5	-0.0215	3e-05	0
2388	-0.5	-0.017	2e-05	0	-0.5	-0.017	2e-05	0
2390	-0.5	-0.0155	2e-05	0	-0.5	-0.0155	2e-05	0
2391	-0.5	-0.015	2e-05	0	-0.5	-0.015	2e-05	0
2393	-0.5	-0.0145	3e-05	0	-0.5	-0.0145	3e-05	0
2395	-0.5	-0.0135	2e-05	0	-0.5	-0.0135	2e-05	0
2396	-0.5	-0.013	1e-05	0	-0.5	-0.013	1e-05	0
2399	-0.5	-0.0125	2e-05	0	-0.5	-0.0125	2e-05	0
2404	-0.5	-0.009	1e-05	0	-0.5	-0.009	1e-05	0
2409	-0.5	-0.0075	2e-05	0	-0.5	-0.0075	2e-05	0
2414	-0.5	-0.006	1e-05	0	-0.5	-0.006	1e-05	0
2417	-0.5	-0.004	0	0	-0.5	-0.004	0	0
2419	-0.5	-0.0035	0	0	-0.5	-0.0035	0	0
2421	-0.5	-0.003	-1e-05	0	-0.5	-0.003	-1e-05	0
2422	-0.5	-0.0025	0	0	-0.5	-0.0025	0	0
2426	-0.5	-0.001	-1e-05	0	-0.5	-0.001	-1e-05	0
2430	-0.5	0	-1e-05	0	-0.5	0	-1e-05	0
2433	-0.5	0.0005	0	0	-0.5	0.0005	0	0
2434	-0.5	0.001	0	0	-0.5	0.001	0	0
2436	-0.5	0.0025	0	0	-0.5	0.0025	0	0
2440	-0.5	0.0045	0	0	-0.5	0.0045	0	0
2441	-0.5	0.0055	-1e-05	0	-0.5	0.0055	-1e-05	0
2442	-0.5	0.006	-1e-05	0	-0.5	0.006	-1e-05	0
2445	-0.5	0.007	-1e-05	0	-0.5	0.007	-1e-05	0
2454	-0.25	-0.033	4e-05	0	-0.25	-0.033	4e-05	0
2468	-0.25	-0.024	4e-05	0	-0.25	-0.024	4e-05	0
2470	-0.25	-0.022	3e-05	0	-0.25	-0.022	3e-05	0
2472	-0.25	-0.021	2e-05	0	-0.25	-0.021	2e-05	0
2474	-0.25	-0.019	3e-05	0	-0.25	-0.019	3e-05	0
2477	-0.25	-0.017	2e-05	0	-0.25	-0.017	2e-05	0
2478	-0.25	-0.015	2e-05	0	-0.25	-0.015	2e-05	0
2479	-0.25	-0.0145	2e-05	0	-0.25	-0.0145	2e-05	0
2482	-0.25	-0.0135	1e-05	0	-0.25	-0.0135	1e-05	0
2483	-0.25	-0.0135	2e-05	0	-0.25	-0.0135	2e-05	0
2485	-0.25	-0.012	1e-05	0	-0.25	-0.012	1e-05	0
2486	-0.25	-0.012	2e-05	0	-0.25	-0.012	2e-05	0
2487	-0.25	-0.0115	1e-05	0	-0.25	-0.0115	1e-05	0
2488	-0.25	-0.0115	2e-05	0	-0.25	-0.0115	2e-05	0
2489	-0.25	-0.011	2e-05	0	-0.25	-0.011	2e-05	0
2490	-0.25	-0.0095	1e-05	0	-0.25	-0.0095	1e-05	0
2493	-0.25	-0.0085	2e-05	0	-0.25	-0.0085	2e-05	0
2498	-0.25	-0.0065	1e-05	0	-0.25	-0.0065	1e-05	0
2499	-0.25	-0.0055	1e-05	0	-0.25	-0.0055	1e-05	0
2502	-0.25	-0.0045	1e-05	0	-0.25	-0.0045	1e-05	0
2504	-0.25	-0.003	0	0	-0.25	-0.003	0	0
2505	-0.25	-0.0025	0	0	-0.25	-0.0025	0	0
2508	-0.25	-0.0005	-1e-05	0	-0.25	-0.0005	-1e-05	0
2509	-0.25	-0.0005	0	0	-0.25	-0.0005	0	0
2510	-0.25	0	0	0	-0.25	0	0	0
2511	-0.25	0.0005	0	0	-0.25	0.0005	0	0
2512	-0.25	0.0015	0	0	-0.25	0.0015	0	0
2513	-0.25	0.002	0	0	-0.25	0.002	0	0
2517	-0.25	0.004	-2e-05	0	-0.25	0.004	-2e-05	0
2520	-0.25	0.005	-1e-05	0	-0.25	0.005	-1e-05	0
2523	-0.25	0.006	-1e-05	0	-0.25	0.006	-1e-05	0
2525	-0.25	0.0065	-1e-05	0	-0.25	0.0065	-1e-05	0
2561	0	-0.0195	1e-05	0	0	-0.0195	1e-05	0
2566	0	-0.0185	2e-05	0	0	-0.0185	2e-05	0
2573	0	-0.0165	2e-05	0	0	-0.0165	2e-05	0
2583	0	-0.0125	2e-05	0	0	-0.0125	2e-05	0
2584	0	-0.0115	1e-05	0	0	-0.0115	1e-05	0
2585	0	-0.011	1e-05	0	0	-0.011	1e-05	0
2587	0	-0.0105	1e-05	0	0	-0.0105	1e-05	0
2589	0	-0.01	0	0	0	-0.01	0	0
2598	0	-0.0065	1e-05	0	0	-0.0065	1e-05	0
2600	0	-0.0055	0	0	0	-0.0055	0	0
2601	0	-0.0055	1e-05	0	0	-0.0055	1e-05	0
2602	0	-0.005	-1e-05	0	0	-0.005	-1e-05	0
2603	0	-0.0035	0	0	0	-0.0035	0	0
2606	0	-0.0025	0	0	0	-0.0025	0	0
2609	0	-0.002	0	0	0	-0.002	0	0
2611	0	-0.0005	0	0	0	-0.0005	0	0
2612	0	0	0	0	0	0	0	0
2614	0	0.0005	0	0	0	0.0005	0	0
2618	0	0.002	-1e-05	0	0	0.002	-1e-05	0
2620	0	0.003	0	0	0	0.003	0	0
2621	0	0.004	-1e-05	0	0	0.004	-1e-05	0
2647	0.25	-0.0205	2e-05	0	0.25	-0.0205	2e-05	0
2651	0.25	-0.018	1e-05	0	0.25	-0.018	1e-05	0
2655	0.25	-0.0165	2e-05	0	0.25	-0.0165	2e-05	0
2656	0.25	-0.016	2e-05	0	0.25	-0.016	2e-05	0
2658	0.25	-0.015	2e-05	0	0.25	-0.015	2e-05	0
2660	0.25	-0.0145	2e-05	0	0.25	-0.0145	2e-05	0
2661	0.25	-0.014	1e-05	0	0.25	-0.014	1e-05	0
2664	0.25	-0.0135	1e-05	0	0.25	-0.0135	1e-05	0
2665	0.25	-0.013	1e-05	0	0.25	-0.013	1e-05	0
2666	0.25	-0.013	2e-05	0	0.25	-0.013	2e-05	0
2667	0.25	-0.0125	2e-05	0	0.25	-0.0125	2e-05	0
2669	0.25	-0.012	1e-05	0	0.25	-0.012	1e-05	0
2670	0.25	-0.0115	1e-05	0	0.25	-0.0115	1e-05	0
2672	0.25	-0.011	1e-05	0	0.25	-0.011	1e-05	0
2677	0.25	-0.009	2e-05	0	0.25	-0.009	2e-05	0
2683	0.25	-0.007	1e-05	0	0.25	-0.007	1e-05	0
2684	0.25	-0.0065	0	0	0.25	-0.0065	0	0
2685	0.25	-0.0065	1e-05	0	0.25	-0.0065	1e-05	0
2686	0.25	-0.006	0	0	0.25	-0.006	0	0
2687	0.25	-0.0055	1e-05	0	0.25	-0.0055	1e-05	0
2688	0.25	-0.004	0	0	0.25	-0.004	0	0
2689	0.25	-0.004	1e-05	0	0.25	-0.004	1e-05	0
2690	0.25	-0.0035	0	0	0.25	-0.0035	0	0
2691	0.25	-0.0025	0	0	0.25	-0.0025	0	0
2692	0.25	-0.002	-1e-05	0	0.25	-0.002	-1e-05	0
2693	0.25	-0.002	0	0	0.25	-0.002	0	0
2695	0.25	-0.0015	0	0	0.25	-0.0015	0	0
2696	0.25	-0.001	0	0	0.25	-0.001	0	0
2697	0.25	-0.0005	0	0	0.25	-0.0005	0	0
2700	0.25	0.0005	0	0	0.25	0.0005	0	0
2701	0.25	0.001	-1e-05	0	0.25	0.001	-1e-05	0
2709	0.25	0.004	-1e-05	0	0.25	0.004	-1e-05	0
2747	0.5	-0.018	3e-05	0	0.5	-0.018	3e-05	0
2748	0.5	-0.0175	2e-05	0	0.5	-0.0175	2e-05	0
2749	0.5	-0.017	2e-05	0	0.5	-0.017	2e-05	0
2750	0.5	-0.0165	2e-05	0	0.5	-0.0165	2e-05	0
2751	0.5	-0.016	2e-05	0	0.5	-0.016	2e-05	0
2753	0.5	-0.0155	0	0	0.5	-0.0155	0	0
2755	0.5	-0.015	1e-05	0	0.5	-0.015	1e-05	0
2756	0.5	-0.015	2e-05	0	0.5	-0.015	2e-05	0
2760	0.5	-0.0125	1e-05	0	0.5	-0.0125	1e-05	0
2761	0.5	-0.0125	2e-05	0	0.5	-0.0125	2e-05	0
2762	0.5	-0.012	1e-05	0	0.5	-0.012	1e-05	0
2763	0.5	-0.0115	1e-05	0	0.5	-0.0115	1e-05	0
2776	0.5	-0.0075	1e-05	0	0.5	-0.0075	1e-05	0
2778	0.5	-0.0065	0	0	0.5	-0.0065	0	0
2779	0.5	-0.0065	1e-05	0	0.5	-0.0065	1e-05	0
2781	0.5	-0.0055	1e-05	0	0.5	-0.0055	1e-05	0
2783	0.5	-0.005	1e-05	0	0.5	-0.005	1e-05	0
2787	0.5	-0.004	0	0	0.5	-0.004	0	0
2789	0.5	-0.0035	0	0	0.5	-0.0035	0	0
2790	0.5	-0.003	1e-05	0	0.5	-0.003	1e-05	0
2791	0.5	-0.0025	0	0	0.5	-0.0025	0	0
2793	0.5	-0.002	0	0	0.5	-0.002	0	0
2794	0.5	-0.001	-1e-05	0	0.5	-0.001	-1e-05	0
2795	0.5	-0.001	0	0	0.5	-0.001	0	0
2797	0.5	-0.0005	0	0	0.5	-0.0005	0	0
2800	0.5	0.0005	-1e-05	0	0.5	0.0005	-1e-05	0
2803	0.5	0.003	-1e-05	0	0.5	0.003	-1e-05	0
2823	0.75	-0.032	3e-05	0	0.75	-0.032	3e-05	0
2826	0.75	-0.0285	4e-05	0	0.75	-0.0285	4e-05	0
2838	0.75	-0.023	3e-05	0	0.75	-0.023	3e-05	0
2839	0.75	-0.0225	2e-05	0	0.75	-0.0225	2e-05	0
2853	0.75	-0.016	2e-05	0	0.75	-0.016	2e-05	0
2854	0.75	-0.0155	2e-05	0	0.75	-0.0155	2e-05	0
2855	0.75	-0.015	2e-05	0	0.75	-0.015	2e-05	0
2856	0.75	-0.014	1e-05	0	0.75	-0.014	1e-05	0
2857	0.75	-0.0135	1e-05	0	0.75	-0.0135	1e-05	0
2858	0.75	-0.0135	2e-05	0	0.75	-0.0135	2e-05	0
2859	0.75	-0.013	1e-05	0	0.75	-0.013	1e-05	0
2861	0.75	-0.0125	1e-05	0	0.75	-0.0125	1e-05	0
2863	0.75	-0.012	1e-05	0	0.75	-0.012	1e-05	0
2867	0.75	-0.01	0	0	0.75	-0.01	0	0
2869	0.75	-0.01	2e-05	0	0.75	-0.01	2e-05	0
2872	0.75	-0.008	1e-05	0	0.75	-0.008	1e-05	0
2874	0.75	-0.007	0	0	0.75	-0.007	0	0
2877	0.75	-0.0065	1e-05	0	0.75	-0.0065	1e-05	0
2878	0.75	-0.006	0	0	0.75	-0.006	0	0
2880	0.75	-0.0055	0	0	0.75	-0.0055	0	0
2881	0.75	-0.0055	2e-05	0	0.75	-0.0055	2e-05	0
2883	0.75	-0.004	1e-05	0	0.75	-0.004	1e-05	0
2884	0.75	-0.0035	0	0	0.75	-0.0035	0	0
2885	0.75	-0.003	0	0	0.75	-0.003	0	0
2886	0.75	-0.0025	0	0	0.75	-0.0025	0	0
2888	0.75	-0.0015	0	0	0.75	-0.0015	0	0
2890	0.75	-0.001	0	0	0.75	-0.001	0	0
2916	1	-0.028	4e-05	0	1	-0.028	4e-05	0
2920	1	-0.025	3e-05	0	1	-0.025	3e-05	0
2923	1	-0.0235	3e-05	0	1	-0.0235	3e-05	0
2926	1	-0.022	2e-05	0	1	-0.022	2e-05	0
2931	1	-0.0195	3e-05	0	1	-0.0195	3e-05	0
2932	1	-0.0185	2e-05	0	1	-0.0185	2e-05	0
2934	1	-0.0175	2e-05	0	1	-0.0175	2e-05	0
2936	1	-0.017	2e-05	0	1	-0.017	2e-05	0
2938	1	-0.0165	3e-05	0	1	-0.0165	3e-05	0
2940	1	-0.015	2e-05	0	1	-0.015	2e-05	0
2941	1	-0.0145	1e-05	0	1	-0.0145	1e-05	0
2944	1	-0.014	1e-05	0	1	-0.014	1e-05	0
2945	1	-0.014	2e-05	0	1	-0.014	2e-05	0
2948	1	-0.0125	1e-05	0	1	-0.0125	1e-05	0
2950	1	-0.012	2e-05	0	1	-0.012	2e-05	0
2952	1	-0.011	2e-05	0	1	-0.011	2e-05	0
2958	1	-0.009	1e-05	0	1	-0.009	1e-05	0
2960	1	-0.0085	1e-05	0	1	-0.0085	1e-05	0
2961	1	-0.008	0	0	1	-0.008	0	0
2962	1	-0.008	1e-05	0	1	-0.008	1e-05	0
2963	1	-0.0075	1e-05	0	1	-0.0075	1e-05	0
2964	1	-0.007	0	0	1	-0.007	0	0
2965	1	-0.007	1e-05	0	1	-0.007	1e-05	0
2967	1	-0.0065	0	0	1	-0.0065	0	0
2968	1	-0.006	1e-05	0	1	-0.006	1e-05	0
2979	1	-0.0015	0	0	1	-0.0015	0	0
2998	1.25	-0.0295	4e-05	0	1.25	-0.0295	4e-05	0
3004	1.25	-0.026	3e-05	0	1.25	-0.026	3e-05	0
3014	1.25	-0.02	2e-05	0	1.25	-0.02	2e-05	0
3016	1.25	-0.019	2e-05	0	1.25	-0.019	2e-05	0
3017	1.25	-0.0185	2e-05	0	1.25	-0.0185	2e-05	0
3018	1.25	-0.018	1e-05	0	1.25	-0.018	1e-05	0
3019	1.25	-0.018	2e-05	0	1.25	-0.018	2e-05	0
3020	1.25	-0.0175	2e-05	0	1.25	-0.0175	2e-05	0
3021	1.25	-0.017	2e-05	0	1.25	-0.017	2e-05	0
3024	1.25	-0.0165	2e-05	0	1.25	-0.0165	2e-05	0
3025	1.25	-0.016	1e-05	0	1.25	-0.016	1e-05	0
3031	1.25	-0.0145	2e-05	0	1.25	-0.0145	2e-05	0
3032	1.25	-0.014	1e-05	0	1.25	-0.014	1e-05	0
3033	1.25	-0.0135	1e-05	0	1.25	-0.0135	1e-05	0
3035	1.25	-0.013	1e-05	0	1.25	-0.013	1e-05	0
3036	1.25	-0.013	2e-05	0	1.25	-0.013	2e-05	0
3037	1.25	-0.0125	1e-05	0	1.25	-0.0125	1e-05	0
3042	1.25	-0.01	0	0	1.25	-0.01	0	0
3043	1.25	-0.01	1e-05	0	1.25	-0.01	1e-05	0
3045	1.25	-0.0095	0	0	1.25	-0.0095	0	0
3046	1.25	-0.0095	1e-05	0	1.25	-0.0095	1e-05	0
3048	1.25	-0.009	1e-05	0	1.25	-0.009	1e-05	0
3052	1.25	-0.008	1e-05	0	1.25	-0.008	1e-05	0
3058	1.25	-0.0065	0	0	1.25	-0.0065	0	0
3063	1.25	-0.004	0	0	1.25	-0.004	0	0
3065	1.25	-0.0035	0	0	1.25	-0.0035	0	0
3066	1.25	-0.003	-1e-05	0	1.25	-0.003	-1e-05	0
3067	1.25	-0.003	0	0	1.25	-0.003	0	0
3087	1.5	-0.0345	4e-05	0	1.5	-0.0345	4e-05	0
3093	1.5	-0.0305	4e-05	0	1.5	-0.0305	4e-05	0
3100	1.5	-0.026	3e-05	0	1.5	-0.026	3e-05	0
3102	1.5	-0.024	4e-05	0	1.5	-0.024	4e-05	0
3103	1.5	-0.0235	3e-05	0	1.5	-0.0235	3e-05	0
3106	1.5	-0.022	2e-05	0	1.5	-0.022	2e-05	0
3107	1.5	-0.0215	1e-05	0	1.5	-0.0215	1e-05	0
3108	1.5	-0.021	2e-05	0	1.5	-0.021	2e-05	0
3110	1.5	-0.0205	2e-05	0	1.5	-0.0205	2e-05	0
3112	1.5	-0.02	3e-05	0	1.5	-0.02	3e-05	0
3113	1.5	-0.0195	2e-05	0	1.5	-0.0195	2e-05	0
3115	1.5	-0.019	2e-05	0	1.5	-0.019	2e-05	0
3116	1.5	-0.0185	2e-05	0	1.5	-0.0185	2e-05	0
3117	1.5	-0.0185	3e-05	0	1.5	-0.0185	3e-05	0
3118	1.5	-0.018	2e-05	0	1.5	-0.018	2e-05	0
3119	1.5	-0.017	2e-05	0	1.5	-0.017	2e-05	0
3120	1.5	-0.016	2e-05	0	1.5	-0.016	2e-05	0
3122	1.5	-0.0155	1e-05	0	1.5	-0.0155	1e-05	0
3123	1.5	-0.0155	2e-05	0	1.5	-0.0155	2e-05	0
3124	1.5	-0.015	1e-05	0	1.5	-0.015	1e-05	0
3126	1.5	-0.0145	1e-05	0	1.5	-0.0145	1e-05	0
3128	1.5	-0.014	0	0	1.5	-0.014	0	0
3129	1.5	-0.014	1e-05	0	1.5	-0.014	1e-05	0
3130	1.5	-0.0135	2e-05	0	1.5	-0.0135	2e-05	0
3132	1.5	-0.0125	1e-05	0	1.5	-0.0125	1e-05	0
3133	1.5	-0.0125	2e-05	0	1.5	-0.0125	2e-05	0
3134	1.5	-0.012	1e-05	0	1.5	-0.012	1e-05	0
3135	1.5	-0.012	2e-05	0	1.5	-0.012	2e-05	0
3136	1.5	-0.0115	1e-05	0	1.5	-0.0115	1e-05	0
3139	1.5	-0.011	1e-05	0	1.5	-0.011	1e-05	0
3140	1.5	-0.0105	1e-05	0	1.5	-0.0105	1e-05	0
3142	1.5	-0.01	1e-05	0	1.5	-0.01	1e-05	0
3144	1.5	-0.0095	1e-05	0	1.5	-0.0095	1e-05	0
3148	1.5	-0.0075	0	0	1.5	-0.0075	0	0
3156	1.5	-0.0045	0	0	1.5	-0.0045	0	0
3173	1.75	-0.032	4e-05	0	1.75	-0.032	4e-05	0
3175	1.75	-0.03	3e-05	0	1.75	-0.03	3e-05	0
3177	1.75	-0.029	3e-05	0	1.75	-0.029	3e-05	0
3183	1.75	-0.0265	3e-05	0	1.75	-0.0265	3e-05	0
3186	1.75	-0.0255	2e-05	0	1.75	-0.0255	2e-05	0
3190	1.75	-0.022	1e-05	0	1.75	-0.022	1e-05	0
3191	1.75	-0.022	2e-05	0	1.75	-0.022	2e-05	0
3196	1.75	-0.0205	2e-05	0	1.75	-0.0205	2e-05	0
3198	1.75	-0.02	2e-05	0	1.75	-0.02	2e-05	0
3201	1.75	-0.019	2e-05	0	1.75	-0.019	2e-05	0
3202	1.75	-0.0185	2e-05	0	1.75	-0.0185	2e-05	0
3205	1.75	-0.0175	2e-05	0	1.75	-0.0175	2e-05	0
3209	1.75	-0.0155	1e-05	0	1.75	-0.0155	1e-05	0
3210	1.75	-0.015	1e-05	0	1.75	-0.015	1e-05	0
3211	1.75	-0.0145	1e-05	0	1.75	-0.0145	1e-05	0
3212	1.75	-0.0145	2e-05	0	1.75	-0.0145	2e-05	0
3214	1.75	-0.014	1e-05	0	1.75	-0.014	1e-05	0
3215	1.75	-0.0135	1e-05	0	1.75	-0.0135	1e-05	0
3217	1.75	-0.013	1e-05	0	1.75	-0.013	1e-05	0
3219	1.75	-0.0125	1e-05	0	1.75	-0.0125	1e-05	0
3221	1.75	-0.012	1e-05	0	1.75	-0.012	1e-05	0
3222	1.75	-0.0115	1e-05	0	1.75	-0.0115	1e-05	0
3223	1.75	-0.011	1e-05	0	1.75	-0.011	1e-05	0
3226	1.75	-0.0095	1e-05	0	1.75	-0.0095	1e-05	0
3249	2	-0.0395	4e-05	0	2	-0.0395	4e-05	0
3255	2	-0.0355	4e-05	0	2	-0.0355	4e-05	0
3263	2	-0.03	3e-05	0	2	-0.03	3e-05	0
3264	2	-0.0295	3e-05	0	2	-0.0295	3e-05	0
3265	2	-0.029	2e-05	0	2	-0.029	2e-05	0
3267	2	-0.0285	3e-05	0	2	-0.0285	3e-05	0
3273	2	-0.0255	2e-05	0	2	-0.0255	2e-05	0
3274	2	-0.0255	3e-05	0	2	-0.0255	3e-05	0
3278	2	-0.0245	3e-05	0	2	-0.0245	3e-05	0
3285	2	-0.022	2e-05	0	2	-0.022	2e-05	0
3288	2	-0.0205	2e-05	0	2	-0.0205	2e-05	0
3289	2	-0.0205	3e-05	0	2	-0.0205	3e-05	0
3292	2	-0.019	2e-05	0	2	-0.019	2e-05	0
3293	2	-0.0185	2e-05	0	2	-0.0185	2e-05	0
3295	2	-0.018	2e-05	0	2	-0.018	2e-05	0
3298	2	-0.017	2e-05	0	2	-0.017	2e-05	0
3300	2	-0.0165	2e-05	0	2	-0.0165	2e-05	0
3302	2	-0.016	1e-05	0	2	-0.016	1e-05	0
3303	2	-0.016	2e-05	0	2	-0.016	2e-05	0
3306	2	-0.0145	1e-05	0	2	-0.0145	1e-05	0
3307	2	-0.014	1e-05	0	2	-0.014	1e-05	0
3308	2	-0.014	2e-05	0	2	-0.014	2e-05	0
3310	2	-0.0135	1e-05	0	2	-0.0135	1e-05	0
3312	2	-0.013	1e-05	0	2	-0.013	1e-05	0
3313	2	-0.013	2e-05	0	2	-0.013	2e-05	0
3314	2	-0.0125	1e-05	0	2	-0.0125	1e-05	0
3315	2	-0.012	1e-05	0	2	-0.012	1e-05	0
3318	2	-0.0115	1e-05	0	2	-0.0115	1e-05	0
3319	2	-0.011	1e-05	0	2	-0.011	1e-05	0
3321	2	-0.01	1e-05	0	2	-0.01	1e-05	0
3325	2	-0.009	1e-05	0	2	-0.009	1e-05	0
3328	2	-0.008	0	0	2	-0.008	0	0
3329	2	-0.007	-1e-05	0	2	-0.007	-1e-05	0
3357	2.25	-0.0335	4e-05	0	2.25	-0.0335	4e-05	0
3360	2.25	-0.032	4e-05	0	2.25	-0.032	4e-05	0
3362	2.25	-0.031	3e-05	0	2.25	-0.031	3e-05	0
3369	2.25	-0.0285	4e-05	0	2.25	-0.0285	4e-05	0
3371	2.25	-0.0275	2e-05	0	2.25	-0.0275	2e-05	0
3372	2.25	-0.0275	3e-05	0	2.25	-0.0275	3e-05	0
3377	2.25	-0.026	4e-05	0	2.25	-0.026	4e-05	0
3379	2.25	-0.0255	2e-05	0	2.25	-0.0255	2e-05	0
3382	2.25	-0.025	2e-05	0	2.25	-0.025	2e-05	0
3386	2.25	-0.023	2e-05	0	2.25	-0.023	2e-05	0
3387	2.25	-0.023	3e-05	0	2.25	-0.023	3e-05	0
3388	2.25	-0.022	2e-05	0	2.25	-0.022	2e-05	0
3390	2.25	-0.0215	2e-05	0	2.25	-0.0215	2e-05	0
3392	2.25	-0.021	2e-05	0	2.25	-0.021	2e-05	0
3395	2.25	-0.0205	2e-05	0	2.25	-0.0205	2e-05	0
3396	2.25	-0.02	2e-05	0	2.25	-0.02	2e-05	0
3398	2.25	-0.0195	2e-05	0	2.25	-0.0195	2e-05	0
3400	2.25	-0.019	2e-05	0	2.25	-0.019	2e-05	0
3401	2.25	-0.019	3e-05	0	2.25	-0.019	3e-05	0
3403	2.25	-0.0185	2e-05	0	2.25	-0.0185	2e-05	0
3404	2.25	-0.018	2e-05	0	2.25	-0.018	2e-05	0
3406	2.25	-0.017	2e-05	0	2.25	-0.017	2e-05	0
3407	2.25	-0.0165	1e-05	0	2.25	-0.0165	1e-05	0
3409	2.25	-0.016	2e-05	0	2.25	-0.016	2e-05	0
3412	2.25	-0.015	1e-05	0	2.25	-0.015	1e-05	0
3416	2.25	-0.014	1e-05	0	2.25	-0.014	1e-05	0
3418	2.25	-0.0135	2e-05	0	2.25	-0.0135	2e-05	0
3419	2.25	-0.013	1e-05	0	2.25	-0.013	1e-05	0
3422	2.25	-0.012	1e-05	0	2.25	-0.012	1e-05	0
3426	2.25	-0.01	0	0	2.25	-0.01	0	0
3435	2.5	-0.051	6e-05	0	2.5	-0.051	6e-05	0
3452	2.5	-0.0315	3e-05	0	2.5	-0.0315	3e-05	0
3453	2.5	-0.03	3e-05	0	2.5	-0.03	3e-05	0
3459	2.5	-0.0275	3e-05	0	2.5	-0.0275	3e-05	0
3460	2.5	-0.0265	4e-05	0	2.5	-0.0265	4e-05	0
3467	2.5	-0.023	2e-05	0	2.5	-0.023	2e-05	0
3468	2.5	-0.023	3e-05	0	2.5	-0.023	3e-05	0
3469	2.5	-0.0225	2e-05	0	2.5	-0.0225	2e-05	0
3473	2.5	-0.0205	2e-05	0	2.5	-0.0205	2e-05	0
3475	2.5	-0.02	2e-05	0	2.5	-0.02	2e-05	0
3478	2.5	-0.0195	2e-05	0	2.5	-0.0195	2e-05	0
3479	2.5	-0.019	2e-05	0	2.5	-0.019	2e-05	0
3481	2.5	-0.0185	2e-05	0	2.5	-0.0185	2e-05	0
3482	2.5	-0.018	1e-05	0	2.5	-0.018	1e-05	0
3490	2.5	-0.016	2e-05	0	2.5	-0.016	2e-05	0
3493	2.5	-0.015	1e-05	0	2.5	-0.015	1e-05	0
3495	2.5	-0.014	1e-05	0	2.5	-0.014	1e-05	0
3498	2.5	-0.013	1e-05	0	2.5	-0.013	1e-05	0
3502	2.5	-0.012	1e-05	0	2.5	-0.012	1e-05	0
3503	2.5	-0.0115	1e-05	0	2.5	-0.0115	1e-05	0
3526	2.75	-0.0355	4e-05	0	2.75	-0.0355	4e-05	0
3536	2.75	-0.0315	4e-05	0	2.75	-0.0315	4e-05	0
3538	2.75	-0.0305	4e-05	0	2.75	-0.0305	4e-05	0
3540	2.75	-0.0295	3e-05	0	2.75	-0.0295	3e-05	0
3541	2.75	-0.0295	4e-05	0	2.75	-0.0295	4e-05	0
3542	2.75	-0.029	3e-05	0	2.75	-0.029	3e-05	0
3551	2.75	-0.0265	3e-05	0	2.75	-0.0265	3e-05	0
3554	2.75	-0.0255	3e-05	0	2.75	-0.0255	3e-05	0
3555	2.75	-0.025	2e-05	0	2.75	-0.025	2e-05	0
3560	2.75	-0.0235	2e-05	0	2.75	-0.0235	2e-05	0
3562	2.75	-0.0225	2e-05	0	2.75	-0.0225	2e-05	0
3564	2.75	-0.022	2e-05	0	2.75	-0.022	2e-05	0
3566	2.75	-0.0215	1e-05	0	2.75	-0.0215	1e-05	0
3567	2.75	-0.0215	2e-05	0	2.75	-0.0215	2e-05	0
3572	2.75	-0.02	2e-05	0	2.75	-0.02	2e-05	0
3576	2.75	-0.018	2e-05	0	2.75	-0.018	2e-05	0
3581	2.75	-0.016	1e-05	0	2.75	-0.016	1e-05	0
3582	2.75	-0.0155	0	0	2.75	-0.0155	0	0
3583	2.75	-0.0155	1e-05	0	2.75	-0.0155	1e-05	0
3608	3	-0.0385	5e-05	0	3	-0.0385	5e-05	0
3614	3	-0.031	3e-05	0	3	-0.031	3e-05	0
3617	3	-0.03	3e-05	0	3	-0.03	3e-05	0
3625	3	-0.0275	2e-05	0	3	-0.0275	2e-05	0
3628	3	-0.027	3e-05	0	3	-0.027	3e-05	0
3635	3	-0.0255	2e-05	0	3	-0.0255	2e-05	0
3641	3	-0.024	2e-05	0	3	-0.024	2e-05	0
3643	3	-0.0235	2e-05	0	3	-0.0235	2e-05	0
3645	3	-0.023	3e-05	0	3	-0.023	3e-05	0
3647	3	-0.0225	2e-05	0	3	-0.0225	2e-05	0
3653	3	-0.0205	2e-05	0	3	-0.0205	2e-05	0
3655	3	-0.0195	2e-05	0	3	-0.0195	2e-05	0
3661	3	-0.0175	2e-05	0	3	-0.0175	2e-05	0
3662	3	-0.0165	1e-05	0	3	-0.0165	1e-05	0
3664	3	-0.0155	1e-05	0	3	-0.0155	1e-05	0
3672	3.25	-0.0505	6e-05	0	3.25	-0.0505	6e-05	0
3680	3.25	-0.0425	5e-05	0	3.25	-0.0425	5e-05	0
3687	3.25	-0.039	5e-05	0	3.25	-0.039	5e-05	0
3692	3.25	-0.0355	4e-05	0	3.25	-0.0355	4e-05	0
3705	3.25	-0.0295	3e-05	0	3.25	-0.0295	3e-05	0
3707	3.25	-0.0285	3e-05	0	3.25	-0.0285	3e-05	0
3719	3.25	-0.0235	2e-05	0	3.25	-0.0235	2e-05	0
3720	3.25	-0.0235	3e-05	0	3.25	-0.0235	3e-05	0
3723	3.25	-0.0215	2e-05	0	3.25	-0.0215	2e-05	0
3725	3.25	-0.0195	2e-05	0	3.25	-0.0195	2e-05	0
3727	3.25	-0.019	2e-05	0	3.25	-0.019	2e-05	0
3728	3.25	-0.0185	1e-05	0	3.25	-0.0185	1e-05	0
3731	3.25	-0.0175	2e-05	0	3.25	-0.0175	2e-05	0
3733	3.25	-0.0165	1e-05	0	3.25	-0.0165	1e-05	0
3763	3.5	-0.034	4e-05	0	3.5	-0.034	4e-05	0
3765	3.5	-0.033	3e-05	0	3.5	-0.033	3e-05	0
3772	3.5	-0.0305	4e-05	0	3.5	-0.0305	4e-05	0
3776	3.5	-0.029	3e-05	0	3.5	-0.029	3e-05	0
3779	3.5	-0.0275	3e-05	0	3.5	-0.0275	3e-05	0
3784	3.5	-0.024	2e-05	0	3.5	-0.024	2e-05	0
3788	3.5	-0.023	2e-05	0	3.5	-0.023	2e-05	0
3789	3.5	-0.023	3e-05	0	3.5	-0.023	3e-05	0
3792	3.5	-0.0215	2e-05	0	3.5	-0.0215	2e-05	0
3795	3.5	-0.02	2e-05	0	3.5	-0.02	2e-05	0
3812	3.75	-0.049	5e-05	0	3.75	-0.049	5e-05	0
3823	3.75	-0.0435	5e-05	0	3.75	-0.0435	5e-05	0
3832	3.75	-0.0385	4e-05	0	3.75	-0.0385	4e-05	0
3838	3.75	-0.036	3e-05	0	3.75	-0.036	3e-05	0
3843	3.75	-0.0345	3e-05	0	3.75	-0.0345	3e-05	0
3850	3.75	-0.032	4e-05	0	3.75	-0.032	4e-05	0
3856	3.75	-0.0285	3e-05	0	3.75	-0.0285	3e-05	0
3858	3.75	-0.028	3e-05	0	3.75	-0.028	3e-05	0
3860	3.75	-0.0265	2e-05	0	3.75	-0.0265	2e-05	0
3862	3.75	-0.0265	4e-05	0	3.75	-0.0265	4e-05	0
3865	3.75	-0.0255	3e-05	0	3.75	-0.0255	3e-05	0
3866	3.75	-0.025	3e-05	0	3.75	-0.025	3e-05	0
3869	3.75	-0.023	2e-05	0	3.75	-0.023	2e-05	0
3870	3.75	-0.0225	2e-05	0	3.75	-0.0225	2e-05	0
3890	4	-0.0445	5e-05	0	4	-0.0445	5e-05	0
3899	4	-0.038	4e-05	0	4	-0.038	4e-05	0
3905	4	-0.0345	3e-05	0	4	-0.0345	3e-05	0
3908	4	-0.033	3e-05	0	4	-0.033	3e-05	0
3911	4	-0.031	3e-05	0	4	-0.031	3e-05	0
3913	4	-0.0305	2e-05	0	4	-0.0305	2e-05	0
3919	4	-0.028	2e-05	0	4	-0.028	2e-05	0
3924	4	-0.026	2e-05	0	4	-0.026	2e-05	0
3927	4	-0.0255	3e-05	0	4	-0.0255	3e-05	0
3928	4	-0.025	2e-05	0	4	-0.025	2e-05	0
3929	4	-0.024	2e-05	0	4	-0.024	2e-05	0
3968	4.25	-0.0375	4e-05	0	4.25	-0.0375	4e-05	0
3970	4.25	-0.037	3e-05	0	4.25	-0.037	3e-05	0
3971	4.25	-0.037	4e-05	0	4.25	-0.037	4e-05	0
3975	4.25	-0.036	4e-05	0	4.25	-0.036	4e-05	0
3983	4.25	-0.0335	3e-05	0	4.25	-0.0335	3e-05	0
3986	4.25	-0.0315	3e-05	0	4.25	-0.0315	3e-05	0
3990	4.25	-0.03	3e-05	0	4.25	-0.03	3e-05	0
3996	4.25	-0.028	2e-05	0	4.25	-0.028	2e-05	0
4004	4.25	-0.026	2e-05	0	4.25	-0.026	2e-05	0
4027	4.5	-0.0435	5e-05	0	4.5	-0.0435	5e-05	0
4034	4.5	-0.039	4e-05	0	4.5	-0.039	4e-05	0
4036	4.5	-0.038	4e-05	0	4.5	-0.038	4e-05	0
4039	4.5	-0.037	3e-05	0	4.5	-0.037	3e-05	0
4043	4.5	-0.0355	2e-05	0	4.5	-0.0355	2e-05	0
4048	4.5	-0.033	3e-05	0	4.5	-0.033	3e-05	0
4054	4.5	-0.03	3e-05	0	4.5	-0.03	3e-05	0
4058	4.5	-0.0275	3e-05	0	4.5	-0.0275	3e-05	0
4059	4.5	-0.0265	2e-05	0	4.5	-0.0265	2e-05	0
4080	4.75	-0.049	5e-05	0	4.75	-0.049	5e-05	0
4085	4.75	-0.046	4e-05	0	4.75	-0.046	4e-05	0
4090	4.75	-0.043	4e-05	0	4.75	-0.043	4e-05	0
4093	4.75	-0.0425	4e-05	0	4.75	-0.0425	4e-05	0
4096	4.75	-0.0405	4e-05	0	4.75	-0.0405	4e-05	0
4101	4.75	-0.038	4e-05	0	4.75	-0.038	4e-05	0
4110	4.75	-0.0345	3e-05	0	4.75	-0.0345	3e-05	0
4114	4.75	-0.033	3e-05	0	4.75	-0.033	3e-05	0
4115	4.75	-0.0325	3e-05	0	4.75	-0.0325	3e-05	0
4116	4.75	-0.032	4e-05	0	4.75	-0.032	4e-05	0
4118	4.75	-0.0315	3e-05	0	4.75	-0.0315	3e-05	0
4128	5	-0.0565	6e-05	0	5	-0.0565	6e-05	0
4134	5	-0.0495	5e-05	0	5	-0.0495	5e-05	0
4139	5	-0.0445	5e-05	0	5	-0.0445	5e-05	0
4148	5	-0.042	4e-05	0	5	-0.042	4e-05	0
4151	5	-0.041	4e-05	0	5	-0.041	4e-05	0
4152	5	-0.0405	4e-05	0	5	-0.0405	4e-05	0
4190	5.25	-0.049	5e-05	0	5.25	-0.049	5e-05	0
4195	5.25	-0.0445	5e-05	0	5.25	-0.0445	5e-05	0
4197	5.25	-0.0435	4e-05	0	5.25	-0.0435	4e-05	0
4200	5.25	-0.042	3e-05	0	5.25	-0.042	3e-05	0
4204	5.25	-0.0405	3e-05	0	5.25	-0.0405	3e-05	0
4205	5.25	-0.0385	4e-05	0	5.25	-0.0385	4e-05	0
4208	5.25	-0.037	5e-05	0	5.25	-0.037	5e-05	0
4211	5.25	-0.0345	4e-05	0	5.25	-0.0345	4e-05	0
4213	5.25	-0.033	3e-05	0	5.25	-0.033	3e-05	0
4235	5.5	-0.0505	6e-05	0	5.5	-0.0505	6e-05	0
4242	5.5	-0.0425	3e-05	0	5.5	-0.0425	3e-05	0
4243	5.5	-0.0425	5e-05	0	5.5	-0.0425	5e-05	0
4250	5.5	-0.0385	4e-05	0	5.5	-0.0385	4e-05	0
4254	5.5	-0.0365	4e-05	0	5.5	-0.0365	4e-05	0
4265	5.75	-0.0615	6e-05	0	5.75	-0.0615	6e-05	0
4294	5.75	-0.045	4e-05	0	5.75	-0.045	4e-05	0
4295	5.75	-0.044	4e-05	0	5.75	-0.044	4e-05	0
4303	5.75	-0.037	3e-05	0	5.75	-0.037	3e-05	0
4319	6	-0.0575	6e-05	0	6	-0.0575	6e-05	0
4324	6	-0.0535	6e-05	0	6	-0.0535	6e-05	0
4338	6	-0.045	4e-05	0	6	-0.045	4e-05	0
4340	6	-0.0415	4e-05	0	6	-0.0415	4e-05	0
4355	6.25	-0.0615	6e-05	0	6.25	-0.0615	6e-05	0
4363	6.25	-0.054	5e-05	0	6.25	-0.054	5e-05	0
4370	6.25	-0.0505	5e-05	0	6.25	-0.0505	5e-05	0
4371	6.25	-0.0505	6e-05	0	6.25	-0.0505	6e-05	0
4376	6.25	-0.047	5e-05	0	6.25	-0.047	5e-05	0
4387	6.5	-0.063	7e-05	0	6.5	-0.063	7e-05	0
4461	-9	0.0225	-1e-05	0	-9	0.0225	-1e-05	0
4478	-9	0.0325	-3e-05	0	-9	0.0325	-3e-05	0
4480	-9	0.035	-3e-05	0	-9	0.035	-3e-05	0
4505	-8.75	0.023	-1e-05	0	-8.75	0.023	-1e-05	0
4544	-8.5	0.024	-2e-05	0	-8.5	0.024	-2e-05	0
4549	-8.5	0.026	-1e-05	0	-8.5	0.026	-1e-05	0
4553	-8.5	0.028	-3e-05	0	-8.5	0.028	-3e-05	0
4557	-8.5	0.0295	-2e-05	0	-8.5	0.0295	-2e-05	0
4598	-8.25	0.027	-2e-05	0	-8.25	0.027	-2e-05	0
4604	-8.25	0.0315	-3e-05	0	-8.25	0.0315	-3e-05	0
4605	-8.25	0.032	-3e-05	0	-8.25	0.032	-3e-05	0
4612	-8.25	0.037	-4e-05	0	-8.25	0.037	-4e-05	0
4615	-8.25	0.0435	-5e-05	0	-8.25	0.0435	-5e-05	0
4624	-8	0.0125	0	0	-8	0.0125	0	0
4638	-8	0.0255	-2e-05	0	-8	0.0255	-2e-05	0
4640	-8	0.0265	-2e-05	0	-8	0.0265	-2e-05	0
4643	-8	0.028	-2e-05	0	-8	0.028	-2e-05	0
4646	-8	0.0295	-2e-05	0	-8	0.0295	-2e-05	0
4647	-8	0.03	-3e-05	0	-8	0.03	-3e-05	0
4652	-8	0.0325	-3e-05	0	-8	0.0325	-3e-05	0
4653	-8	0.0325	-2e-05	0	-8	0.0325	-2e-05	0
4681	-7.75	0.0165	-1e-05	0	-7.75	0.0165	-1e-05	0
4682	-7.75	0.0175	-1e-05	0	-7.75	0.0175	-1e-05	0
4685	-7.75	0.02	-3e-05	0	-7.75	0.02	-3e-05	0
4703	-7.75	0.031	-3e-05	0	-7.75	0.031	-3e-05	0
4705	-7.75	0.0315	-3e-05	0	-7.75	0.0315	-3e-05	0
4714	-7.75	0.0405	-5e-05	0	-7.75	0.0405	-5e-05	0
4729	-7.5	0.014	0	0	-7.5	0.014	0	0
4732	-7.5	0.016	-1e-05	0	-7.5	0.016	-1e-05	0
4736	-7.5	0.019	-2e-05	0	-7.5	0.019	-2e-05	0
4744	-7.5	0.0225	-3e-05	0	-7.5	0.0225	-3e-05	0
4745	-7.5	0.0225	-2e-05	0	-7.5	0.0225	-2e-05	0
4747	-7.5	0.023	-1e-05	0	-7.5	0.023	-1e-05	0
4750	-7.5	0.0245	-2e-05	0	-7.5	0.0245	-2e-05	0
4753	-7.5	0.025	-2e-05	0	-7.5	0.025	-2e-05	0
4763	-7.5	0.0335	-3e-05	0	-7.5	0.0335	-3e-05	0
4765	-7.5	0.0345	-3e-05	0	-7.5	0.0345	-3e-05	0
4774	-7.25	-0.0015	1e-05	0	-7.25	-0.0015	1e-05	0
4784	-7.25	0.0085	0	0	-7.25	0.0085	0	0
4792	-7.25	0.0135	0	0	-7.25	0.0135	0	0
4794	-7.25	0.016	-1e-05	0	-7.25	0.016	-1e-05	0
4800	-7.25	0.019	-2e-05	0	-7.25	0.019	-2e-05	0
4805	-7.25	0.0215	-1e-05	0	-7.25	0.0215	-1e-05	0
4811	-7.25	0.0255	-2e-05	0	-7.25	0.0255	-2e-05	0
4814	-7.25	0.027	-2e-05	0	-7.25	0.027	-2e-05	0
4847	-7	0.017	-1e-05	0	-7	0.017	-1e-05	0
4864	-7	0.0275	-2e-05	0	-7	0.0275	-2e-05	0
4897	-6.75	0.013	-1e-05	0	-6.75	0.013	-1e-05	0
4899	-6.75	0.014	-1e-05	0	-6.75	0.014	-1e-05	0
4916	-6.75	0.0235	-2e-05	0	-6.75	0.0235	-2e-05	0
4920	-6.75	0.0265	-2e-05	0	-6.75	0.0265	-2e-05	0
4926	-6.75	0.0305	-4e-05	0	-6.75	0.0305	-4e-05	0
4938	-6.5	-0.0045	2e-05	0	-6.5	-0.0045	2e-05	0
4952	-6.5	0.0085	0	0	-6.5	0.0085	0	0
4954	-6.5	0.0095	0	0	-6.5	0.0095	0	0
4965	-6.5	0.017	-2e-05	0	-6.5	0.017	-2e-05	0
4968	-6.5	0.018	-1e-05	0	-6.5	0.018	-1e-05	0
4971	-6.5	0.0195	-2e-05	0	-6.5	0.0195	-2e-05	0
4972	-6.5	0.0205	-2e-05	0	-6.5	0.0205	-2e-05	0
4973	-6.5	0.0205	-1e-05	0	-6.5	0.0205	-1e-05	0
4975	-6.5	0.021	-2e-05	0	-6.5	0.021	-2e-05	0
4977	-6.5	0.0215	-2e-05	0	-6.5	0.0215	-2e-05	0
4980	-6.5	0.022	-1e-05	0	-6.5	0.022	-1e-05	0
4981	-6.5	0.023	-2e-05	0	-6.5	0.023	-2e-05	0
5015	-6.25	0.001	0	0	-6.25	0.001	0	0
5021	-6.25	0.0055	0	0	-6.25	0.0055	0	0
5022	-6.25	0.0065	0	0	-6.25	0.0065	0	0
5045	-6.25	0.0165	0	0	-6.25	0.0165	0	0
5048	-6.25	0.018	-1e-05	0	-6.25	0.018	-1e-05	0
5049	-6.25	0.0185	-2e-05	0	-6.25	0.0185	-2e-05	0
5051	-6.25	0.0195	-2e-05	0	-6.25	0.0195	-2e-05	0
5052	-6.25	0.02	-1e-05	0	-6.25	0.02	-1e-05	0
5056	-6.25	0.021	-1e-05	0	-6.25	0.021	-1e-05	0
5058	-6.25	0.0225	-2e-05	0	-6.25	0.0225	-2e-05	0
5059	-6.25	0.023	-2e-05	0	-6.25	0.023	-2e-05	0
5061	-6.25	0.0235	-2e-05	0	-6.25	0.0235	-2e-05	0
5066	-6.25	0.025	-2e-05	0	-6.25	0.025	-2e-05	0
5069	-6.25	0.0265	-2e-05	0	-6.25	0.0265	-2e-05	0
5070	-6.25	0.027	-4e-05	0	-6.25	0.027	-4e-05	0
5074	-6.25	0.0295	-3e-05	0	-6.25	0.0295	-3e-05	0
5079	-6	-0.013	3e-05	0	-6	-0.013	3e-05	0
5093	-6	0.0035	0	0	-6	0.0035	0	0
5100	-6	0.008	0	0	-6	0.008	0	0
5102	-6	0.0095	0	0	-6	0.0095	0	0
5104	-6	0.011	0	0	-6	0.011	0	0
5114	-6	0.016	-1e-05	0	-6	0.016	-1e-05	0
5121	-6	0.0195	-2e-05	0	-6	0.0195	-2e-05	0
5122	-6	0.02	-2e-05	0	-6	0.02	-2e-05	0
5130	-6	0.024	-2e-05	0	-6	0.024	-2e-05	0
5133	-6	0.027	-3e-05	0	-6	0.027	-3e-05	0
5134	-6	0.028	-3e-05	0	-6	0.028	-3e-05	0
5138	-6	0.0325	-4e-05	0	-6	0.0325	-4e-05	0
5166	-5.75	0.0055	1e-05	0	-5.75	0.0055	1e-05	0
5173	-5.75	0.01	0	0	-5.75	0.01	0	0
5175	-5.75	0.0105	1e-05	0	-5.75	0.0105	1e-05	0
5179	-5.75	0.012	0	0	-5.75	0.012	0	0
5181	-5.75	0.013	-2e-05	0	-5.75	0.013	-2e-05	0
5182	-5.75	0.013	-1e-05	0	-5.75	0.013	-1e-05	0
5184	-5.75	0.015	-1e-05	0	-5.75	0.015	-1e-05	0
5194	-5.75	0.019	-3e-05	0	-5.75	0.019	-3e-05	0
5196	-5.75	0.0195	-1e-05	0	-5.75	0.0195	-1e-05	0
5197	-5.75	0.0205	-2e-05	0	-5.75	0.0205	-2e-05	0
5200	-5.75	0.023	-2e-05	0	-5.75	0.023	-2e-05	0
5202	-5.75	0.0245	-2e-05	0	-5.75	0.0245	-2e-05	0
5203	-5.75	0.0265	-3e-05	0	-5.75	0.0265	-3e-05	0
5205	-5.75	0.027	-3e-05	0	-5.75	0.027	-3e-05	0
5210	-5.75	0.0305	-4e-05	0	-5.75	0.0305	-4e-05	0
5211	-5.75	0.032	-4e-05	0	-5.75	0.032	-4e-05	0
5233	-5.5	0.0045	0	0	-5.5	0.0045	0	0
5234	-5.5	0.006	1e-05	0	-5.5	0.006	1e-05	0
5239	-5.5	0.009	1e-05	0	-5.5	0.009	1e-05	0
5251	-5.5	0.0155	-1e-05	0	-5.5	0.0155	-1e-05	0
5254	-5.5	0.0175	-2e-05	0	-5.5	0.0175	-2e-05	0
5255	-5.5	0.0175	-1e-05	0	-5.5	0.0175	-1e-05	0
5256	-5.5	0.02	-2e-05	0	-5.5	0.02	-2e-05	0
5257	-5.5	0.0205	-2e-05	0	-5.5	0.0205	-2e-05	0
5258	-5.5	0.0205	-1e-05	0	-5.5	0.0205	-1e-05	0
5264	-5.5	0.0225	-1e-05	0	-5.5	0.0225	-1e-05	0
5266	-5.5	0.0235	-2e-05	0	-5.5	0.0235	-2e-05	0
5269	-5.5	0.027	-3e-05	0	-5.5	0.027	-3e-05	0
5272	-5.5	0.0295	-3e-05	0	-5.5	0.0295	-3e-05	0
5273	-5.5	0.032	-3e-05	0	-5.5	0.032	-3e-05	0
5295	-5.25	0.0015	0	0	-5.25	0.0015	0	0
5304	-5.25	0.007	0	0	-5.25	0.007	0	0
5316	-5.25	0.0135	-2e-05	0	-5.25	0.0135	-2e-05	0
5319	-5.25	0.014	-1e-05	0	-5.25	0.014	-1e-05	0
5321	-5.25	0.0145	-1e-05	0	-5.25	0.0145	-1e-05	0
5330	-5.25	0.018	-3e-05	0	-5.25	0.018	-3e-05	0
5331	-5.25	0.018	-2e-05	0	-5.25	0.018	-2e-05	0
5333	-5.25	0.019	-2e-05	0	-5.25	0.019	-2e-05	0
5337	-5.25	0.0205	-2e-05	0	-5.25	0.0205	-2e-05	0
5338	-5.25	0.021	-2e-05	0	-5.25	0.021	-2e-05	0
5340	-5.25	0.0215	-2e-05	0	-5.25	0.0215	-2e-05	0
5343	-5.25	0.0225	-2e-05	0	-5.25	0.0225	-2e-05	0
5344	-5.25	0.023	-2e-05	0	-5.25	0.023	-2e-05	0
5346	-5.25	0.0235	-2e-05	0	-5.25	0.0235	-2e-05	0
5348	-5.25	0.0245	-3e-05	0	-5.25	0.0245	-3e-05	0
5349	-5.25	0.026	-3e-05	0	-5.25	0.026	-3e-05	0
5384	-5	0.0005	1e-05	0	-5	0.0005	1e-05	0
5391	-5	0.0055	0	0	-5	0.0055	0	0
5405	-5	0.0165	-1e-05	0	-5	0.0165	-1e-05	0
5407	-5	0.0175	-2e-05	0	-5	0.0175	-2e-05	0
5408	-5	0.0175	-1e-05	0	-5	0.0175	-1e-05	0
5410	-5	0.0185	-2e-05	0	-5	0.0185	-2e-05	0
5411	-5	0.019	-2e-05	0	-5	0.019	-2e-05	0
5413	-5	0.0195	-2e-05	0	-5	0.0195	-2e-05	0
5414	-5	0.02	-2e-05	0	-5	0.02	-2e-05	0
5415	-5	0.0205	-2e-05	0	-5	0.0205	-2e-05	0
5420	-5	0.0225	-2e-05	0	-5	0.0225	-2e-05	0
5450	-4.75	-0.008	3e-05	0	-4.75	-0.008	3e-05	0
5458	-4.75	-0.001	1e-05	0	-4.75	-0.001	1e-05	0
5459	-4.75	0.001	1e-05	0	-4.75	0.001	1e-05	0
5461	-4.75	0.0015	0	0	-4.75	0.0015	0	0
5464	-4.75	0.003	1e-05	0	-4.75	0.003	1e-05	0
5471	-4.75	0.007	-1e-05	0	-4.75	0.007	-1e-05	0
5475	-4.75	0.0095	-1e-05	0	-4.75	0.0095	-1e-05	0
5478	-4.75	0.014	-1e-05	0	-4.75	0.014	-1e-05	0
5480	-4.75	0.0145	-1e-05	0	-4.75	0.0145	-1e-05	0
5482	-4.75	0.015	-1e-05	0	-4.75	0.015	-1e-05	0
5486	-4.75	0.0165	-1e-05	0	-4.75	0.0165	-1e-05	0
5488	-4.75	0.0175	-1e-05	0	-4.75	0.0175	-1e-05	0
5490	-4.75	0.0185	-1e-05	0	-4.75	0.0185	-1e-05	0
5491	-4.75	0.019	-2e-05	0	-4.75	0.019	-2e-05	0
5492	-4.75	0.0195	-2e-05	0	-4.75	0.0195	-2e-05	0
5493	-4.75	0.02	-2e-05	0	-4.75	0.02	-2e-05	0
5494	-4.75	0.02	-1e-05	0	-4.75	0.02	-1e-05	0
5495	-4.75	0.0205	-3e-05	0	-4.75	0.0205	-3e-05	0
5496	-4.75	0.0205	-2e-05	0	-4.75	0.0205	-2e-05	0
5502	-4.75	0.023	-3e-05	0	-4.75	0.023	-3e-05	0
5508	-4.75	0.0265	-4e-05	0	-4.75	0.0265	-4e-05	0
5530	-4.5	0	1e-05	0	-4.5	0	1e-05	0
5533	-4.5	0.002	1e-05	0	-4.5	0.002	1e-05	0
5534	-4.5	0.0025	0	0	-4.5	0.0025	0	0
5535	-4.5	0.0025	1e-05	0	-4.5	0.0025	1e-05	0
5538	-4.5	0.005	0	0	-4.5	0.005	0	0
5539	-4.5	0.006	0	0	-4.5	0.006	0	0
5542	-4.5	0.0085	0	0	-4.5	0.0085	0	0
5548	-4.5	0.0115	-1e-05	0	-4.5	0.0115	-1e-05	0
5550	-4.5	0.012	0	0	-4.5	0.012	0	0
5552	-4.5	0.013	-1e-05	0	-4.5	0.013	-1e-05	0
5555	-4.5	0.0145	-1e-05	0	-4.5	0.0145	-1e-05	0
5561	-4.5	0.0205	-2e-05	0	-4.5	0.0205	-2e-05	0
5575	-4.25	-0.015	3e-05	0	-4.25	-0.015	3e-05	0
5580	-4.25	-0.006	1e-05	0	-4.25	-0.006	1e-05	0
5585	-4.25	-0.0045	2e-05	0	-4.25	-0.0045	2e-05	0
5592	-4.25	0	1e-05	0	-4.25	0	1e-05	0
5593	-4.25	0.001	0	0	-4.25	0.001	0	0
5594	-4.25	0.001	1e-05	0	-4.25	0.001	1e-05	0
5600	-4.25	0.0045	0	0	-4.25	0.0045	0	0
5605	-4.25	0.0065	0	0	-4.25	0.0065	0	0
5609	-4.25	0.008	0	0	-4.25	0.008	0	0
5610	-4.25	0.0085	-1e-05	0	-4.25	0.0085	-1e-05	0
5614	-4.25	0.01	-1e-05	0	-4.25	0.01	-1e-05	0
5615	-4.25	0.0105	-1e-05	0	-4.25	0.0105	-1e-05	0
5618	-4.25	0.011	0	0	-4.25	0.011	0	0
5628	-4.25	0.019	-2e-05	0	-4.25	0.019	-2e-05	0
5629	-4.25	0.0195	-2e-05	0	-4.25	0.0195	-2e-05	0
5631	-4.25	0.0215	-2e-05	0	-4.25	0.0215	-2e-05	0
5632	-4.25	0.0225	-2e-05	0	-4.25	0.0225	-2e-05	0
5653	-4	-0.0075	1e-05	0	-4	-0.0075	1e-05	0
5657	-4	-0.005	2e-05	0	-4	-0.005	2e-05	0
5658	-4	-0.004	1e-05	0	-4	-0.004	1e-05	0
5659	-4	-0.0035	1e-05	0	-4	-0.0035	1e-05	0
5674	-4	0.004	0	0	-4	0.004	0	0
5677	-4	0.0055	0	0	-4	0.0055	0	0
5678	-4	0.0065	0	0	-4	0.0065	0	0
5680	-4	0.007	-1e-05	0	-4	0.007	-1e-05	0
5683	-4	0.0085	0	0	-4	0.0085	0	0
5685	-4	0.0095	-1e-05	0	-4	0.0095	-1e-05	0
5690	-4	0.0105	-1e-05	0	-4	0.0105	-1e-05	0
5692	-4	0.0125	-1e-05	0	-4	0.0125	-1e-05	0
5693	-4	0.0135	-2e-05	0	-4	0.0135	-2e-05	0
5696	-4	0.015	-2e-05	0	-4	0.015	-2e-05	0
5698	-4	0.0155	-1e-05	0	-4	0.0155	-1e-05	0
5699	-4	0.016	-2e-05	0	-4	0.016	-2e-05	0
5702	-4	0.018	-2e-05	0	-4	0.018	-2e-05	0
5703	-4	0.0205	-2e-05	0	-4	0.0205	-2e-05	0
5719	-3.75	-0.013	1e-05	0	-3.75	-0.013	1e-05	0
5740	-3.75	0.0035	0	0	-3.75	0.0035	0	0
5742	-3.75	0.004	0	0	-3.75	0.004	0	0
5743	-3.75	0.0045	0	0	-3.75	0.0045	0	0
5744	-3.75	0.005	0	0	-3.75	0.005	0	0
5745	-3.75	0.0055	-1e-05	0	-3.75	0.0055	-1e-05	0
5746	-3.75	0.006	0	0	-3.75	0.006	0	0
5747	-3.75	0.0065	0	0	-3.75	0.0065	0	0
5748	-3.75	0.007	0	0	-3.75	0.007	0	0
5750	-3.75	0.008	-1e-05	0	-3.75	0.008	-1e-05	0
5752	-3.75	0.0085	0	0	-3.75	0.0085	0	0
5759	-3.75	0.012	-1e-05	0	-3.75	0.012	-1e-05	0
5761	-3.75	0.0125	-1e-05	0	-3.75	0.0125	-1e-05	0
5764	-3.75	0.0145	-2e-05	0	-3.75	0.0145	-2e-05	0
5765	-3.75	0.015	-2e-05	0	-3.75	0.015	-2e-05	0
5769	-3.75	0.017	-2e-05	0	-3.75	0.017	-2e-05	0
5770	-3.75	0.0175	-2e-05	0	-3.75	0.0175	-2e-05	0
5774	-3.75	0.0185	-2e-05	0	-3.75	0.0185	-2e-05	0
5789	-3.5	-0.0145	1e-05	0	-3.5	-0.0145	1e-05	0
5801	-3.5	-0.0045	2e-05	0	-3.5	-0.0045	2e-05	0
5805	-3.5	-0.002	1e-05	0	-3.5	-0.002	1e-05	0
5810	-3.5	0	0	0	-3.5	0	0	0
5811	-3.5	0	1e-05	0	-3.5	0	1e-05	0
5813	-3.5	0.0015	1e-05	0	-3.5	0.0015	1e-05	0
5819	-3.5	0.0035	0	0	-3.5	0.0035	0	0
5820	-3.5	0.004	0	0	-3.5	0.004	0	0
5822	-3.5	0.0045	0	0	-3.5	0.0045	0	0
5825	-3.5	0.0065	-1e-05	0	-3.5	0.0065	-1e-05	0
5827	-3.5	0.007	0	0	-3.5	0.007	0	0
5828	-3.5	0.0075	0	0	-3.5	0.0075	0	0
5829	-3.5	0.008	0	0	-3.5	0.008	0	0
5831	-3.5	0.0095	-1e-05	0	-3.5	0.0095	-1e-05	0
5834	-3.5	0.0115	-1e-05	0	-3.5	0.0115	-1e-05	0
5835	-3.5	0.012	-1e-05	0	-3.5	0.012	-1e-05	0
5836	-3.5	0.0125	-1e-05	0	-3.5	0.0125	-1e-05	0
5837	-3.5	0.013	-1e-05	0	-3.5	0.013	-1e-05	0
5838	-3.5	0.0135	-1e-05	0	-3.5	0.0135	-1e-05	0
5839	-3.5	0.014	-1e-05	0	-3.5	0.014	-1e-05	0
5844	-3.5	0.0155	-1e-05	0	-3.5	0.0155	-1e-05	0
5848	-3.5	0.017	-2e-05	0	-3.5	0.017	-2e-05	0
5849	-3.5	0.0175	-3e-05	0	-3.5	0.0175	-3e-05	0
5854	-3.5	0.0195	-2e-05	0	-3.5	0.0195	-2e-05	0
5857	-3.5	0.0215	-2e-05	0	-3.5	0.0215	-2e-05	0
5860	-3.5	0.0245	-3e-05	0	-3.5	0.0245	-3e-05	0
5891	-3.25	-0.0025	1e-05	0	-3.25	-0.0025	1e-05	0
5896	-3.25	0.0005	1e-05	0	-3.25	0.0005	1e-05	0
5903	-3.25	0.004	0	0	-3.25	0.004	0	0
5905	-3.25	0.005	0	0	-3.25	0.005	0	0
5906	-3.25	0.006	-1e-05	0	-3.25	0.006	-1e-05	0
5908	-3.25	0.007	0	0	-3.25	0.007	0	0
5911	-3.25	0.0085	-1e-05	0	-3.25	0.0085	-1e-05	0
5912	-3.25	0.009	-1e-05	0	-3.25	0.009	-1e-05	0
5913	-3.25	0.0095	-1e-05	0	-3.25	0.0095	-1e-05	0
5914	-3.25	0.0095	0	0	-3.25	0.0095	0	0
5915	-3.25	0.01	-1e-05	0	-3.25	0.01	-1e-05	0
5919	-3.25	0.012	-1e-05	0	-3.25	0.012	-1e-05	0
5921	-3.25	0.0125	-1e-05	0	-3.25	0.0125	-1e-05	0
5922	-3.25	0.013	-1e-05	0	-3.25	0.013	-1e-05	0
5924	-3.25	0.0135	-1e-05	0	-3.25	0.0135	-1e-05	0
5926	-3.25	0.0155	-2e-05	0	-3.25	0.0155	-2e-05	0
5927	-3.25	0.016	-2e-05	0	-3.25	0.016	-2e-05	0
5929	-3.25	0.0165	-1e-05	0	-3.25	0.0165	-1e-05	0
5930	-3.25	0.017	-3e-05	0	-3.25	0.017	-3e-05	0
5934	-3.25	0.0185	-2e-05	0	-3.25	0.0185	-2e-05	0
5958	-3	-0.013	2e-05	0	-3	-0.013	2e-05	0
5972	-3	-0.0005	1e-05	0	-3	-0.0005	1e-05	0
5975	-3	0.0005	1e-05	0	-3	0.0005	1e-05	0
5977	-3	0.0015	0	0	-3	0.0015	0	0
5981	-3	0.003	0	0	-3	0.003	0	0
5983	-3	0.004	1e-05	0	-3	0.004	1e-05	0
5984	-3	0.005	-1e-05	0	-3	0.005	-1e-05	0
5985	-3	0.005	0	0	-3	0.005	0	0
5988	-3	0.006	0	0	-3	0.006	0	0
5996	-3	0.009	-1e-05	0	-3	0.009	-1e-05	0
5999	-3	0.0095	-1e-05	0	-3	0.0095	-1e-05	0
6001	-3	0.0105	-1e-05	0	-3	0.0105	-1e-05	0
6002	-3	0.011	-1e-05	0	-3	0.011	-1e-05	0
6005	-3	0.0125	-1e-05	0	-3	0.0125	-1e-05	0
6007	-3	0.013	-1e-05	0	-3	0.013	-1e-05	0
6009	-3	0.0145	-1e-05	0	-3	0.0145	-1e-05	0
6010	-3	0.0155	-3e-05	0	-3	0.0155	-3e-05	0
6012	-3	0.0165	-2e-05	0	-3	0.0165	-2e-05	0
6013	-3	0.017	-2e-05	0	-3	0.017	-2e-05	0
6015	-3	0.0175	-2e-05	0	-3	0.0175	-2e-05	0
6017	-3	0.018	-2e-05	0	-3	0.018	-2e-05	0
6019	-3	0.019	-2e-05	0	-3	0.019	-2e-05	0
6021	-3	0.0205	-2e-05	0	-3	0.0205	-2e-05	0
6022	-3	0.0225	-3e-05	0	-3	0.0225	-3e-05	0
6035	-2.75	-0.0155	3e-05	0	-2.75	-0.0155	3e-05	0
6037	-2.75	-0.0145	2e-05	0	-2.75	-0.0145	2e-05	0
6045	-2.75	-0.007	1e-05	0	-2.75	-0.007	1e-05	0
6047	-2.75	-0.0055	2e-05	0	-2.75	-0.0055	2e-05	0
6049	-2.75	-0.0045	1e-05	0	-2.75	-0.0045	1e-05	0
6050	-2.75	-0.0035	1e-05	0	-2.75	-0.0035	1e-05	0
6051	-2.75	-0.003	1e-05	0	-2.75	-0.003	1e-05	0
6052	-2.75	-0.0025	1e-05	0	-2.75	-0.0025	1e-05	0
6054	-2.75	-0.002	2e-05	0	-2.75	-0.002	2e-05	0
6055	-2.75	-0.0015	0	0	-2.75	-0.0015	0	0
6059	-2.75	0.001	0	0	-2.75	0.001	0	0
6062	-2.75	0.0015	1e-05	0	-2.75	0.0015	1e-05	0
6064	-2.75	0.002	0	0	-2.75	0.002	0	0
6067	-2.75	0.0035	0	0	-2.75	0.0035	0	0
6069	-2.75	0.004	0	0	-2.75	0.004	0	0
6070	-2.75	0.0045	0	0	-2.75	0.0045	0	0
6071	-2.75	0.005	0	0	-2.75	0.005	0	0
6074	-2.75	0.0065	0	0	-2.75	0.0065	0	0
6082	-2.75	0.0095	-1e-05	0	-2.75	0.0095	-1e-05	0
6083	-2.75	0.01	-1e-05	0	-2.75	0.01	-1e-05	0
6085	-2.75	0.0105	-1e-05	0	-2.75	0.0105	-1e-05	0
6086	-2.75	0.011	-2e-05	0	-2.75	0.011	-2e-05	0
6090	-2.75	0.012	-1e-05	0	-2.75	0.012	-1e-05	0
6093	-2.75	0.0135	-3e-05	0	-2.75	0.0135	-3e-05	0
6095	-2.75	0.0135	-1e-05	0	-2.75	0.0135	-1e-05	0
6101	-2.75	0.017	-2e-05	0	-2.75	0.017	-2e-05	0
6102	-2.75	0.018	-3e-05	0	-2.75	0.018	-3e-05	0
6103	-2.75	0.018	-2e-05	0	-2.75	0.018	-2e-05	0
6106	-2.75	0.019	-2e-05	0	-2.75	0.019	-2e-05	0
6109	-2.75	0.022	-3e-05	0	-2.75	0.022	-3e-05	0
6132	-2.5	-0.01	1e-05	0	-2.5	-0.01	1e-05	0
6136	-2.5	-0.0065	1e-05	0	-2.5	-0.0065	1e-05	0
6138	-2.5	-0.0055	2e-05	0	-2.5	-0.0055	2e-05	0
6140	-2.5	-0.005	1e-05	0	-2.5	-0.005	1e-05	0
6142	-2.5	-0.0035	1e-05	0	-2.5	-0.0035	1e-05	0
6153	-2.5	0.001	0	0	-2.5	0.001	0	0
6155	-2.5	0.0015	1e-05	0	-2.5	0.0015	1e-05	0
6156	-2.5	0.002	0	0	-2.5	0.002	0	0
6157	-2.5	0.0025	-1e-05	0	-2.5	0.0025	-1e-05	0
6158	-2.5	0.0025	0	0	-2.5	0.0025	0	0
6159	-2.5	0.0035	0	0	-2.5	0.0035	0	0
6161	-2.5	0.004	0	0	-2.5	0.004	0	0
6162	-2.5	0.0045	0	0	-2.5	0.0045	0	0
6164	-2.5	0.005	-1e-05	0	-2.5	0.005	-1e-05	0
6165	-2.5	0.005	0	0	-2.5	0.005	0	0
6166	-2.5	0.0055	-1e-05	0	-2.5	0.0055	-1e-05	0
6167	-2.5	0.0055	0	0	-2.5	0.0055	0	0
6168	-2.5	0.006	0	0	-2.5	0.006	0	0
6172	-2.5	0.0075	0	0	-2.5	0.0075	0	0
6173	-2.5	0.008	-1e-05	0	-2.5	0.008	-1e-05	0
6175	-2.5	0.0085	-1e-05	0	-2.5	0.0085	-1e-05	0
6177	-2.5	0.0095	-1e-05	0	-2.5	0.0095	-1e-05	0
6178	-2.5	0.01	-1e-05	0	-2.5	0.01	-1e-05	0
6179	-2.5	0.0105	-1e-05	0	-2.5	0.0105	-1e-05	0
6183	-2.5	0.012	-1e-05	0	-2.5	0.012	-1e-05	0
6186	-2.5	0.014	-2e-05	0	-2.5	0.014	-2e-05	0
6191	-2.5	0.017	-3e-05	0	-2.5	0.017	-3e-05	0
6193	-2.5	0.018	-2e-05	0	-2.5	0.018	-2e-05	0
6206	-2.25	-0.019	3e-05	0	-2.25	-0.019	3e-05	0
6208	-2.25	-0.0165	2e-05	0	-2.25	-0.0165	2e-05	0
6214	-2.25	-0.013	1e-05	0	-2.25	-0.013	1e-05	0
6226	-2.25	-0.005	1e-05	0	-2.25	-0.005	1e-05	0
6229	-2.25	-0.004	1e-05	0	-2.25	-0.004	1e-05	0
6232	-2.25	-0.003	0	0	-2.25	-0.003	0	0
6233	-2.25	-0.003	1e-05	0	-2.25	-0.003	1e-05	0
6239	-2.25	0	0	0	-2.25	0	0	0
6241	-2.25	0.0005	0	0	-2.25	0.0005	0	0
6243	-2.25	0.0015	0	0	-2.25	0.0015	0	0
6245	-2.25	0.002	0	0	-2.25	0.002	0	0
6246	-2.25	0.0025	0	0	-2.25	0.0025	0	0
6247	-2.25	0.003	0	0	-2.25	0.003	0	0
6250	-2.25	0.0045	0	0	-2.25	0.0045	0	0
6251	-2.25	0.005	-1e-05	0	-2.25	0.005	-1e-05	0
6253	-2.25	0.0055	0	0	-2.25	0.0055	0	0
6254	-2.25	0.006	-1e-05	0	-2.25	0.006	-1e-05	0
6256	-2.25	0.0065	0	0	-2.25	0.0065	0	0
6257	-2.25	0.007	-1e-05	0	-2.25	0.007	-1e-05	0
6258	-2.25	0.0075	-1e-05	0	-2.25	0.0075	-1e-05	0
6259	-2.25	0.008	-1e-05	0	-2.25	0.008	-1e-05	0
6261	-2.25	0.009	-1e-05	0	-2.25	0.009	-1e-05	0
6264	-2.25	0.0105	-1e-05	0	-2.25	0.0105	-1e-05	0
6266	-2.25	0.011	-1e-05	0	-2.25	0.011	-1e-05	0
6268	-2.25	0.0125	-2e-05	0	-2.25	0.0125	-2e-05	0
6271	-2.25	0.015	-3e-05	0	-2.25	0.015	-3e-05	0
6272	-2.25	0.0155	-2e-05	0	-2.25	0.0155	-2e-05	0
6289	-2	-0.0195	3e-05	0	-2	-0.0195	3e-05	0
6298	-2	-0.0135	1e-05	0	-2	-0.0135	1e-05	0
6308	-2	-0.0095	1e-05	0	-2	-0.0095	1e-05	0
6311	-2	-0.0085	1e-05	0	-2	-0.0085	1e-05	0
6312	-2	-0.0075	0	0	-2	-0.0075	0	0
6313	-2	-0.0075	1e-05	0	-2	-0.0075	1e-05	0
6314	-2	-0.007	1e-05	0	-2	-0.007	1e-05	0
6319	-2	-0.0045	1e-05	0	-2	-0.0045	1e-05	0
6321	-2	-0.0035	0	0	-2	-0.0035	0	0
6322	-2	-0.002	1e-05	0	-2	-0.002	1e-05	0
6323	-2	-0.001	1e-05	0	-2	-0.001	1e-05	0
6324	-2	-0.0005	0	0	-2	-0.0005	0	0
6326	-2	0	0	0	-2	0	0	0
6327	-2	0.0005	0	0	-2	0.0005	0	0
6328	-2	0.001	-1e-05	0	-2	0.001	-1e-05	0
6329	-2	0.0015	0	0	-2	0.0015	0	0
6334	-2	0.003	0	0	-2	0.003	0	0
6335	-2	0.0035	0	0	-2	0.0035	0	0
6336	-2	0.0045	0	0	-2	0.0045	0	0
6338	-2	0.006	-1e-05	0	-2	0.006	-1e-05	0
6339	-2	0.0065	0	0	-2	0.0065	0	0
6342	-2	0.0075	-2e-05	0	-2	0.0075	-2e-05	0
6343	-2	0.0075	-1e-05	0	-2	0.0075	-1e-05	0
6345	-2	0.008	-1e-05	0	-2	0.008	-1e-05	0
6348	-2	0.0085	-1e-05	0	-2	0.0085	-1e-05	0
6349	-2	0.009	-1e-05	0	-2	0.009	-1e-05	0
6353	-2	0.01	-2e-05	0	-2	0.01	-2e-05	0
6354	-2	0.01	-1e-05	0	-2	0.01	-1e-05	0
6357	-2	0.0115	-1e-05	0	-2	0.0115	-1e-05	0
6358	-2	0.0125	-2e-05	0	-2	0.0125	-2e-05	0
6365	-2	0.0155	-2e-05	0	-2	0.0155	-2e-05	0
6368	-2	0.017	-3e-05	0	-2	0.017	-3e-05	0
6392	-1.75	-0.011	1e-05	0	-1.75	-0.011	1e-05	0
6397	-1.75	-0.0085	1e-05	0	-1.75	-0.0085	1e-05	0
6400	-1.75	-0.006	1e-05	0	-1.75	-0.006	1e-05	0
6401	-1.75	-0.005	1e-05	0	-1.75	-0.005	1e-05	0
6402	-1.75	-0.004	1e-05	0	-1.75	-0.004	1e-05	0
6405	-1.75	-0.0035	1e-05	0	-1.75	-0.0035	1e-05	0
6407	-1.75	-0.0025	1e-05	0	-1.75	-0.0025	1e-05	0
6409	-1.75	-0.001	0	0	-1.75	-0.001	0	0
6410	-1.75	-0.0005	0	0	-1.75	-0.0005	0	0
6411	-1.75	-0.0005	1e-05	0	-1.75	-0.0005	1e-05	0
6412	-1.75	0	0	0	-1.75	0	0	0
6413	-1.75	0.0005	0	0	-1.75	0.0005	0	0
6418	-1.75	0.003	0	0	-1.75	0.003	0	0
6419	-1.75	0.0035	0	0	-1.75	0.0035	0	0
6422	-1.75	0.004	0	0	-1.75	0.004	0	0
6428	-1.75	0.007	-1e-05	0	-1.75	0.007	-1e-05	0
6430	-1.75	0.0075	-1e-05	0	-1.75	0.0075	-1e-05	0
6432	-1.75	0.008	-1e-05	0	-1.75	0.008	-1e-05	0
6433	-1.75	0.0085	-1e-05	0	-1.75	0.0085	-1e-05	0
6435	-1.75	0.0095	-1e-05	0	-1.75	0.0095	-1e-05	0
6444	-1.75	0.014	-2e-05	0	-1.75	0.014	-2e-05	0
6447	-1.75	0.0155	-2e-05	0	-1.75	0.0155	-2e-05	0
6476	-1.5	-0.016	2e-05	0	-1.5	-0.016	2e-05	0
6479	-1.5	-0.014	2e-05	0	-1.5	-0.014	2e-05	0
6485	-1.5	-0.01	1e-05	0	-1.5	-0.01	1e-05	0
6488	-1.5	-0.0085	1e-05	0	-1.5	-0.0085	1e-05	0
6489	-1.5	-0.0075	1e-05	0	-1.5	-0.0075	1e-05	0
6492	-1.5	-0.0065	1e-05	0	-1.5	-0.0065	1e-05	0
6499	-1.5	-0.0035	1e-05	0	-1.5	-0.0035	1e-05	0
6500	-1.5	-0.003	1e-05	0	-1.5	-0.003	1e-05	0
6501	-1.5	-0.0025	1e-05	0	-1.5	-0.0025	1e-05	0
6502	-1.5	-0.001	0	0	-1.5	-0.001	0	0
6512	-1.5	0.003	-1e-05	0	-1.5	0.003	-1e-05	0
6513	-1.5	0.003	0	0	-1.5	0.003	0	0
6515	-1.5	0.0035	0	0	-1.5	0.0035	0	0
6517	-1.5	0.0045	-1e-05	0	-1.5	0.0045	-1e-05	0
6520	-1.5	0.006	-1e-05	0	-1.5	0.006	-1e-05	0
6523	-1.5	0.0065	0	0	-1.5	0.0065	0	0
6524	-1.5	0.007	-1e-05	0	-1.5	0.007	-1e-05	0
6525	-1.5	0.0075	-1e-05	0	-1.5	0.0075	-1e-05	0
6526	-1.5	0.008	-1e-05	0	-1.5	0.008	-1e-05	0
6531	-1.5	0.0105	-2e-05	0	-1.5	0.0105	-2e-05	0
6551	-1.25	-0.026	4e-05	0	-1.25	-0.026	4e-05	0
6552	-1.25	-0.025	4e-05	0	-1.25	-0.025	4e-05	0
6558	-1.25	-0.02	3e-05	0	-1.25	-0.02	3e-05	0
6559	-1.25	-0.0185	2e-05	0	-1.25	-0.0185	2e-05	0
6563	-1.25	-0.0145	2e-05	0	-1.25	-0.0145	2e-05	0
6572	-1.25	-0.0095	1e-05	0	-1.25	-0.0095	1e-05	0
6573	-1.25	-0.0085	1e-05	0	-1.25	-0.0085	1e-05	0
6575	-1.25	-0.008	1e-05	0	-1.25	-0.008	1e-05	0
6576	-1.25	-0.0075	0	0	-1.25	-0.0075	0	0
6577	-1.25	-0.0075	1e-05	0	-1.25	-0.0075	1e-05	0
6581	-1.25	-0.005	0	0	-1.25	-0.005	0	0
6582	-1.25	-0.005	1e-05	0	-1.25	-0.005	1e-05	0
6583	-1.25	-0.004	0	0	-1.25	-0.004	0	0
6585	-1.25	-0.0035	0	0	-1.25	-0.0035	0	0
6587	-1.25	-0.0025	0	0	-1.25	-0.0025	0	0
6588	-1.25	-0.002	0	0	-1.25	-0.002	0	0
6589	-1.25	-0.002	1e-05	0	-1.25	-0.002	1e-05	0
6594	-1.25	0.0015	-1e-05	0	-1.25	0.0015	-1e-05	0
6596	-1.25	0.002	-1e-05	0	-1.25	0.002	-1e-05	0
6597	-1.25	0.0025	0	0	-1.25	0.0025	0	0
6598	-1.25	0.003	-1e-05	0	-1.25	0.003	-1e-05	0
6599	-1.25	0.003	0	0	-1.25	0.003	0	0
6600	-1.25	0.0035	-1e-05	0	-1.25	0.0035	-1e-05	0
6601	-1.25	0.0035	0	0	-1.25	0.0035	0	0
6602	-1.25	0.0045	0	0	-1.25	0.0045	0	0
6608	-1.25	0.007	-1e-05	0	-1.25	0.007	-1e-05	0
6611	-1.25	0.008	-1e-05	0	-1.25	0.008	-1e-05	0
6612	-1.25	0.0085	-1e-05	0	-1.25	0.0085	-1e-05	0
6613	-1.25	0.009	-2e-05	0	-1.25	0.009	-2e-05	0
6614	-1.25	0.0095	-2e-05	0	-1.25	0.0095	-2e-05	0
6617	-1.25	0.01	-1e-05	0	-1.25	0.01	-1e-05	0
6618	-1.25	0.0105	-1e-05	0	-1.25	0.0105	-1e-05	0
6620	-1.25	0.0115	-2e-05	0	-1.25	0.0115	-2e-05	0
6643	-1	-0.022	3e-05	0	-1	-0.022	3e-05	0
6651	-1	-0.0195	3e-05	0	-1	-0.0195	3e-05	0
6652	-1	-0.019	2e-05	0	-1	-0.019	2e-05	0
6656	-1	-0.017	2e-05	0	-1	-0.017	2e-05	0
6658	-1	-0.0165	3e-05	0	-1	-0.0165	3e-05	0
6667	-1	-0.0115	1e-05	0	-1	-0.0115	1e-05	0
6669	-1	-0.011	2e-05	0	-1	-0.011	2e-05	0
6671	-1	-0.0095	1e-05	0	-1	-0.0095	1e-05	0
6674	-1	-0.0085	1e-05	0	-1	-0.0085	1e-05	0
6675	-1	-0.008	1e-05	0	-1	-0.008	1e-05	0
6676	-1	-0.0075	1e-05	0	-1	-0.0075	1e-05	0
6677	-1	-0.007	1e-05	0	-1	-0.007	1e-05	0
6678	-1	-0.006	1e-05	0	-1	-0.006	1e-05	0
6679	-1	-0.0055	1e-05	0	-1	-0.0055	1e-05	0
6680	-1	-0.005	0	0	-1	-0.005	0	0
6681	-1	-0.005	1e-05	0	-1	-0.005	1e-05	0
6682	-1	-0.0045	1e-05	0	-1	-0.0045	1e-05	0
6684	-1	-0.004	1e-05	0	-1	-0.004	1e-05	0
6685	-1	-0.0035	0	0	-1	-0.0035	0	0
6686	-1	-0.0035	1e-05	0	-1	-0.0035	1e-05	0
6688	-1	-0.002	0	0	-1	-0.002	0	0
6689	-1	-0.002	1e-05	0	-1	-0.002	1e-05	0
6690	-1	-0.0015	0	0	-1	-0.0015	0	0
6697	-1	0.002	0	0	-1	0.002	0	0
6698	-1	0.0025	0	0	-1	0.0025	0	0
6700	-1	0.003	0	0	-1	0.003	0	0
6703	-1	0.004	-1e-05	0	-1	0.004	-1e-05	0
6704	-1	0.004	0	0	-1	0.004	0	0
6705	-1	0.0045	-1e-05	0	-1	0.0045	-1e-05	0
6710	-1	0.008	-1e-05	0	-1	0.008	-1e-05	0
6712	-1	0.009	-1e-05	0	-1	0.009	-1e-05	0
6715	-1	0.01	-2e-05	0	-1	0.01	-2e-05	0
6716	-1	0.01	-1e-05	0	-1	0.01	-1e-05	0
6718	-1	0.012	-2e-05	0	-1	0.012	-2e-05	0
6731	-0.75	-0.0275	4e-05	0	-0.75	-0.0275	4e-05	0
6738	-0.75	-0.022	3e-05	0	-0.75	-0.022	3e-05	0
6748	-0.75	-0.018	2e-05	0	-0.75	-0.018	2e-05	0
6752	-0.75	-0.0165	1e-05	0	-0.75	-0.0165	1e-05	0
6753	-0.75	-0.0165	3e-05	0	-0.75	-0.0165	3e-05	0
6754	-0.75	-0.016	1e-05	0	-0.75	-0.016	1e-05	0
6756	-0.75	-0.0145	1e-05	0	-0.75	-0.0145	1e-05	0
6758	-0.75	-0.014	2e-05	0	-0.75	-0.014	2e-05	0
6760	-0.75	-0.013	1e-05	0	-0.75	-0.013	1e-05	0
6763	-0.75	-0.0115	1e-05	0	-0.75	-0.0115	1e-05	0
6765	-0.75	-0.0095	1e-05	0	-0.75	-0.0095	1e-05	0
6766	-0.75	-0.0095	2e-05	0	-0.75	-0.0095	2e-05	0
6767	-0.75	-0.009	1e-05	0	-0.75	-0.009	1e-05	0
6768	-0.75	-0.008	1e-05	0	-0.75	-0.008	1e-05	0
6769	-0.75	-0.008	2e-05	0	-0.75	-0.008	2e-05	0
6771	-0.75	-0.0075	1e-05	0	-0.75	-0.0075	1e-05	0
6772	-0.75	-0.007	1e-05	0	-0.75	-0.007	1e-05	0
6773	-0.75	-0.0065	1e-05	0	-0.75	-0.0065	1e-05	0
6775	-0.75	-0.006	1e-05	0	-0.75	-0.006	1e-05	0
6776	-0.75	-0.0055	1e-05	0	-0.75	-0.0055	1e-05	0
6778	-0.75	-0.004	1e-05	0	-0.75	-0.004	1e-05	0
6780	-0.75	-0.003	1e-05	0	-0.75	-0.003	1e-05	0
6781	-0.75	-0.002	0	0	-0.75	-0.002	0	0
6783	-0.75	-0.0015	1e-05	0	-0.75	-0.0015	1e-05	0
6790	-0.75	0.001	0	0	-0.75	0.001	0	0
6791	-0.75	0.0015	0	0	-0.75	0.0015	0	0
6793	-0.75	0.002	0	0	-0.75	0.002	0	0
6798	-0.75	0.003	0	0	-0.75	0.003	0	0
6800	-0.75	0.0045	0	0	-0.75	0.0045	0	0
6802	-0.75	0.0055	-1e-05	0	-0.75	0.0055	-1e-05	0
6805	-0.75	0.0065	-1e-05	0	-0.75	0.0065	-1e-05	0
6806	-0.75	0.007	-1e-05	0	-0.75	0.007	-1e-05	0
6809	-0.75	0.0085	-2e-05	0	-0.75	0.0085	-2e-05	0
6813	-0.75	0.0105	-2e-05	0	-0.75	0.0105	-2e-05	0
6824	-0.5	-0.031	3e-05	0	-0.5	-0.031	3e-05	0
6826	-0.5	-0.029	4e-05	0	-0.5	-0.029	4e-05	0
6849	-0.5	-0.0185	2e-05	0	-0.5	-0.0185	2e-05	0
6851	-0.5	-0.017	2e-05	0	-0.5	-0.017	2e-05	0
6854	-0.5	-0.0155	3e-05	0	-0.5	-0.0155	3e-05	0
6859	-0.5	-0.014	2e-05	0	-0.5	-0.014	2e-05	0
6860	-0.5	-0.0135	2e-05	0	-0.5	-0.0135	2e-05	0
6861	-0.5	-0.013	2e-05	0	-0.5	-0.013	2e-05	0
6862	-0.5	-0.012	2e-05	0	-0.5	-0.012	2e-05	0
6863	-0.5	-0.011	1e-05	0	-0.5	-0.011	1e-05	0
6864	-0.5	-0.011	2e-05	0	-0.5	-0.011	2e-05	0
6867	-0.5	-0.01	1e-05	0	-0.5	-0.01	1e-05	0
6868	-0.5	-0.0095	1e-05	0	-0.5	-0.0095	1e-05	0
6874	-0.5	-0.006	0	0	-0.5	-0.006	0	0
6875	-0.5	-0.006	1e-05	0	-0.5	-0.006	1e-05	0
6878	-0.5	-0.0055	1e-05	0	-0.5	-0.0055	1e-05	0
6879	-0.5	-0.005	1e-05	0	-0.5	-0.005	1e-05	0
6882	-0.5	-0.0045	1e-05	0	-0.5	-0.0045	1e-05	0
6883	-0.5	-0.004	0	0	-0.5	-0.004	0	0
6884	-0.5	-0.004	1e-05	0	-0.5	-0.004	1e-05	0
6885	-0.5	-0.0035	1e-05	0	-0.5	-0.0035	1e-05	0
6886	-0.5	-0.003	0	0	-0.5	-0.003	0	0
6892	-0.5	-0.001	-1e-05	0	-0.5	-0.001	-1e-05	0
6897	-0.5	0.0005	0	0	-0.5	0.0005	0	0
6900	-0.5	0.001	0	0	-0.5	0.001	0	0
6901	-0.5	0.0015	0	0	-0.5	0.0015	0	0
6902	-0.5	0.002	-1e-05	0	-0.5	0.002	-1e-05	0
6903	-0.5	0.002	0	0	-0.5	0.002	0	0
6905	-0.5	0.0025	0	0	-0.5	0.0025	0	0
6907	-0.5	0.0035	-1e-05	0	-0.5	0.0035	-1e-05	0
6908	-0.5	0.0035	0	0	-0.5	0.0035	0	0
6911	-0.5	0.006	-1e-05	0	-0.5	0.006	-1e-05	0
6912	-0.5	0.0065	-1e-05	0	-0.5	0.0065	-1e-05	0
6928	-0.25	-0.0285	5e-05	0	-0.25	-0.0285	5e-05	0
6946	-0.25	-0.018	2e-05	0	-0.25	-0.018	2e-05	0
6947	-0.25	-0.0175	3e-05	0	-0.25	-0.0175	3e-05	0
6954	-0.25	-0.0135	2e-05	0	-0.25	-0.0135	2e-05	0
6958	-0.25	-0.0125	2e-05	0	-0.25	-0.0125	2e-05	0
6959	-0.25	-0.012	2e-05	0	-0.25	-0.012	2e-05	0
6963	-0.25	-0.01	1e-05	0	-0.25	-0.01	1e-05	0
6964	-0.25	-0.01	2e-05	0	-0.25	-0.01	2e-05	0
6966	-0.25	-0.0095	1e-05	0	-0.25	-0.0095	1e-05	0
6973	-0.25	-0.0065	0	0	-0.25	-0.0065	0	0
6974	-0.25	-0.0065	1e-05	0	-0.25	-0.0065	1e-05	0
6975	-0.25	-0.006	1e-05	0	-0.25	-0.006	1e-05	0
6976	-0.25	-0.0055	0	0	-0.25	-0.0055	0	0
6977	-0.25	-0.0055	1e-05	0	-0.25	-0.0055	1e-05	0
6978	-0.25	-0.005	1e-05	0	-0.25	-0.005	1e-05	0
6979	-0.25	-0.0045	0	0	-0.25	-0.0045	0	0
6981	-0.25	-0.003	0	0	-0.25	-0.003	0	0
6983	-0.25	-0.0025	0	0	-0.25	-0.0025	0	0
6988	-0.25	-0.001	0	0	-0.25	-0.001	0	0
6990	-0.25	0	0	0	-0.25	0	0	0
6991	-0.25	0.0005	0	0	-0.25	0.0005	0	0
6992	-0.25	0.001	0	0	-0.25	0.001	0	0
6994	-0.25	0.0015	0	0	-0.25	0.0015	0	0
6996	-0.25	0.002	0	0	-0.25	0.002	0	0
6998	-0.25	0.0025	0	0	-0.25	0.0025	0	0
6999	-0.25	0.003	0	0	-0.25	0.003	0	0
7000	-0.25	0.0035	-1e-05	0	-0.25	0.0035	-1e-05	0
7002	-0.25	0.004	-1e-05	0	-0.25	0.004	-1e-05	0
7004	-0.25	0.0045	0	0	-0.25	0.0045	0	0
7006	-0.25	0.0055	-1e-05	0	-0.25	0.0055	-1e-05	0
7021	0	-0.0335	3e-05	0	0	-0.0335	3e-05	0
7030	0	-0.0255	3e-05	0	0	-0.0255	3e-05	0
7040	0	-0.0195	2e-05	0	0	-0.0195	2e-05	0
7047	0	-0.0155	2e-05	0	0	-0.0155	2e-05	0
7049	0	-0.015	2e-05	0	0	-0.015	2e-05	0
7055	0	-0.013	2e-05	0	0	-0.013	2e-05	0
7061	0	-0.0115	1e-05	0	0	-0.0115	1e-05	0
7062	0	-0.011	1e-05	0	0	-0.011	1e-05	0
7063	0	-0.0105	1e-05	0	0	-0.0105	1e-05	0
7070	0	-0.0085	0	0	0	-0.0085	0	0
7074	0	-0.0065	1e-05	0	0	-0.0065	1e-05	0
7077	0	-0.006	1e-05	0	0	-0.006	1e-05	0
7079	0	-0.005	0	0	0	-0.005	0	0
7080	0	-0.005	1e-05	0	0	-0.005	1e-05	0
7082	0	-0.0045	1e-05	0	0	-0.0045	1e-05	0
7083	0	-0.004	0	0	0	-0.004	0	0
7084	0	-0.0025	0	0	0	-0.0025	0	0
7087	0	-0.002	0	0	0	-0.002	0	0
7089	0	-0.0015	0	0	0	-0.0015	0	0
7090	0	-0.001	0	0	0	-0.001	0	0
7091	0	-0.0005	0	0	0	-0.0005	0	0
7093	0	0	-1e-05	0	0	0	-1e-05	0
7094	0	0	0	0	0	0	0	0
7095	0	0	1e-05	0	0	0	1e-05	0
7096	0	0.0005	-1e-05	0	0	0.0005	-1e-05	0
7098	0	0.001	0	0	0	0.001	0	0
7099	0	0.0015	0	0	0	0.0015	0	0
7100	0	0.002	0	0	0	0.002	0	0
7104	0	0.0045	-1e-05	0	0	0.0045	-1e-05	0
7105	0	0.0055	-1e-05	0	0	0.0055	-1e-05	0
7122	0.25	-0.0225	2e-05	0	0.25	-0.0225	2e-05	0
7123	0.25	-0.0225	3e-05	0	0.25	-0.0225	3e-05	0
7125	0.25	-0.0215	2e-05	0	0.25	-0.0215	2e-05	0
7131	0.25	-0.019	2e-05	0	0.25	-0.019	2e-05	0
7135	0.25	-0.0175	2e-05	0	0.25	-0.0175	2e-05	0
7136	0.25	-0.017	2e-05	0	0.25	-0.017	2e-05	0
7137	0.25	-0.0165	2e-05	0	0.25	-0.0165	2e-05	0
7140	0.25	-0.0155	1e-05	0	0.25	-0.0155	1e-05	0
7141	0.25	-0.0155	2e-05	0	0.25	-0.0155	2e-05	0
7142	0.25	-0.015	2e-05	0	0.25	-0.015	2e-05	0
7149	0.25	-0.0125	1e-05	0	0.25	-0.0125	1e-05	0
7150	0.25	-0.012	2e-05	0	0.25	-0.012	2e-05	0
7160	0.25	-0.007	0	0	0.25	-0.007	0	0
7161	0.25	-0.0065	1e-05	0	0.25	-0.0065	1e-05	0
7163	0.25	-0.0055	0	0	0.25	-0.0055	0	0
7164	0.25	-0.0055	1e-05	0	0.25	-0.0055	1e-05	0
7165	0.25	-0.005	0	0	0.25	-0.005	0	0
7166	0.25	-0.0045	0	0	0.25	-0.0045	0	0
7167	0.25	-0.0045	1e-05	0	0.25	-0.0045	1e-05	0
7168	0.25	-0.0045	2e-05	0	0.25	-0.0045	2e-05	0
7169	0.25	-0.004	0	0	0.25	-0.004	0	0
7170	0.25	-0.004	1e-05	0	0.25	-0.004	1e-05	0
7173	0.25	-0.0025	0	0	0.25	-0.0025	0	0
7175	0.25	-0.002	0	0	0.25	-0.002	0	0
7176	0.25	-0.0015	-1e-05	0	0.25	-0.0015	-1e-05	0
7177	0.25	-0.0015	0	0	0.25	-0.0015	0	0
7178	0.25	-0.001	0	0	0.25	-0.001	0	0
7179	0.25	-0.0005	0	0	0.25	-0.0005	0	0
7181	0.25	0	0	0	0.25	0	0	0
7183	0.25	0.001	0	0	0.25	0.001	0	0
7185	0.25	0.002	0	0	0.25	0.002	0	0
7186	0.25	0.0025	-1e-05	0	0.25	0.0025	-1e-05	0
7187	0.25	0.0025	0	0	0.25	0.0025	0	0
7190	0.25	0.004	-1e-05	0	0.25	0.004	-1e-05	0
7209	0.5	-0.0295	3e-05	0	0.5	-0.0295	3e-05	0
7220	0.5	-0.023	3e-05	0	0.5	-0.023	3e-05	0
7227	0.5	-0.0185	2e-05	0	0.5	-0.0185	2e-05	0
7230	0.5	-0.0175	2e-05	0	0.5	-0.0175	2e-05	0
7231	0.5	-0.017	1e-05	0	0.5	-0.017	1e-05	0
7233	0.5	-0.0165	2e-05	0	0.5	-0.0165	2e-05	0
7235	0.5	-0.016	1e-05	0	0.5	-0.016	1e-05	0
7236	0.5	-0.0155	1e-05	0	0.5	-0.0155	1e-05	0
7239	0.5	-0.015	2e-05	0	0.5	-0.015	2e-05	0
7240	0.5	-0.0145	0	0	0.5	-0.0145	0	0
7241	0.5	-0.0145	1e-05	0	0.5	-0.0145	1e-05	0
7242	0.5	-0.0145	2e-05	0	0.5	-0.0145	2e-05	0
7243	0.5	-0.014	1e-05	0	0.5	-0.014	1e-05	0
7245	0.5	-0.013	1e-05	0	0.5	-0.013	1e-05	0
7246	0.5	-0.013	2e-05	0	0.5	-0.013	2e-05	0
7248	0.5	-0.0125	1e-05	0	0.5	-0.0125	1e-05	0
7250	0.5	-0.0115	1e-05	0	0.5	-0.0115	1e-05	0
7251	0.5	-0.0115	2e-05	0	0.5	-0.0115	2e-05	0
7253	0.5	-0.011	2e-05	0	0.5	-0.011	2e-05	0
7257	0.5	-0.0095	2e-05	0	0.5	-0.0095	2e-05	0
7260	0.5	-0.0085	0	0	0.5	-0.0085	0	0
7264	0.5	-0.0075	1e-05	0	0.5	-0.0075	1e-05	0
7265	0.5	-0.007	1e-05	0	0.5	-0.007	1e-05	0
7266	0.5	-0.0065	1e-05	0	0.5	-0.0065	1e-05	0
7267	0.5	-0.006	1e-05	0	0.5	-0.006	1e-05	0
7268	0.5	-0.0055	0	0	0.5	-0.0055	0	0
7269	0.5	-0.005	1e-05	0	0.5	-0.005	1e-05	0
7270	0.5	-0.0045	0	0	0.5	-0.0045	0	0
7272	0.5	-0.0035	0	0	0.5	-0.0035	0	0
7274	0.5	-0.003	0	0	0.5	-0.003	0	0
7275	0.5	-0.0025	-1e-05	0	0.5	-0.0025	-1e-05	0
7276	0.5	-0.0025	0	0	0.5	-0.0025	0	0
7278	0.5	-0.0015	0	0	0.5	-0.0015	0	0
7279	0.5	-0.001	0	0	0.5	-0.001	0	0
7280	0.5	-0.0005	0	0	0.5	-0.0005	0	0
7283	0.5	0.0005	0	0	0.5	0.0005	0	0
7286	0.5	0.001	0	0	0.5	0.001	0	0
7312	0.75	-0.025	3e-05	0	0.75	-0.025	3e-05	0
7313	0.75	-0.0235	3e-05	0	0.75	-0.0235	3e-05	0
7314	0.75	-0.023	1e-05	0	0.75	-0.023	1e-05	0
7320	0.75	-0.019	2e-05	0	0.75	-0.019	2e-05	0
7322	0.75	-0.018	2e-05	0	0.75	-0.018	2e-05	0
7323	0.75	-0.016	2e-05	0	0.75	-0.016	2e-05	0
7324	0.75	-0.0155	0	0	0.75	-0.0155	0	0
7326	0.75	-0.015	2e-05	0	0.75	-0.015	2e-05	0
7328	0.75	-0.014	2e-05	0	0.75	-0.014	2e-05	0
7330	0.75	-0.0135	1e-05	0	0.75	-0.0135	1e-05	0
7331	0.75	-0.0135	2e-05	0	0.75	-0.0135	2e-05	0
7333	0.75	-0.013	1e-05	0	0.75	-0.013	1e-05	0
7340	0.75	-0.0095	0	0	0.75	-0.0095	0	0
7342	0.75	-0.009	2e-05	0	0.75	-0.009	2e-05	0
7343	0.75	-0.0085	1e-05	0	0.75	-0.0085	1e-05	0
7345	0.75	-0.008	1e-05	0	0.75	-0.008	1e-05	0
7346	0.75	-0.0075	1e-05	0	0.75	-0.0075	1e-05	0
7349	0.75	-0.007	1e-05	0	0.75	-0.007	1e-05	0
7353	0.75	-0.0055	0	0	0.75	-0.0055	0	0
7354	0.75	-0.005	0	0	0.75	-0.005	0	0
7355	0.75	-0.0045	0	0	0.75	-0.0045	0	0
7357	0.75	-0.004	0	0	0.75	-0.004	0	0
7359	0.75	-0.0035	0	0	0.75	-0.0035	0	0
7361	0.75	-0.003	0	0	0.75	-0.003	0	0
7362	0.75	-0.0025	0	0	0.75	-0.0025	0	0
7363	0.75	-0.0025	1e-05	0	0.75	-0.0025	1e-05	0
7364	0.75	-0.002	0	0	0.75	-0.002	0	0
7365	0.75	-0.0015	0	0	0.75	-0.0015	0	0
7390	1	-0.0305	4e-05	0	1	-0.0305	4e-05	0
7392	1	-0.0295	4e-05	0	1	-0.0295	4e-05	0
7393	1	-0.0295	5e-05	0	1	-0.0295	5e-05	0
7396	1	-0.028	3e-05	0	1	-0.028	3e-05	0
7402	1	-0.024	3e-05	0	1	-0.024	3e-05	0
7403	1	-0.023	2e-05	0	1	-0.023	2e-05	0
7405	1	-0.0225	4e-05	0	1	-0.0225	4e-05	0
7408	1	-0.0215	2e-05	0	1	-0.0215	2e-05	0
7410	1	-0.0205	2e-05	0	1	-0.0205	2e-05	0
7412	1	-0.02	3e-05	0	1	-0.02	3e-05	0
7413	1	-0.0195	3e-05	0	1	-0.0195	3e-05	0
7415	1	-0.018	2e-05	0	1	-0.018	2e-05	0
7416	1	-0.0175	2e-05	0	1	-0.0175	2e-05	0
7417	1	-0.0165	2e-05	0	1	-0.0165	2e-05	0
7418	1	-0.016	2e-05	0	1	-0.016	2e-05	0
7421	1	-0.015	1e-05	0	1	-0.015	1e-05	0
7424	1	-0.014	2e-05	0	1	-0.014	2e-05	0
7425	1	-0.0135	1e-05	0	1	-0.0135	1e-05	0
7427	1	-0.013	1e-05	0	1	-0.013	1e-05	0
7438	1	-0.009	1e-05	0	1	-0.009	1e-05	0
7440	1	-0.0085	1e-05	0	1	-0.0085	1e-05	0
7444	1	-0.0075	1e-05	0	1	-0.0075	1e-05	0
7445	1	-0.007	0	0	1	-0.007	0	0
7448	1	-0.0065	1e-05	0	1	-0.0065	1e-05	0
7449	1	-0.006	0	0	1	-0.006	0	0
7458	1	-0.0035	0	0	1	-0.0035	0	0
7459	1	-0.003	0	0	1	-0.003	0	0
7460	1	-0.0025	0	0	1	-0.0025	0	0
7462	1	-0.0015	0	0	1	-0.0015	0	0
7465	1	0.0005	-1e-05	0	1	0.0005	-1e-05	0
7472	1.25	-0.043	6e-05	0	1.25	-0.043	6e-05	0
7477	1.25	-0.0405	5e-05	0	1.25	-0.0405	5e-05	0
7505	1.25	-0.019	2e-05	0	1.25	-0.019	2e-05	0
7506	1.25	-0.0185	1e-05	0	1.25	-0.0185	1e-05	0
7508	1.25	-0.018	2e-05	0	1.25	-0.018	2e-05	0
7509	1.25	-0.0175	2e-05	0	1.25	-0.0175	2e-05	0
7512	1.25	-0.0165	2e-05	0	1.25	-0.0165	2e-05	0
7515	1.25	-0.0155	2e-05	0	1.25	-0.0155	2e-05	0
7516	1.25	-0.015	1e-05	0	1.25	-0.015	1e-05	0
7518	1.25	-0.014	2e-05	0	1.25	-0.014	2e-05	0
7519	1.25	-0.0135	1e-05	0	1.25	-0.0135	1e-05	0
7527	1.25	-0.0115	2e-05	0	1.25	-0.0115	2e-05	0
7532	1.25	-0.009	1e-05	0	1.25	-0.009	1e-05	0
7534	1.25	-0.008	1e-05	0	1.25	-0.008	1e-05	0
7536	1.25	-0.007	1e-05	0	1.25	-0.007	1e-05	0
7538	1.25	-0.0065	0	0	1.25	-0.0065	0	0
7540	1.25	-0.0065	2e-05	0	1.25	-0.0065	2e-05	0
7544	1.25	-0.005	0	0	1.25	-0.005	0	0
7546	1.25	-0.004	0	0	1.25	-0.004	0	0
7551	1.25	-0.002	-1e-05	0	1.25	-0.002	-1e-05	0
7572	1.5	-0.032	4e-05	0	1.5	-0.032	4e-05	0
7574	1.5	-0.0305	3e-05	0	1.5	-0.0305	3e-05	0
7577	1.5	-0.029	3e-05	0	1.5	-0.029	3e-05	0
7594	1.5	-0.022	2e-05	0	1.5	-0.022	2e-05	0
7595	1.5	-0.0215	2e-05	0	1.5	-0.0215	2e-05	0
7596	1.5	-0.0215	3e-05	0	1.5	-0.0215	3e-05	0
7597	1.5	-0.0205	2e-05	0	1.5	-0.0205	2e-05	0
7598	1.5	-0.0205	3e-05	0	1.5	-0.0205	3e-05	0
7599	1.5	-0.02	2e-05	0	1.5	-0.02	2e-05	0
7601	1.5	-0.0195	2e-05	0	1.5	-0.0195	2e-05	0
7602	1.5	-0.0195	3e-05	0	1.5	-0.0195	3e-05	0
7603	1.5	-0.019	2e-05	0	1.5	-0.019	2e-05	0
7604	1.5	-0.0185	3e-05	0	1.5	-0.0185	3e-05	0
7606	1.5	-0.018	2e-05	0	1.5	-0.018	2e-05	0
7609	1.5	-0.0175	2e-05	0	1.5	-0.0175	2e-05	0
7610	1.5	-0.0165	2e-05	0	1.5	-0.0165	2e-05	0
7611	1.5	-0.016	2e-05	0	1.5	-0.016	2e-05	0
7613	1.5	-0.015	2e-05	0	1.5	-0.015	2e-05	0
7615	1.5	-0.0145	1e-05	0	1.5	-0.0145	1e-05	0
7616	1.5	-0.014	1e-05	0	1.5	-0.014	1e-05	0
7617	1.5	-0.014	2e-05	0	1.5	-0.014	2e-05	0
7619	1.5	-0.0135	1e-05	0	1.5	-0.0135	1e-05	0
7624	1.5	-0.0105	1e-05	0	1.5	-0.0105	1e-05	0
7625	1.5	-0.01	1e-05	0	1.5	-0.01	1e-05	0
7626	1.5	-0.0095	1e-05	0	1.5	-0.0095	1e-05	0
7630	1.5	-0.008	1e-05	0	1.5	-0.008	1e-05	0
7646	1.75	-0.0365	5e-05	0	1.75	-0.0365	5e-05	0
7665	1.75	-0.026	3e-05	0	1.75	-0.026	3e-05	0
7670	1.75	-0.0235	2e-05	0	1.75	-0.0235	2e-05	0
7671	1.75	-0.023	3e-05	0	1.75	-0.023	3e-05	0
7673	1.75	-0.022	3e-05	0	1.75	-0.022	3e-05	0
7674	1.75	-0.0215	2e-05	0	1.75	-0.0215	2e-05	0
7678	1.75	-0.02	2e-05	0	1.75	-0.02	2e-05	0
7680	1.75	-0.0195	2e-05	0	1.75	-0.0195	2e-05	0
7682	1.75	-0.0185	1e-05	0	1.75	-0.0185	1e-05	0
7683	1.75	-0.0185	2e-05	0	1.75	-0.0185	2e-05	0
7684	1.75	-0.018	1e-05	0	1.75	-0.018	1e-05	0
7685	1.75	-0.018	2e-05	0	1.75	-0.018	2e-05	0
7692	1.75	-0.016	1e-05	0	1.75	-0.016	1e-05	0
7693	1.75	-0.016	2e-05	0	1.75	-0.016	2e-05	0
7695	1.75	-0.0155	2e-05	0	1.75	-0.0155	2e-05	0
7696	1.75	-0.015	2e-05	0	1.75	-0.015	2e-05	0
7699	1.75	-0.014	1e-05	0	1.75	-0.014	1e-05	0
7700	1.75	-0.0135	0	0	1.75	-0.0135	0	0
7701	1.75	-0.013	1e-05	0	1.75	-0.013	1e-05	0
7703	1.75	-0.0125	1e-05	0	1.75	-0.0125	1e-05	0
7705	1.75	-0.012	1e-05	0	1.75	-0.012	1e-05	0
7708	1.75	-0.0115	1e-05	0	1.75	-0.0115	1e-05	0
7710	1.75	-0.0105	1e-05	0	1.75	-0.0105	1e-05	0
7711	1.75	-0.01	1e-05	0	1.75	-0.01	1e-05	0
7713	1.75	-0.0095	1e-05	0	1.75	-0.0095	1e-05	0
7715	1.75	-0.0085	0	0	1.75	-0.0085	0	0
7719	1.75	-0.0075	0	0	1.75	-0.0075	0	0
7722	1.75	-0.007	0	0	1.75	-0.007	0	0
7723	1.75	-0.0065	-1e-05	0	1.75	-0.0065	-1e-05	0
7750	2	-0.036	3e-05	0	2	-0.036	3e-05	0
7758	2	-0.033	4e-05	0	2	-0.033	4e-05	0
7762	2	-0.032	4e-05	0	2	-0.032	4e-05	0
7767	2	-0.03	4e-05	0	2	-0.03	4e-05	0
7768	2	-0.029	3e-05	0	2	-0.029	3e-05	0
7774	2	-0.0265	3e-05	0	2	-0.0265	3e-05	0
7776	2	-0.026	4e-05	0	2	-0.026	4e-05	0
7777	2	-0.025	3e-05	0	2	-0.025	3e-05	0
7778	2	-0.0245	3e-05	0	2	-0.0245	3e-05	0
7780	2	-0.0235	3e-05	0	2	-0.0235	3e-05	0
7783	2	-0.022	2e-05	0	2	-0.022	2e-05	0
7785	2	-0.021	2e-05	0	2	-0.021	2e-05	0
7787	2	-0.0205	2e-05	0	2	-0.0205	2e-05	0
7789	2	-0.02	2e-05	0	2	-0.02	2e-05	0
7790	2	-0.02	3e-05	0	2	-0.02	3e-05	0
7791	2	-0.0195	2e-05	0	2	-0.0195	2e-05	0
7792	2	-0.019	2e-05	0	2	-0.019	2e-05	0
7795	2	-0.018	2e-05	0	2	-0.018	2e-05	0
7798	2	-0.017	2e-05	0	2	-0.017	2e-05	0
7800	2	-0.0165	1e-05	0	2	-0.0165	1e-05	0
7803	2	-0.016	1e-05	0	2	-0.016	1e-05	0
7804	2	-0.016	2e-05	0	2	-0.016	2e-05	0
7807	2	-0.0155	2e-05	0	2	-0.0155	2e-05	0
7808	2	-0.015	1e-05	0	2	-0.015	1e-05	0
7811	2	-0.0145	1e-05	0	2	-0.0145	1e-05	0
7815	2	-0.013	1e-05	0	2	-0.013	1e-05	0
7816	2	-0.0125	1e-05	0	2	-0.0125	1e-05	0
7817	2	-0.012	1e-05	0	2	-0.012	1e-05	0
7824	2	-0.0095	1e-05	0	2	-0.0095	1e-05	0
7841	2.25	-0.038	5e-05	0	2.25	-0.038	5e-05	0
7844	2.25	-0.0345	4e-05	0	2.25	-0.0345	4e-05	0
7849	2.25	-0.0315	3e-05	0	2.25	-0.0315	3e-05	0
7850	2.25	-0.0315	4e-05	0	2.25	-0.0315	4e-05	0
7851	2.25	-0.0305	3e-05	0	2.25	-0.0305	3e-05	0
7854	2.25	-0.03	4e-05	0	2.25	-0.03	4e-05	0
7859	2.25	-0.0275	3e-05	0	2.25	-0.0275	3e-05	0
7863	2.25	-0.026	4e-05	0	2.25	-0.026	4e-05	0
7865	2.25	-0.0255	3e-05	0	2.25	-0.0255	3e-05	0
7869	2.25	-0.0245	2e-05	0	2.25	-0.0245	2e-05	0
7874	2.25	-0.0235	2e-05	0	2.25	-0.0235	2e-05	0
7875	2.25	-0.0235	3e-05	0	2.25	-0.0235	3e-05	0
7879	2.25	-0.022	2e-05	0	2.25	-0.022	2e-05	0
7880	2.25	-0.0215	2e-05	0	2.25	-0.0215	2e-05	0
7881	2.25	-0.021	2e-05	0	2.25	-0.021	2e-05	0
7882	2.25	-0.0205	2e-05	0	2.25	-0.0205	2e-05	0
7883	2.25	-0.02	2e-05	0	2.25	-0.02	2e-05	0
7885	2.25	-0.0195	2e-05	0	2.25	-0.0195	2e-05	0
7886	2.25	-0.019	2e-05	0	2.25	-0.019	2e-05	0
7891	2.25	-0.017	1e-05	0	2.25	-0.017	1e-05	0
7892	2.25	-0.0165	2e-05	0	2.25	-0.0165	2e-05	0
7893	2.25	-0.016	2e-05	0	2.25	-0.016	2e-05	0
7895	2.25	-0.015	1e-05	0	2.25	-0.015	1e-05	0
7902	2.25	-0.012	1e-05	0	2.25	-0.012	1e-05	0
7904	2.25	-0.0105	1e-05	0	2.25	-0.0105	1e-05	0
7906	2.25	-0.01	1e-05	0	2.25	-0.01	1e-05	0
7917	2.5	-0.0435	4e-05	0	2.5	-0.0435	4e-05	0
7926	2.5	-0.0405	4e-05	0	2.5	-0.0405	4e-05	0
7929	2.5	-0.0395	5e-05	0	2.5	-0.0395	5e-05	0
7933	2.5	-0.0365	3e-05	0	2.5	-0.0365	3e-05	0
7939	2.5	-0.0335	4e-05	0	2.5	-0.0335	4e-05	0
7942	2.5	-0.0315	3e-05	0	2.5	-0.0315	3e-05	0
7945	2.5	-0.031	3e-05	0	2.5	-0.031	3e-05	0
7949	2.5	-0.03	3e-05	0	2.5	-0.03	3e-05	0
7951	2.5	-0.0295	3e-05	0	2.5	-0.0295	3e-05	0
7956	2.5	-0.028	2e-05	0	2.5	-0.028	2e-05	0
7960	2.5	-0.0275	3e-05	0	2.5	-0.0275	3e-05	0
7961	2.5	-0.027	2e-05	0	2.5	-0.027	2e-05	0
7968	2.5	-0.0235	3e-05	0	2.5	-0.0235	3e-05	0
7970	2.5	-0.023	2e-05	0	2.5	-0.023	2e-05	0
7971	2.5	-0.0225	3e-05	0	2.5	-0.0225	3e-05	0
7972	2.5	-0.022	2e-05	0	2.5	-0.022	2e-05	0
7975	2.5	-0.021	2e-05	0	2.5	-0.021	2e-05	0
7977	2.5	-0.0205	2e-05	0	2.5	-0.0205	2e-05	0
7979	2.5	-0.02	2e-05	0	2.5	-0.02	2e-05	0
7981	2.5	-0.018	2e-05	0	2.5	-0.018	2e-05	0
7982	2.5	-0.0175	2e-05	0	2.5	-0.0175	2e-05	0
7984	2.5	-0.0155	2e-05	0	2.5	-0.0155	2e-05	0
7987	2.5	-0.014	0	0	2.5	-0.014	0	0
7999	2.75	-0.0435	6e-05	0	2.75	-0.0435	6e-05	0
8014	2.75	-0.0335	3e-05	0	2.75	-0.0335	3e-05	0
8027	2.75	-0.028	2e-05	0	2.75	-0.028	2e-05	0
8029	2.75	-0.0275	2e-05	0	2.75	-0.0275	2e-05	0
8032	2.75	-0.0265	3e-05	0	2.75	-0.0265	3e-05	0
8042	2.75	-0.023	2e-05	0	2.75	-0.023	2e-05	0
8048	2.75	-0.021	2e-05	0	2.75	-0.021	2e-05	0
8050	2.75	-0.0195	1e-05	0	2.75	-0.0195	1e-05	0
8052	2.75	-0.019	2e-05	0	2.75	-0.019	2e-05	0
8053	2.75	-0.0185	2e-05	0	2.75	-0.0185	2e-05	0
8054	2.75	-0.0185	3e-05	0	2.75	-0.0185	3e-05	0
8057	2.75	-0.016	1e-05	0	2.75	-0.016	1e-05	0
8058	2.75	-0.016	2e-05	0	2.75	-0.016	2e-05	0
8059	2.75	-0.0155	1e-05	0	2.75	-0.0155	1e-05	0
8060	2.75	-0.015	1e-05	0	2.75	-0.015	1e-05	0
8061	2.75	-0.015	2e-05	0	2.75	-0.015	2e-05	0
8093	3	-0.039	5e-05	0	3	-0.039	5e-05	0
8097	3	-0.0365	4e-05	0	3	-0.0365	4e-05	0
8104	3	-0.0325	4e-05	0	3	-0.0325	4e-05	0
8108	3	-0.0305	3e-05	0	3	-0.0305	3e-05	0
8115	3	-0.028	3e-05	0	3	-0.028	3e-05	0
8118	3	-0.0275	3e-05	0	3	-0.0275	3e-05	0
8122	3	-0.0255	2e-05	0	3	-0.0255	2e-05	0
8126	3	-0.024	2e-05	0	3	-0.024	2e-05	0
8129	3	-0.023	2e-05	0	3	-0.023	2e-05	0
8130	3	-0.022	2e-05	0	3	-0.022	2e-05	0
8131	3	-0.0215	2e-05	0	3	-0.0215	2e-05	0
8138	3	-0.018	2e-05	0	3	-0.018	2e-05	0
8140	3	-0.0175	2e-05	0	3	-0.0175	2e-05	0
8141	3	-0.017	1e-05	0	3	-0.017	1e-05	0
8143	3	-0.0165	1e-05	0	3	-0.0165	1e-05	0
8166	3.25	-0.041	5e-05	0	3.25	-0.041	5e-05	0
8171	3.25	-0.038	5e-05	0	3.25	-0.038	5e-05	0
8173	3.25	-0.037	4e-05	0	3.25	-0.037	4e-05	0
8185	3.25	-0.0315	4e-05	0	3.25	-0.0315	4e-05	0
8186	3.25	-0.031	4e-05	0	3.25	-0.031	4e-05	0
8189	3.25	-0.03	2e-05	0	3.25	-0.03	2e-05	0
8193	3.25	-0.028	2e-05	0	3.25	-0.028	2e-05	0
8194	3.25	-0.028	3e-05	0	3.25	-0.028	3e-05	0
8204	3.25	-0.0235	2e-05	0	3.25	-0.0235	2e-05	0
8205	3.25	-0.023	2e-05	0	3.25	-0.023	2e-05	0
8207	3.25	-0.0225	3e-05	0	3.25	-0.0225	3e-05	0
8212	3.25	-0.0215	2e-05	0	3.25	-0.0215	2e-05	0
8214	3.25	-0.0205	2e-05	0	3.25	-0.0205	2e-05	0
8215	3.25	-0.02	2e-05	0	3.25	-0.02	2e-05	0
8221	3.25	-0.018	2e-05	0	3.25	-0.018	2e-05	0
8222	3.25	-0.0175	2e-05	0	3.25	-0.0175	2e-05	0
8250	3.5	-0.041	3e-05	0	3.5	-0.041	3e-05	0
8254	3.5	-0.0375	4e-05	0	3.5	-0.0375	4e-05	0
8257	3.5	-0.035	4e-05	0	3.5	-0.035	4e-05	0
8259	3.5	-0.0345	4e-05	0	3.5	-0.0345	4e-05	0
8261	3.5	-0.0335	4e-05	0	3.5	-0.0335	4e-05	0
8264	3.5	-0.0325	3e-05	0	3.5	-0.0325	3e-05	0
8268	3.5	-0.031	3e-05	0	3.5	-0.031	3e-05	0
8274	3.5	-0.029	3e-05	0	3.5	-0.029	3e-05	0
8275	3.5	-0.0285	3e-05	0	3.5	-0.0285	3e-05	0
8276	3.5	-0.028	3e-05	0	3.5	-0.028	3e-05	0
8279	3.5	-0.026	2e-05	0	3.5	-0.026	2e-05	0
8285	3.5	-0.023	2e-05	0	3.5	-0.023	2e-05	0
8288	3.5	-0.022	1e-05	0	3.5	-0.022	1e-05	0
8291	3.5	-0.021	2e-05	0	3.5	-0.021	2e-05	0
8292	3.5	-0.0205	2e-05	0	3.5	-0.0205	2e-05	0
8293	3.5	-0.02	2e-05	0	3.5	-0.02	2e-05	0
8313	3.75	-0.043	5e-05	0	3.75	-0.043	5e-05	0
8321	3.75	-0.0395	4e-05	0	3.75	-0.0395	4e-05	0
8329	3.75	-0.0325	3e-05	0	3.75	-0.0325	3e-05	0
8333	3.75	-0.0315	3e-05	0	3.75	-0.0315	3e-05	0
8334	3.75	-0.031	3e-05	0	3.75	-0.031	3e-05	0
8335	3.75	-0.0305	3e-05	0	3.75	-0.0305	3e-05	0
8347	3.75	-0.0275	3e-05	0	3.75	-0.0275	3e-05	0
8350	3.75	-0.0265	2e-05	0	3.75	-0.0265	2e-05	0
8372	4	-0.045	5e-05	0	4	-0.045	5e-05	0
8380	4	-0.0415	5e-05	0	4	-0.0415	5e-05	0
8383	4	-0.04	4e-05	0	4	-0.04	4e-05	0
8390	4	-0.0365	4e-05	0	4	-0.0365	4e-05	0
8393	4	-0.0355	4e-05	0	4	-0.0355	4e-05	0
8395	4	-0.035	4e-05	0	4	-0.035	4e-05	0
8400	4	-0.033	3e-05	0	4	-0.033	3e-05	0
8412	4	-0.0275	3e-05	0	4	-0.0275	3e-05	0
8425	4	-0.022	1e-05	0	4	-0.022	1e-05	0
8451	4.25	-0.0395	5e-05	0	4.25	-0.0395	5e-05	0
8463	4.25	-0.035	3e-05	0	4.25	-0.035	3e-05	0
8467	4.25	-0.033	3e-05	0	4.25	-0.033	3e-05	0
8479	4.25	-0.025	2e-05	0	4.25	-0.025	2e-05	0
8496	4.5	-0.053	7e-05	0	4.5	-0.053	7e-05	0
8505	4.5	-0.046	5e-05	0	4.5	-0.046	5e-05	0
8511	4.5	-0.041	4e-05	0	4.5	-0.041	4e-05	0
8518	4.5	-0.037	4e-05	0	4.5	-0.037	4e-05	0
8533	4.5	-0.0285	2e-05	0	4.5	-0.0285	2e-05	0
8536	4.5	-0.0265	2e-05	0	4.5	-0.0265	2e-05	0
8537	4.5	-0.026	2e-05	0	4.5	-0.026	2e-05	0
8547	4.75	-0.0605	7e-05	0	4.75	-0.0605	7e-05	0
8559	4.75	-0.0465	5e-05	0	4.75	-0.0465	5e-05	0
8562	4.75	-0.0445	5e-05	0	4.75	-0.0445	5e-05	0
8579	4.75	-0.035	3e-05	0	4.75	-0.035	3e-05	0
8580	4.75	-0.035	4e-05	0	4.75	-0.035	4e-05	0
8584	4.75	-0.033	3e-05	0	4.75	-0.033	3e-05	0
8589	4.75	-0.0315	3e-05	0	4.75	-0.0315	3e-05	0
8591	4.75	-0.029	2e-05	0	4.75	-0.029	2e-05	0
8610	5	-0.049	6e-05	0	5	-0.049	6e-05	0
8619	5	-0.0435	5e-05	0	5	-0.0435	5e-05	0
8637	5	-0.0355	3e-05	0	5	-0.0355	3e-05	0
8638	5	-0.0355	4e-05	0	5	-0.0355	4e-05	0
8643	5	-0.0335	4e-05	0	5	-0.0335	4e-05	0
8644	5	-0.033	3e-05	0	5	-0.033	3e-05	0
8645	5	-0.033	4e-05	0	5	-0.033	4e-05	0
8646	5	-0.0325	2e-05	0	5	-0.0325	2e-05	0
8647	5	-0.0325	3e-05	0	5	-0.0325	3e-05	0
8677	5.25	-0.0465	5e-05	0	5.25	-0.0465	5e-05	0
8687	5.25	-0.039	3e-05	0	5.25	-0.039	3e-05	0
8689	5.25	-0.0385	4e-05	0	5.25	-0.0385	4e-05	0
8695	5.25	-0.0365	3e-05	0	5.25	-0.0365	3e-05	0
8705	5.5	-0.071	8e-05	0	5.5	-0.071	8e-05	0
8740	5.5	-0.0395	4e-05	0	5.5	-0.0395	4e-05	0
8743	5.5	-0.0385	3e-05	0	5.5	-0.0385	3e-05	0
8744	5.5	-0.0385	4e-05	0	5.5	-0.0385	4e-05	0
8745	5.5	-0.038	4e-05	0	5.5	-0.038	4e-05	0
8748	5.5	-0.0365	3e-05	0	5.5	-0.0365	3e-05	0
8753	5.75	-0.061	6e-05	0	5.75	-0.061	6e-05	0
8758	5.75	-0.0545	6e-05	0	5.75	-0.0545	6e-05	0
8771	5.75	-0.044	4e-05	0	5.75	-0.044	4e-05	0
8773	5.75	-0.044	6e-05	0	5.75	-0.044	6e-05	0
8774	5.75	-0.043	4e-05	0	5.75	-0.043	4e-05	0
8785	6	-0.06	5e-05	0	6	-0.06	5e-05	0
8800	6	-0.0515	7e-05	0	6	-0.0515	7e-05	0
8802	6	-0.05	5e-05	0	6	-0.05	5e-05	0
8805	6	-0.0475	5e-05	0	6	-0.0475	5e-05	0
8807	6	-0.0455	4e-05	0	6	-0.0455	4e-05	0
8810	6	-0.0425	4e-05	0	6	-0.0425	4e-05	0
8812	6	-0.042	4e-05	0	6	-0.042	4e-05	0
8826	6.25	-0.053	6e-05	0	6.25	-0.053	6e-05	0
8837	6.25	-0.0475	4e-05	0	6.25	-0.0475	4e-05	0
8838	6.25	-0.0455	4e-05	0	6.25	-0.0455	4e-05	0
8857	6.5	-0.061	6e-05	0	6.5	-0.061	6e-05	0
8871	6.5	-0.0465	5e-05	0	6.5	-0.0465	5e-05	0
8896	6.75	-0.051	6e-05	0	6.75	-0.051	6e-05	0
